823.260125
764.126125
796.37175
832.2366875
689.4330625
727.06975
733.788875
754.180625
826.4614375
703.60325
738.3966875
683.9519375
716.9271875
742.3760625
728.744125
754.750375
759.015625
724.397125
720.3443125
789.791
752.8665
699.7903125
722.653875
757.970625
710.1318125
841.277
734.7838125
724.5110625
840.800875
757.4251875
709.240875
775.2304375
766.3071875
755.0505
701.091
734.113
811.9881875
763.826875
766.9809375
775.0985625
742.0201875
831.200875
731.47075
707.5303125
786.8661875
754.911375
889.687125
840.473625
709.1585625
777.9460625
695.98225
859.0456875
918.383
835.91625
797.424375
713.1506875
862.8815
677.6053125
761.1996875
894.288875
773.1391875
778.148625
817.26525
794.813375
867.85325
720.5315
780.975625
751.297125
830.6966875
742.899625
763.83875
835.983625
783.0018125
749.7794375
847.0731875
779.073125
756.5879375
806.5284375
809.2714375
698.5869375
795.7008125
859.6718125
750.55175
735.9913125
736.713875
778.182
748.4271875
767.83425
796.439625
820.0573125
832.199125
803.1770625
814.5258125
738.82
900.203125
823.1284375
785.3095
785.3920625
833.25
846.5016875
811.0264375
801.90725
781.344875
750.6594375
733.516875
755.2284375
781.136125
736.2959375
799.113
825.7469375
773.1128125
768.9530625
750.7031875
879.597625
957.9268125
803.0393125
721.2039375
781.296625
754.4968125
699.456375
760.8444375
759.05
797.7975
745.2828125
711.3885
721.7860625
693.851375
725.802875
730.64825
777.09025
753.097625
751.311125
763.264625
688.668125
738.72825
964.11425
703.05425
757.7585625
820.8444375
743.74825
768.01475
773.3413125
782.0930625
885.212
742.227125
799.7520625
753.6230625
717.7891875
779.552875
746.953125
757.6731875
715.1181875
732.15375
759.028625
824.7641875
798.4134375
833.2645625
696.36775
720.0463125
761.5409375
855.8783125
710.8435
717.300375
731.2110625
955.1616875
884.0110625
710.4100625
751.3628125
834.474125
771.94575
921.2598125
769.4224375
841.5775
813.5324375
685.8403125
760.17175
784.4139375
791.028625
739.8399375
696.8649375
771.8029375
711.0240625
820.6725
728.6945
762.086375
724.741625
796.323875
735.62925
872.99475
882.99225
801.639625
867.09075
783.21325
771.53425
801.940625
854.9939375
778.133125
736.543
714.0268125
702.540125
753.04575
768.1315625
805.485375
733.2374375
693.3865
793.343125
698.588125
817.5753125
744.9488125
757.697125
760.505625
795.675625
781.49275
862.0569375
786.41175
861.7338125
765.6775
750.4541875
762.22025
804.103125
724.125625
732.0444375
819.2926875
810.537
830.8814375
736.710875
784.036375
963.1298125
841.3925
874.657875
748.8155625
742.1364375
701.933125
824.555875
838.8328125
813.1581875
741.7543125
788.95725
721.622125
727.2063125
740.581125
740.87125
746.9078125
840.440375
740.524875
785.0056875
722.743
795.0345625
825.2381875
740.0635625
835.1289375
704.887875
704.2100625
738.8570625
767.432125
721.9565
796.981875
705.12325
770.88875
761.179125
791.2963125
759.0948125
738.3164375
762.579625
809.235875
688.7943125
800.846375
759.9946875
893.6219375
766.6285
731.7616875
730.6233125
781.2501875
724.054375
778.5034375
738.4809375
763.6576875
770.5409375
737.5485
859.305625
800.6588125
785.82525
743.4509375
773.6081875
768.523875
719.664
760.0108125
718.274625
736.04275
736.5715
770.0513125
740.1065625
738.2828125
795.997625
714.7883125
792.3350625
683.8088125
811.1286875
786.9705625
734.920375
736.2894375
770.8569375
709.325625
780.174625
771.74875
801.7730625
750.2230625
801.2656875
874.0143125
837.5093125
715.9455625
850.5634375
745.4441875
777.4180625
758.0156875
843.1891875
741.5604375
943.0465625
763.3288125
746.80375
742.067
749.3385625
796.6789375
748.223875
873.5981875
705.7175
846.531125
756.2775
699.3220625
778.101875
735.907875
733.139625
736.257
669.7601875
743.25275
728.1653125
714.269
756.3061875
808.3218125
800.1086875
799.12575
712.8201875
969.792
767.2775625
770.7134375
820.0138125
794.77375
785.495375
807.9596875
755.846
755.067875
794.5179375
741.389875
788.2304375
732.664125
763.3541875
704.4271875
764.8741875
715.1284375
823.3128125
813.0153125
792.7995625
787.95875
751.9761875
701.9924375
771.0471875
688.866125
720.25825
721.3165
677.022625
780.6073125
864.3728125
786.3745625
734.5548125
795.6139375
782.214875
780.515
764.5003125
726.871375
707.80375
734.2675
836.547875
798.6681875
744.230125
757.8523125
756.169375
767.752625
768.869875
678.7725625
804.792125
805.7483125
810.7213125
762.4838125
793.7911875
728.3366875
774.5115625
771.223
695.901
833.383125
773.659375
714.5105
792.1725625
767.684
732.469
785.1426875
898.9958125
722.198875
846.0691875
697.5114375
833.50825
723.43775
745.56325
886.631875
795.495875
709.18525
791.3833125
722.6105
845.7810625
879.8728125
791.5126875
822.425
802.851375
779.8565625
716.56025
764.88575
778.9489375
760.8885
752.59325
710.7329375
806.1643125
764.388625
786.49825
835.383
772.0589375
743.706125
754.765875
872.055625
724.832
708.9638125
778.56825
758.084
834.8115625
804.102375
854.9799375
757.291375
759.182375
691.133875
774.6996875
706.89625
703.488375
776.7536875
726.53125
670.5715625
816.2285625
748.0310625
690.5706875
707.58375
777.57125
751.2450625
733.267875
688.7665625
779.5616875
885.228
779.6125
715.5416875
728.2340625
767.147
746.5883125
746.2189375
747.9034375
799.9630625
810.179875
867.7003125
831.7386875
746.8105
736.584625
814.720125
787.853125
742.2444375
743.0389375
814.4431875
877.0924375
884.9829375
730.348625
719.8201875
830.8451875
733.842375
731.2749375
768.653625
780.9176875
760.5275
742.413625
803.680875
795.023125
698.2695
778.709375
774.53975
873.63275
745.3456875
725.803625
740.5920625
753.57525
750.2785
757.0465625
777.2859375
768.4760625
734.6845625
737.802
725.4264375
692.281
766.2020625
816.363
732.8468125
760.342625
827.126375
834.5365625
700.03425
753.768875
827.650875
761.7729375
913.2061875
720.4549375
775.2833125
766.43175
756.04575
837.0611875
754.756875
749.7863125
752.43425
852.707875
768.7223125
766.5611875
893.765875
734.90775
817.266
715.80775
798.07225
769.9593125
773.99575
728.51725
825.4350625
739.2624375
747.7536875
809.739125
746.845125
822.221375
774.8030625
810.872625
704.5485
771.4534375
797.858625
705.9276875
733.807
789.7905
713.346125
735.7006875
884.7789375
719.710625
683.5778125
697.8539375
761.110125
821.6453125
791.303875
796.1300625
713.214
777.24525
755.680375
732.944875
880.551875
921.096875
700.597
917.4295
765.2776875
720.6139375
841.1693125
738.4455625
738.0025
727.3310625
885.8618125
1001.1473125
765.843875
690.2863125
777.2808125
846.1874375
716.8714375
804.2625625
747.291375
721.8048125
745.5805625
818.25
834.8935625
732.2454375
823.546625
772.5901875
802.115875
777.9793125
725.496
790.186375
708.9464375
766.7736875
730.39
717.7646875
1001.3624375
815.182125
793.505625
715.209
892.0561875
791.226125
680.1819375
806.8345
739.0349375
748.8789375
772.241875
785.635625
754.6619375
918.78225
700.7424375
861.44025
777.2685625
775.3019375
875.1719375
832.6875625
753.99775
780.9358125
958.5554375
873.6808125
729.4370625
745.7315
794.0738125
744.120875
838.7846875
729.805875
741.6851875
814.724375
707.037875
731.9595
823.859625
782.5736875
761.744875
729.85325
722.575875
727.29575
832.4164375
889.3946875
793.217625
689.233375
731.1401875
766.0100625
698.7505625
702.4005625
722.2190625
724.1336875
815.8198125
838.5189375
711.6523125
736.8960625
694.0950625
792.8833125
820.2079375
741.6631875
794.219
807.93525
708.356625
749.7466875
805.19575
715.8760625
739.8655
764.59925
824.2798125
754.607375
714.4969375
731.421375
787.16825
864.6526875
729.823375
763.8635
715.1779375
757.791
800.3426875
899.1533125
736.8134375
890.12
746.3555625
922.3638125
756.3105
780.936375
742.628875
693.3865
770.09375
719.9726875
793.2020625
723.6969375
720.0285625
715.993625
799.73675
751.33775
866.715875
767.375125
855.7546875
696.324875
754.5383125
879.6129375
745.1044375
702.3058125
879.6575625
744.2075
718.35025
690.9136875
706.775375
697.561375
764.8155625
832.49325
738.8504375
688.564875
743.4015625
782.680125
751.636
785.801875
777.149
735.908
721.9983125
705.1156875
1014.9469375
719.2364375
751.42725
783.595625
944.7374375
752.649375
723.7779375
704.293875
929.0214375
782.089
804.704875
928.7256875
869.4374375
933.1484375
730.1865625
841.0370625
782.1963125
767.0695625
788.928875
880.56125
779.167125
842.296875
747.6611875
792.5418125
853.4340625
731.5926875
748.4061875
736.266875
707.931125
782.8803125
807.2200625
801.2183125
773.2519375
775.854125
731.491
781.5736875
806.748125
825.318625
848.50675
819.43575
755.651625
859.773375
744.4206875
774.1879375
839.6483125
934.1671875
795.152375
720.332125
742.9136875
761.8310625
691.2760625
831.4301875
811.7881875
786.951125
785.497625
732.740375
743.796375
795.2045625
846.079
727.1241875
744.16275
751.611625
804.7800625
809.2635625
784.851375
717.83125
714.2055625
759.1488125
854.7710625
726.3816875
806.38
799.561625
706.3893125
789.8035
765.0984375
834.9533125
734.317375
826.5929375
763.1053125
850.49375
849.0371875
884.2486875
740.0891875
735.9114375
704.3780625
758.1441875
737.9813125
735.412875
717.9750625
741.1336875
979.5131875
762.148375
753.0785625
739.808
752.552
744.4008125
742.172125
717.41775
737.372625
732.774375
921.82575
850.05925
798.65075
818.8495625
745.1640625
698.1343125
877.922125
749.2005
755.8346875
777.839875
733.383625
724.6929375
764.5211875
904.4691875
767.0054375
727.3285625
784.4761875
868.624
805.9505
789.536375
838.3745625
791.390125
873.8645625
752.3809375
775.3711875
686.704875
818.85675
720.947125
692.4016875
729.6248125
821.10125
823.3191875
859.085625
800.1370625
793.127375
719.7135
801.814875
755.5085
832.314875
807.71825
755.198625
726.692125
891.3890625
859.811625
888.273
883.3013125
717.31675
811.208125
813.3773125
752.4119375
780.316875
713.3729375
833.679
826.7091875
679.6720625
805.248625
756.662625
762.300375
979.0035625
800.271
757.4855625
866.1858125
858.7860625
716.8498125
793.128375
725.091875
739.99225
718.2066875
771.8538125
777.2493125
742.792375
749.8374375
711.9989375
806.4840625
743.405625
872.351
744.761125
794.9313125
735.754625
748.9399375
833.5145625
768.4590625
733.548125
767.5518125
749.0503125
774.0240625
702.747875
743.586625
852.49475
738.4356875
719.638625
759.46275
828.6103125
735.722625
877.447625
770.2606875
759.361125
733.2999375
754.465375
815.109
788.1803125
748.109875
697.712375
791.290125
744.9683125
823.1525625
792.2445625
816.69
733.2060625
708.084
784.331375
815.5205
742.6018125
726.64075
739.3655
771.65025
693.6105
712.6139375
793.4744375
880.485625
706.771125
768.59125
718.3028125
800.0915
927.1171875
820.1469375
763.9285625
767.2885
746.99025
747.4153125
751.6420625
863.0961875
780.9943125
793.7398125
749.3875
787.93025
724.7765
785.129375
840.768
779.838
799.0594375
723.6044375
810.4675625
766.497875
804.7483125
796.5178125
730.61225
751.5709375
784.8618125
711.7948125
823.5209375
730.9428125
813.440125
726.2531875
847.3145625
764.2546875
732.8525
785.3899375
748.8649375
753.578
793.540625
805.25175
712.8411875
706.0334375
758.1313125
755.9600625
780.9555625
805.1395625
871.0624375
739.3750625
781.6450625
757.9339375
789.8148125
762.0981875
749.369875
749.3171875
771.8446875
761.7500625
808.4229375
822.9745625
844.8654375
741.3085625
825.628125
747.1910625
768.1788125
771.608625
875.870125
873.545
770.6771875
849.147
816.85925
778.829
767.6754375
787.619375
802.440625
722.781875
754.6980625
759.2836875
748.93475
718.814
758.17575
734.7591875
712.969
840.5334375
702.0479375
822.9621875
794.8493125
874.331125
754.017
712.7225
833.660875
793.3503125
737.48575
736.356625
805.8635625
828.588375
731.7834375
712.3575
759.82575
757.3350625
755.722375
747.5110625
692.737625
805.0658125
1002.6721875
762.6873125
798.265625
702.700875
784.3678125
732.908
754.663375
746.713875
684.18575
754.226875
753.1223125
760.8296875
909.8945625
732.28725
771.5249375
801.204
725.381125
723.5085
825.87825
865.810375
754.6346875
844.887
741.5760625
840.20225
686.457125
731.882125
821.2234375
798.472
785.419875
769.62375
775.8905
857.4850625
706.3605625
794.2495
807.64325
764.69225
795.1709375
791.21
854.2971875
783.1075
731.8646875
776.7324375
753.212
808.6848125
743.8305
726.644625
913.776
757.711625
863.566125
735.532875
784.8741875
837.1091875
807.0318125
726.3185625
914.312875
763.5110625
857.94325
744.3935
794.25
763.7700625
760.9245
773.32175
741.162125
766.98475
704.9915
777.6103125
803.0080625
733.6155
726.659125
775.418
870.3856875
710.080375
711.71375
771.293375
720.550375
716.5555
722.0145625
722.7365
766.84225
769.576
783.366125
766.8994375
752.384875
804.208375
856.424875
760.0370625
826.6561875
787.0245
727.520625
733.1765
846.577875
716.636375
696.257125
710.591125
786.2419375
847.09775
788.6546875
754.1871875
834.614625
812.669375
796.1855
852.2870625
747.5049375
883.4624375
903.6628125
707.72725
724.0665625
734.7441875
775.2608125
710.6363125
887.0615625
742.851125
830.3655625
725.075375
721.6921875
796.420625
750.790125
860.8705625
888.7598125
753.8014375
789.6604375
783.52475
817.0785
711.61275
790.6623125
764.684125
684.4355625
771.149375
798.979875
787.53975
769.4378125
800.8794375
760.276375
879.9643125
744.1393125
719.2924375
724.4654375
762.48125
770.130125
766.8184375
820.4768125
744.3438125
783.4700625
818.807375
751.202
935.407
834.7798125
722.3634375
951.586375
748.1981875
745.9515625
734.0015625
695.251375
887.12725
750.632
701.4181875
767.893
778.088875
731.2980625
702.21525
696.011
752.5223125
745.7839375
734.6060625
748.88425
714.899375
812.47375
784.26225
817.7993125
827.2821875
808.6753125
862.059125
880.0925625
782.2824375
684.4123125
792.0181875
744.95575
686.4504375
857.5963125
737.6806875
720.783
816.5466875
869.2265
775.9069375
755.785375
726.4110625
770.6701875
712.5944375
705.6190625
753.1965
757.35275
867.1636875
720.9890625
731.31575
704.9516875
755.1965
787.5089375
778.4333125
780.6268125
768.80475
700.976125
776.66725
841.586625
768.7801875
736.8465
846.2215
735.023
716.1855
859.5155625
906.717
918.047125
821.107375
806.923125
775.3595625
859.5443125
752.122625
735.3863125
825.823
786.2129375
758.8145625
790.0291875
742.51425
804.528
774.14025
870.983
739.3841875
727.76
821.08525
728.9255
748.1644375
874.41375
750.4115625
770.946
753.2566875
763.2199375
763.0805625
810.7465625
783.215875
903.501875
990.5748125
788.3301875
775.7801875
822.5678125
708.9306875
750.81375
771.359625
777.8033125
740.528
808.537625
726.1890625
719.8284375
756.7250625
762.299875
741.995
747.629
753.8814375
671.8406875
732.15275
717.384875
661.9146875
928.7841875
730.696875
790.1796875
790.4841875
741.40075
747.3335
802.732375
843.9990625
764.2168125
777.862
899.1155625
732.49925
781.633125
718.960125
785.1566875
847.129
812.147875
775.7165
755.6994375
796.4886875
807.401625
800.514625
843.884375
728.8765625
715.302625
741.39375
910.321125
810.411375
726.2785
833.9018125
903.7839375
722.7968125
815.0891875
820.4953125
762.0890625
889.76975
784.7805625
748.2115
822.7655
753.4106875
748.0448125
800.3690625
759.2204375
792.4353125
793.2123125
703.8125625
873.00325
730.016
807.1313125
700.876125
727.876625
712.0008125
705.033625
1143.298375
736.6149375
890.0176875
730.255625
720.7959375
870.73075
754.2560625
969.7214375
755.469875
723.9844375
765.099875
722.1105625
861.059625
762.5804375
792.1930625
741.652625
842.399875
772.791125
798.7715
758.9459375
692.8365625
788.50775
727.518875
811.63125
788.307625
752.9386875
749.08525
744.8973125
730.5955625
819.35325
787.9795625
750.46275
805.3573125
804.5863125
807.216625
786.7511875
707.2384375
794.533875
806.8465
727.4280625
742.23875
762.3290625
836.9515625
771.162625
755.4699375
749.130375
726.622875
764.2248125
726.7866875
715.809
789.987375
742.9449375
717.6819375
748.4048125
819.17475
793.7225
859.3329375
734.620625
699.95475
782.4776875
769.0778125
735.8226875
746.547125
785.740375
761.1971875
898.846125
812.8920625
779.3413125
809.9635625
890.806125
791.0216875
749.43925
743.5120625
762.2688125
730.8706875
807.17075
818.344375
756.458
768.984125
896.5560625
714.09425
723.8414375
790.9930625
877.2830625
683.3939375
716.1045
730.2953125
709.1243125
789.2346875
755.4485
745.456625
696.631625
765.56025
758.884125
785.3178125
838.1060625
741.2713125
719.6578125
791.7635625
693.1933125
731.6353125
771.7144375
847.484125
818.600875
768.2859375
748.3470625
809.2955625
813.94925
829.168125
822.17525
731.2765
823.8401875
811.209125
768.046375
905.8249375
815.03425
805.352875
822.8685
776.872625
803.9878125
749.63575
760.564375
715.4205625
799.3438125
738.8850625
835.2364375
782.0579375
749.1426875
713.3679375
794.0555625
894.92875
789.0436875
801.4101875
740.255125
789.591375
730.01475
787.288375
846.9926875
733.040125
861.196375
695.7709375
815.4965
830.907625
725.99325
966.0583125
761.5090625
796.5533125
762.3599375
757.8099375
831.3166875
759.6706875
728.6195
769.6196875
834.789
808.4753125
743.4619375
705.864875
788.9005
807.8095625
867.6938125
729.6765
718.8953125
735.336375
757.58075
778.696125
781.074
793.5774375
762.01175
772.2645
775.949125
775.734
740.3266875
842.540875
795.2339375
712.5645
780.491375
948.291625
742.6090625
695.54175
738.151375
770.9283125
783.08775
717.9706875
760.5221875
747.51375
723.2669375
768.3609375
824.2886875
788.6666875
763.0129375
760.7614375
797.0214375
766.006375
709.6356875
770.0769375
717.668125
715.418125
754.99875
714.700875
799.9058125
741.01725
731.06475
811.9755625
880.946625
796.343875
750.86375
784.5944375
740.6363125
804.568375
807.4729375
751.804
808.650375
757.3785625
713.155
830.07575
790.693625
682.7793125
773.648125
924.988
727.521125
694.8683125
800.5136875
832.2604375
746.834375
753.3784375
815.79
751.871
849.9129375
782.2391875
717.1338125
797.4533125
711.1146875
797.494375
804.640875
719.2843125
922.83775
886.46475
801.88875
807.9439375
775.4564375
752.7940625
753.887625
694.5995
731.007125
749.8571875
721.565875
836.3309375
856.080125
697.5175
790.0675
741.8188125
858.1946875
734.61725
1044.033
749.833875
761.1071875
741.2298125
743.99425
905.445875
910.5826875
739.235
732.673
742.7473125
776.9773125
816.447625
752.23775
736.798625
778.3831875
813.8516875
733.5465
712.2646875
779.9340625
713.322875
767.2973125
862.27525
776.7705625
760.428875
759.9461875
788.753125
728.9595
728.656375
859.053625
735.2575
750.3720625
749.722375
787.0158125
788.9478125
757.5866875
738.6914375
729.4305625
717.1058125
733.0058125
841.0965625
776.5716875
822.330875
795.9171875
767.117875
744.3498125
802.7894375
832.3770625
848.6026875
758.12825
729.2066875
719.527625
687.4586875
804.695375
771.5625
708.5971875
735.1595
770.1498125
767.3725
718.6408125
879.94475
784.3418125
700.1843125
795.3280625
760.934875
705.5366875
811.94025
708.66775
798.37675
745.7183125
779.5688125
766.8195
782.2593125
767.3951875
807.351875
918.7880625
785.6655
851.5818125
753.1975
774.2225
812.73575
778.080625
814.142
856.745625
707.9331875
822.371875
751.6389375
771.3966875
859.1239375
756.16575
703.137125
845.98775
796.454375
790.33075
879.5016875
755.843375
776.06575
760.67775
825.9363125
789.72125
739.589
777.194375
912.790875
719.8048125
734.6304375
729.5990625
954.4930625
699.6445
769.1946875
785.2165625
828.848625
777.284
810.283375
818.32425
737.483625
775.23675
765.8235
809.794375
822.3649375
769.5959375
695.2335
774.5085625
717.8085625
825.748125
930.7446875
743.1505625
847.3469375
766.2208125
874.0503125
758.852375
805.042
716.8564375
732.2685
724.5399375
863.908
771.233625
753.789375
763.5811875
784.3315
747.943625
738.0910625
855.80075
893.693625
819.3615
781.622625
896.393375
750.3560625
766.285875
739.27475
750.389125
770.796625
744.7745625
742.0188125
767.075375
782.016875
686.9664375
833.857625
815.9905
927.765
728.8150625
757.1955625
753.787875
755.046375
786.8253125
769.010625
897.282625
738.607375
787.51325
823.135
818.32225
706.6030625
890.55925
702.208
791.70625
790.423375
732.1843125
783.3385
808.567625
707.708625
771.587125
723.6930625
904.8168125
807.575125
728.267875
711.9945
847.1530625
726.95525
698.495875
746.4594375
794.16175
847.775125
907.7849375
953.1668125
755.9525
768.08475
758.0778125
764.7329375
745.6350625
902.828
922.24725
877.0616875
823.2625625
869.4996875
790.643875
766.4055
717.7793125
864.6059375
679.40775
693.8783125
750.6340625
729.7806875
729.4071875
766.320125
797.82675
714.70775
718.871625
789.2410625
810.54075
930.7914375
768.225875
717.4735
746.7839375
774.747375
692.7935
705.7689375
825.0875
739.673375
770.89475
750.4365
758.44725
697.111375
770.64575
835.066625
741.212375
722.4579375
725.9603125
734.1510625
744.1195
774.6203125
779.5813125
737.152375
728.956875
842.063875
744.272375
786.8771875
858.33425
705.8949375
746.633875
827.2793125
789.926
725.5160625
686.684375
803.0905625
783.648375
760.4833125
823.5615625
855.9074375
779.3978125
761.05
786.296125
726.918
774.3458125
811.5033125
764.0533125
755.09725
791.715875
764.8380625
777.87675
751.5270625
754.624625
749.1731875
783.124625
728.1359375
713.04775
733.257875
798.1155625
788.3978125
737.2296875
739.31875
755.2961875
759.792625
863.65025
740.0538125
737.44875
728.670375
811.4
717.76
813.8205625
777.6283125
850.977625
880.667625
711.67825
746.46525
731.50825
738.5761875
832.6056875
761.3823125
732.697875
715.680125
748.269625
812.73175
880.97525
726.1968125
887.63
1091.108
768.1103125
703.2956875
709.47775
712.9503125
743.2764375
734.1343125
798.948625
828.534625
791.852125
938.308375
764.453375
797.5873125
773.86925
860.6241875
754.0228125
793.9276875
716.695625
810.514625
809.7284375
827.5145
838.5249375
782.457375
780.5668125
936.567375
719.524625
803.373375
858.847
726.452
825.2506875
800.4199375
800.3310625
762.2398125
757.76625
783.2573125
790.5656875
709.68925
793.7631875
765.795875
792.789125
729.164875
731.7715625
754.247625
814.4525625
753.1129375
740.517375
703.5295625
765.876875
752.317125
778.3619375
759.6216875
817.9545625
819.6011875
802.52075
751.3961875
784.9025
749.207875
786.7341875
767.316625
818.326125
765.3243125
920.282875
799.5963125
771.2524375
682.5424375
775.5358125
716.7169375
734.3386875
761.07175
846.6074375
791.336875
712.5381875
772.870375
791.8985625
741.4020625
788.0488125
689.6045
826.8200625
790.0025
724.2299375
822.3495625
761.37175
736.6655
830.6473125
878.6974375
797.945125
735.9941875
724.0020625
758.1790625
749.6446875
803.4816875
794.3664375
788.458125
832.1216875
708.0939375
836.195125
806.54475
860.515625
773.5226875
771.2933125
712.739625
779.4276875
740.9459375
780.03325
832.99675
990.3361875
955.0320625
879.4339375
695.513375
745.749875
786.9999375
849.5400625
741.812625
729.183625
801.8708125
795.61475
875.615875
805.8763125
762.5355
805.002
815.8039375
807.52225
792.7706875
813.11725
812.9973125
842.754625
697.945
844.6751875
759.200375
790.177
786.85875
808.0253125
761.933
711.8928125
830.7181875
740.6516875
718.82625
727.881125
815.7225
721.6180625
729.1241875
784.6116875
906.696875
822.70475
800.8404375
899.743
808.5425625
828.2818125
786.016125
768.3935
794.74625
741.433625
834.13625
894.1891875
736.9909375
925.753625
755.03425
779.861875
679.653125
710.085375
774.5338125
747.8265
772.5915
749.849375
792.149125
808.9635625
805.8729375
814.7785625
833.81275
767.999125
813.724875
807.97525
725.6943125
750.9578125
794.127
856.894375
683.5120625
780.89225
704.7763125
753.045625
829.8756875
873.3514375
832.7235
733.337125
717.6468125
795.7408125
794.5619375
699.466
733.0978125
865.5105625
673.8489375
817.378625
721.659375
835.87125
761.734625
701.1155
854.838625
772.146625
755.57525
699.855125
806.246125
760.94025
762.0628125
896.2571875
823.106125
715.8110625
763.77475
782.99675
724.9569375
829.5644375
749.0244375
812.1429375
788.96175
693.444625
714.5005625
805.0263125
766.5176875
950.0199375
750.0864375
734.951875
751.7964375
728.4276875
722.6759375
705.0056875
782.265875
820.203875
751.315125
815.6236875
742.1838125
723.3015625
773.5944375
809.8689375
1061.18025
898.2121875
770.4558125
776.1953125
729.4248125
713.898625
686.14225
700.697
808.50675
782.9654375
820.649625
781.2914375
744.721625
743.21675
746.7601875
761.278125
715.54875
786.9196875
768.4129375
736.106
708.8039375
770.737
794.5039375
798.725875
812.01375
763.2975625
764.1275
708.933125
723.58925
729.4465
730.56
729.4968125
753.1825625
775.3546875
802.4158125
861.1325
752.845
737.8694375
830.416375
795.07825
701.2674375
759.306
736.2969375
739.4545
734.07
710.091375
824.802375
731.1556875
724.1225
755.597625
781.54425
768.044125
727.0336875
721.9305
753.099125
968.6830625
702.19625
784.922
853.6709375
784.9294375
805.9103125
845.165125
893.041375
840.6358125
898.3081875
769.7085625
789.8591875
729.637
760.685375
820.0299375
740.605375
709.500875
763.8175
772.3395
778.072875
705.5435625
744.4264375
689.131125
808.8735
788.7170625
783.5495625
838.7616875
871.947
715.3340625
768.14975
740.221
755.2099375
877.3550625
744.1921875
728.08275
817.634375
798.1093125
707.700625
790.1660625
810.201375
773.74475
789.8375625
698.26325
895.966125
798.458375
754.1235
705.4275625
777.583
722.7989375
714.6225
841.0160625
830.8550625
900.79925
845.9640625
912.3686875
798.9933125
763.82425
763.343
702.0136875
818.2291875
731.6756875
729.6576875
773.0985625
799.7923125
718.00375
744.62875
709.332375
725.0193125
731.8454375
780.1465625
760.7543125
727.5706875
790.6259375
810.3525625
857.345
905.3133125
701.1838125
935.105375
811.2916875
778.6409375
728.4888125
716.511
758.215125
757.38825
756.427125
755.7636875
742.46375
834.823375
838.791625
703.0763125
777.203125
720.087125
808.558875
762.9610625
811.4866875
742.3535
737.1459375
830.1770625
736.765875
742.443625
720.3309375
725.9073125
748.516125
749.8569375
810.7675625
772.9836875
739.57475
787.028
704.2178125
739.1985
887.5901875
760.7649375
718.6688125
740.306125
826.176625
786.0603125
773.543875
707.5000625
774.807875
737.8029375
768.484125
825.077125
779.621875
806.8416875
765.0934375
782.9231875
757.1779375
713.077
771.77125
837.820375
764.9188125
780.24225
692.913
730.484625
745.4941875
740.3555
768.472625
710.1960625
778.91475
753.237375
819.7270625
760.7295
695.505125
705.910875
818.036625
727.83
886.2769375
749.40825
765.6924375
772.75475
775.829625
850.1580625
762.493125
794.2108125
734.044125
805.4454375
911.5911875
842.576625
693.907875
809.1243125
797.0495625
859.5998125
749.186125
815.2775625
759.1909375
791.73775
800.17925
719.7843125
809.6948125
683.204625
713.336
834.45
841.927
722.494
752.1866875
735.5324375
774.3805
808.5796875
785.3988125
865.2180625
745.573125
746.33575
717.8811875
718.840125
836.6733125
756.3111875
737.9849375
798.3598125
855.485
790.543875
697.61275
787.08675
752.054875
786.39325
930.7298125
729.496125
823.0295625
788.328875
856.173
827.255625
732.7266875
751.31825
728.3439375
865.5633125
711.779
760.4941875
750.401125
715.071375
858.01775
684.9405625
771.7534375
794.0574375
766.7258125
810.03225
747.5574375
750.3028125
800.8045625
803.4093125
884.8375625
792.6131875
950.1975625
923.5550625
734.893875
684.3466875
785.648125
778.466125
895.2281875
744.3975
746.3933125
746.6019375
757.241
774.8866875
814.6218125
769.8433125
917.484625
809.7465
735.4596875
783.4936875
765.7094375
791.055375
803.231125
737.3915
836.8435625
737.2338125
720.8205
780.1841875
766.293875
780.0838125
700.669375
703.3123125
741.1153125
753.7565625
800.57375
745.5118125
775.5166875
892.4650625
766.655625
783.56675
835.4761875
738.2568125
732.0928125
865.16075
779.436875
768.59025
743.5758125
830.09475
787.0945
810.4305
764.7978125
822.4835625
791.466875
700.9215
761.1944375
756.663625
794.122
797.1510625
720.4995
736.3764375
727.4884375
755.34825
801.2898125
715.6514375
842.4443125
878.3758125
755.5299375
758.716
856.66575
783.6249375
772.0156875
806.959375
739.3855625
794.4483125
772.784
721.263375
741.5015625
766.7136875
811.5825625
822.7009375
930.7171875
743.9905
724.3655625
873.7589375
732.194875
721.0201875
732.45875
890.0066875
746.551
754.0676875
812.5225
911.3884375
782.2113125
773.32525
865.423375
790.72975
790.353375
823.4495625
723.8195625
796.673625
817.3505
776.9441875
743.264
761.408125
735.5664375
721.139375
760.2935
764.3726875
1023.9198125
769.4956875
733.7300625
747.7099375
871.8409375
794.5195625
786.0596875
770.4534375
736.7398125
739.2381875
798.2450625
798.6779375
726.7251875
752.4056875
859.14775
849.9524375
738.70025
793.2588125
805.6895625
1042.816375
764.1316875
734.2448125
726.126625
854.6198125
835.65525
846.550125
785.6925625
731.5963125
747.9755625
790.9838125
817.7838125
748.5753125
832.4111875
742.73775
896.478875
730.839375
769.3264375
772.6811875
843.609625
835.2680625
799.2784375
763.28925
759.222125
709.32075
708.7326875
708.4993125
1082.655625
1013.912625
830.765
804.4165
805.4291875
727.5484375
835.6126875
850.878125
903.1213125
734.60475
714.1326875
703.7974375
710.907875
742.846375
931.076625
811.02825
816.3744375
782.38
873.554375
752.137
807.9454375
751.03175
766.128875
697.6515
823.877125
880.498
738.746625
739.6325625
738.896625
790.804125
782.1216875
693.383125
763.26725
772.2059375
758.5793125
758.3590625
778.4533125
818.92475
777.1025625
704.407625
759.686375
721.3898125
779.9745625
736.510875
782.8230625
708.5068125
916.229
785.4850625
697.594125
803.0316875
828.334
812.728
731.852625
903.10725
728.8789375
751.6013125
864.81
873.128125
800.516625
775.74975
744.891625
752.7330625
808.443
839.8333125
752.5920625
715.6095
806.189
843.4770625
835.1068125
765.1558125
792.17225
793.5098125
755.472375
755.17525
751.4511875
744.7989375
715.8468125
732.9075
908.10375
799.7871875
836.186625
738.435125
725.6944375
746.1911875
759.9834375
704.6185625
874.691
706.409125
722.3711875
793.786
813.613375
821.8788125
746.217625
733.962875
766.0376875
717.9644375
718.3031875
776.0916875
756.0138125
979.2520625
840.292375
803.5033125
740.2634375
773.072125
831.5478125
787.4389375
741.65225
796.5721875
692.638125
871.6535
803.094
846.8779375
817.836375
812.7845
744.35275
765.76725
740.888375
798.331125
840.7605625
672.7625625
806.8378125
739.9758125
1018.89225
795.80225
782.20925
695.147875
751.3418125
873.6735625
716.421875
786.1490625
758.5748125
774.0775625
708.587875
781.4124375
770.14675
749.7975
719.929125
768.6213125
842.0183125
726.5973125
737.1618125
826.718375
721.3485625
729.552125
804.744125
793.294125
730.6489375
765.172125
860.34125
770.5085
816.4779375
779.6026875
751.675375
765.317125
834.6461875
771.120125
826.701625
793.0299375
753.819875
758.41075
796.1343125
749.39875
734.8264375
749.9504375
800.6020625
733.211
922.8745
907.485625
747.511
886.2844375
711.961875
767.49775
779.77575
818.4384375
848.5975625
766.4655625
789.7648125
759.1110625
711.6418125
699.6518125
758.7123125
802.63025
786.631875
802.7094375
911.83525
850.545
788.712625
780.9128125
809.9863125
739.9020625
697.1691875
795.56375
707.324875
804.6358125
730.0125
775.9598125
864.8918125
782.7160625
724.082875
780.345125
772.04175
791.2270625
703.5644375
747.1766875
742.6185
718.42675
746.0520625
781.1286875
759.31975
734.1318125
710.1711875
768.9325625
772.17675
841.0184375
722.173125
684.648125
804.9643125
687.2895
726.6033125
714.3308125
733.7936875
770.2598125
694.217625
807.5261875
819.1581875
808.221125
775.544375
725.89875
772.38825
753.2445625
821.0704375
763.5158125
736.3964375
740.10425
782.516125
792.99025
734.6678125
751.39225
756.32875
805.8898125
809.02025
789.5495625
793.29125
707.9926875
793.0289375
837.15825
782.9490625
826.5100625
834.074625
746.2376875
885.639375
836.5880625
725.6225
722.740125
818.8934375
774.931875
852.061
706.5376875
796.5986875
751.926625
804.4045625
737.380875
786.7523125
757.7395
733.8743125
820.519625
811.290125
847.4288125
715.796625
775.325625
742.3914375
713.2295625
780.24275
804.700125
780.9768125
715.104125
715.824125
724.2628125
789.35825
827.2704375
735.7078125
795.735375
815.0938125
773.7424375
765.0121875
790.237375
816.7535
719.141625
752.2425
775.175625
726.616125
775.1846875
998.5356875
843.02625
757.584125
768.2461875
727.465625
755.008875
713.711
696.5171875
726.7709375
702.542125
709.3889375
798.1018125
785.3883125
749.571625
792.7348125
759.686
780.1486875
758.30525
753.5483125
781.3598125
832.5876875
798.964125
799.40975
803.1066875
771.99
772.0528125
725.923875
733.511875
820.8305625
750.0389375
824.7295
756.322
722.8724375
852.4018125
792.1840625
794.706375
759.46125
792.4371875
791.146
668.724
683.3786875
790.701875
792.7123125
841.3636875
763.299125
753.952625
883.759125
968.016
722.367375
763.56575
782.7663125
808.6173125
740.45625
747.709375
809.9545
796.477875
755.5324375
783.591625
709.1748125
758.981625
776.7055625
726.6985
747.666625
741.18125
805.244125
777.41875
752.83725
805.2556875
756.726625
776.5335625
762.0454375
746.5814375
823.042875
747.6315625
919.81875
732.8718125
762.0141875
753.7579375
901.189375
724.374875
784.8374375
788.813125
877.8868125
742.9780625
739.8048125
727.8609375
871.8385625
737.98075
798.0124375
754.8600625
791.6038125
722.609625
779.221375
730.76025
698.9220625
710.0254375
744.41175
788.0246875
730.618
729.992125
774.076
739.97575
762.67625
697.0855625
719.542375
702.181875
771.8419375
760.5491875
721.141125
737.389375
716.969625
746.8156875
760.6623125
821.3100625
791.2354375
779.1543125
818.7450625
736.662375
802.8115625
727.1985
713.7431875
700.6618125
743.944125
693.6364375
708.9951875
771.7075625
776.456625
761.1360625
723.1430625
793.5184375
813.25025
729.738375
759.7310625
766.4005
