711.7536875
1011.6131875
684.5624375
778.1125625
748.57675
752.5515
716.6970625
817.911125
843.7504375
733.2501875
768.24775
725.15575
777.5691875
775.468625
713.7520625
793.25075
773.596875
777.6721875
758.6428125
795.96975
754.077
823.7026875
777.581875
712.25425
891.13525
815.0686875
684.6644375
908.69875
764.784
808.5301875
759.422
797.69925
744.450125
699.606125
777.48725
794.2381875
778.64575
745.24625
791.07
821.3650625
760.568875
786.105125
714.251125
763.79725
774.750625
782.3525
811.8215625
771.381125
743.180625
779.91475
774.3698125
705.1025
843.9789375
735.8464375
721.0815
745.0249375
789.75
698.3073125
746.6235
796.90775
783.406625
754.8416875
879.569125
891.6646875
731.1315625
712.337
819.0113125
812.5185625
687.9589375
854.360125
724.2515
854.324125
773.60575
713.4890625
833.60425
881.07075
793.067875
760.6046875
814.7900625
722.1721875
765.1075
842.372375
791.8124375
741.09125
802.4945625
775.00675
799.59475
777.10175
798.143375
725.50925
864.911125
752.3973125
763.847
810.218875
771.7669375
720.7805
769.1153125
792.482875
963.5145
913.8115625
762.6918125
733.3900625
743.41625
768.1960625
746.2875
842.435625
805.667125
742.6426875
750.2478125
718.0135625
726.258625
808.7681875
769.6301875
799.1238125
769.25225
740.427
756.544125
795.1158125
820.253
789.245375
794.217875
705.01825
697.4156875
765.075875
754.0875625
720.3764375
817.2429375
729.396
697.0685625
799.203875
738.4313125
736.799
749.0418125
725.6414375
1061.8615
750.42075
695.3860625
757.9295625
818.5066875
938.67025
744.3035
778.0075
711.6170625
718.206
701.750375
784.0080625
902.477875
831.30175
776.53125
759.213125
755.444875
739.67975
795.2885625
811.1679375
750.45975
758.1501875
807.92475
745.3956875
870.625625
756.67275
912.9344375
725.385625
831.2479375
737.4323125
744.586875
791.812625
705.5850625
904.6655
702.886
775.4436875
777.8311875
723.128625
737.8290625
734.176125
824.2776875
741.5416875
742.47725
791.93575
749.0345625
790.5868125
760.5550625
725.42725
795.1604375
842.907
756.4350625
766.682375
728.27225
820.4459375
748.2976875
816.5283125
723.0835625
770.234375
846.059375
744.7820625
748.2376875
805.1866875
685.112375
802.198
797.492375
739.291625
747.345375
761.6676875
758.7324375
739.740875
800.9330625
763.2223125
727.141375
748.7865
765.4668125
769.0595
727.51375
789.327875
731.081375
712.7873125
755.7819375
842.969625
894.846125
768.319125
787.153875
738.2190625
902.208875
792.1264375
855.94825
720.8694375
844.436625
828.70625
813.702875
1059.8135
741.108125
706.1706875
694.7326875
696.131375
773.4335625
769.78575
806.0375
918.35
776.4436875
734.11875
782.8958125
755.3139375
719.3431875
769.2050625
762.7299375
756.7516875
774.0905
705.174375
773.1210625
748.970875
745.22125
887.4770625
773.2139375
745.610125
847.1358125
723.4440625
723.6913125
728.4633125
945.1098125
729.47475
725.671125
848.39475
933.670375
891.6883125
877.0094375
747.722375
838.8905
736.8799375
710.0971875
855.264375
717.9844375
806.9045625
837.830125
798.1204375
810.532875
769.3904375
768.81025
769.03825
779.6736875
754.162625
760.985375
831.7370625
815.8435
883.0540625
794.1449375
753.187375
790.2801875
743.5104375
810.669125
721.962125
794.6243125
783.2953125
739.647875
808.083375
824.502875
725.5266875
727.3795625
701.1505
713.8768125
723.051375
788.249375
714.5281875
710.5473125
712.1999375
727.6455625
773.33325
699.8591875
776.6828125
744.324625
741.554625
744.6358125
734.5071875
742.0493125
714.8799375
800.6425
799.8415625
796.9698125
750.606375
759.93875
723.5504375
727.78025
759.9680625
762.4003125
798.0483125
778.5945
808.709125
740.776875
795.534375
712.1739375
712.2604375
748.86575
817.7460625
766.1973125
782.938125
809.0785625
781.890375
861.56225
743.5240625
741.8678125
807.1473125
851.1833125
777.99525
736.653375
802.331875
723.19
841.2765625
711.8968125
828.747125
774.6000625
701.6134375
745.39625
711.338
790.21025
750.50825
864.5025
882.4165
855.6889375
850.111625
858.4861875
790.99675
745.5315
757.2613125
789.8460625
820.2323125
685.6214375
782.3955
896.373875
987.023375
827.065375
729.242875
726.3755
773.8078125
765.1413125
709.95125
913.7001875
723.7169375
878.8655
838.103125
751.5955
762.3415
857.526625
814.6570625
753.6924375
756.9458125
762.357
805.5838125
773.3876875
795.294
717.9948125
806.387
749.07425
831.9249375
719.8449375
791.3065
739.3213125
939.2916875
769.2468125
824.6876875
823.6403125
778.7265
822.8396875
784.5803125
778.0005625
809.1535
931.18275
796.1459375
767.2001875
783.223
896.0794375
766.199625
701.3941875
836.1660625
775.733875
801.9205625
774.2941875
813.505625
764.9803125
965.981375
690.7985
870.5551875
726.466625
735.602875
745.6785625
716.610375
816.022125
775.7221875
766.808375
715.3380625
720.5865625
741.0731875
724.34175
993.4310625
783.6456875
806.390625
716.8466875
741.756
755.752875
1138.038375
833.86375
740.6129375
732.8760625
818.4975
719.1296875
747.0326875
991.7909375
779.550625
711.99725
749.133
992.70875
769.9733125
729.5458125
943.244
788.0359375
905.1418125
820.2349375
759.0825
797.1026875
746.4024375
810.8084375
792.1796875
746.657125
834.4161875
678.331625
798.588625
746.2571875
898.042125
777.402
679.348
814.8105625
730.8270625
786.6746875
713.29375
815.8700625
773.55625
732.8325
814.0358125
833.6623125
704.8256875
839.897875
702.841625
786.9643125
786.795125
859.770375
827.4341875
784.5200625
819.3358125
772.9085625
927.1578125
771.9135625
744.3586875
820.51125
924.1148125
748.3429375
763.2193125
743.6080625
750.620875
753.73975
699.81825
805.18825
852.779625
798.796375
837.501875
771.0495625
763.54425
766.208625
722.2333125
858.2244375
871.3291875
790.2225
681.28975
816.305625
714.8785
741.01375
830.31175
780.5144375
733.4815625
720.2680625
791.2975
811.1755
795.1868125
853.146125
896.8575
734.7205
759.7805
801.2200625
805.8545625
825.285625
775.3926875
752.8595625
771.37575
721.244375
854.5850625
698.465375
780.7511875
692.4574375
784.5075625
813.363875
755.473625
961.5035625
830.0685625
720.3735
843.511
742.649
686.184625
710.909125
829.444375
794.7949375
695.0530625
841.743375
825.6484375
750.37675
800.7569375
811.4895625
827.8660625
782.35225
835.8448125
740.0255
774.6305625
742.2953125
730.8639375
778.37275
733.946375
828.281375
858.02025
721.6323125
737.937
817.73825
751.83975
746.8334375
705.2274375
720.407125
750.61425
777.5919375
851.7586875
766.3119375
732.435375
738.0858125
796.0795625
701.4729375
769.9538125
698.3135
795.96675
805.5375625
788.3631875
749.090375
755.4405625
772.9681875
846.9705
764.7296875
911.6825
743.8143125
812.3775
823.5948125
688.992875
758.186
915.7858125
749.6984375
726.8445625
806.0993125
833.429125
731.8229375
706.5126875
728.2005625
768.370375
814.5185625
771.9824375
760.5525
877.3593125
786.177875
754.324375
862.85175
695.3208125
842.3236875
822.6781875
805.002625
778.7185
774.3285625
857.4573125
802.9955
772.18525
752.610125
748.770125
943.0725
731.8031875
823.9953125
800.9478125
891.1225
717.868875
964.929875
735.6280625
765.1581875
736.3380625
950.5355625
792.834125
721.2506875
750.059125
718.860875
710.2869375
768.30025
704.3614375
800.293625
716.738
693.9015625
770.9364375
839.7295
790.601125
752.1709375
788.414375
822.0384375
907.985625
750.472
751.20875
828.510375
728.686375
753.0081875
712.8335625
747.852
705.4841875
721.8360625
936.332625
718.4644375
760.715
827.3983125
695.938875
827.1183125
767.23525
751.028625
734.6935625
772.2265
787.827875
700.3075625
744.189
745.9004375
780.4826875
791.8303125
1089.55825
768.8371875
778.3155625
703.44025
777.3519375
743.179375
808.17675
739.4515625
716.6354375
786.1104375
768.871625
732.6051875
798.523375
825.9769375
776.1116875
748.471
784.106625
695.388
734.617125
782.900125
826.230375
874.4523125
697.6196875
791.449
749.0386875
776.0628125
701.6724375
783.8216875
756.9660625
824.852375
758.08675
948.1925
898.1794375
891.2163125
865.707875
848.827
783.9848125
724.9406875
859.4906875
1054.653875
898.5954375
759.478125
819.989875
751.2050625
846.7861875
807.6685625
737.2701875
746.3744375
754.9770625
841.3595625
742.5505625
781.123375
796.507625
789.97975
830.5296875
808.992875
761.3670625
848.90075
750.333625
773.19525
773.405125
789.3204375
727.105125
754.91325
746.7656875
741.1643125
762.669625
694.1655
838.0921875
802.6694375
845.1956875
741.1980625
748.809125
762.11975
780.6686875
752.1113125
750.6459375
748.25725
737.17475
758.2828125
941.59475
845.2505
799.828375
765.91775
767.3381875
748.7190625
790.2050625
722.040875
824.97575
787.648625
771.3251875
728.626375
716.2278125
829.07175
853.9878125
758.3951875
819.3828125
743.2210625
827.3610625
766.0318125
767.2973125
863.12275
946.6404375
856.07
800.6394375
747.3749375
745.179875
775.3414375
690.2445625
866.83175
729.6348125
701.598625
765.9986875
786.3593125
742.1519375
692.614375
839.4493125
690.1055
686.9675625
749.9463125
714.12125
747.4465
886.7695625
858.347125
694.1564375
746.8120625
699.0989375
774.7413125
730.5505
773.6816875
748.0771875
723.9811875
760.757625
750.39375
797.1006875
760.427375
790.257
917.473125
823.0676875
707.1365
751.332
761.5175
758.1225625
915.282625
736.0155625
707.387
757.7475625
753.7475
750.7828125
764.4145625
715.5728125
688.6925625
734.213125
901.4021875
911.025375
738.18925
713.2269375
887.044375
848.9643125
708.5525625
887.3013125
795.0621875
712.7886875
860.8856875
717.898625
794.3505625
710.4188125
793.451625
720.444375
860.9231875
777.7219375
736.65475
721.21075
800.44175
730.5115625
750.317625
697.908
732.0271875
807.823625
920.48525
892.9650625
811.7334375
807.2064375
755.0556875
751.7485625
710.8205
758.115625
716.4410625
823.5065
768.917875
862.8489375
801.8475625
784.581
989.1119375
930.77325
803.7130625
839.292375
851.6125
1083.69725
754.145625
690.3634375
703.8489375
753.580125
739.7995625
765.7985
900.4116875
745.89625
789.793375
823.6655625
777.0900625
752.5025
754.1935625
760.4546875
819.3468125
791.9975625
801.140375
747.1984375
763.679
693.0258125
907.403125
754.96475
743.04175
714.1800625
766.7153125
764.1928125
804.7721875
839.5554375
696.1041875
802.7276875
750.3519375
853.838125
740.71975
781.219875
900.0216875
711.943375
806.8415
703.4006875
744.855125
715.19925
772.2254375
813.18075
850.081375
808.94125
695.095
753.8015625
784.6715625
786.208
731.744625
733.685625
745.033125
878.8253125
771.7545625
692.6326875
764.443
741.57375
794.996
735.0158125
726.6375
717.816625
792.9355
708.905125
914.121375
715.2736875
816.902375
751.1511875
782.7814375
760.629625
869.143875
784.323125
754.419125
787.749375
814.6024375
738.394625
812.07125
763.292
745.9175625
771.2926875
768.5520625
707.3564375
747.094875
828.35175
730.27975
686.952625
754.5791875
745.7166875
836.7724375
751.01875
824.9665625
742.4733125
800.5708125
687.9715
717.481375
823.2920625
807.8850625
780.5435625
736.982125
800.218875
756.767875
800.297
862.8260625
826.023375
867.14425
811.1171875
753.79075
724.654875
789.7655
823.2314375
706.7189375
713.7813125
837.4864375
768.5211875
793.4338125
721.9175625
750.6451875
712.1473125
761.94225
713.0918125
743.5485
910.7059375
892.8268125
674.4078125
877.13875
750.9275625
843.3986875
770.361625
768.0748125
735.9565625
843.6488125
751.5066875
769.4506875
710.2279375
732.6200625
759.3010625
769.1466875
828.493375
730.623875
828.414625
745.326
817.3245
680.4683125
757.1463125
997.0871875
844.181125
845.2070625
786.7375625
752.4823125
804.56975
766.04275
769.612125
718.7964375
685.9778125
838.8355625
793.9981875
808.7800625
700.4234375
764.84875
763.181
730.7256875
777.542
728.177
770.5291875
789.362
681.742625
754.2029375
743.0486875
763.817875
771.5608125
734.442125
796.8443125
766.48625
685.81925
791.2265625
721.906625
693.7210625
810.1588125
748.176125
705.00625
802.1763125
781.0595
999.2516875
750.356625
685.1241875
704.2266875
764.0629375
889.6214375
754.02775
868.47675
811.343
766.1889375
779.2325625
858.3059375
749.085375
770.7796875
691.9850625
755.274
770.657625
684.570125
690.7174375
693.972375
745.92775
916.1175
710.639375
753.231125
684.848125
717.0934375
736.568875
706.6349375
745.5319375
785.5666875
772.6281875
799.924625
801.457625
813.21725
705.6265625
715.7050625
812.1355
767.3094375
786.424625
780.3818125
801.4225625
987.9023125
802.7575
721.8185625
743.1875625
931.883
846.2486875
819.4465625
760.3019375
716.9324375
773.6389375
728.050875
826.25525
706.309875
964.634875
814.8058125
806.805625
754.2034375
817.2049375
704.2666875
771.866125
763.991625
742.7561875
812.941875
792.51825
722.68625
979.508
724.6709375
985.748
920.3226875
708.1349375
862.2536875
699.49075
820.4505625
775.859375
785.5895625
804.0185
790.3851875
763.112625
782.906875
780.8303125
808.9224375
839.1
689.24425
737.3153125
826.7468125
755.3908125
698.73975
828.314375
721.5575
823.236
796.695125
762.9375
859.367375
746.3579375
851.4953125
778.31675
783.970625
794.5326875
783.320375
757.0108125
797.7546875
829.910625
798.992625
694.32775
717.531875
826.42725
849.505375
735.6016875
822.9273125
764.5519375
788.5675625
778.3386875
850.32875
816.8515625
770.3213125
878.252
820.3413125
768.9471875
842.21175
752.0356875
849.3185625
829.3268125
785.6748125
714.4365625
686.6415625
783.0150625
842.114
878.8806875
756.7744375
762.53225
741.7626875
763.92075
729.4736875
788.196375
709.9076875
809.32675
754.1295
880.493875
720.8386875
736.269875
751.6
777.779125
750.187625
820.3285625
843.7513125
786.4401875
800.22725
753.617625
785.466375
794.6451875
739.514625
733.409125
776.6278125
735.21925
793.8505625
863.062
794.6309375
720.9569375
718.415875
823.7268125
779.5781875
822.9491875
749.4891875
720.06275
771.52125
797.4818125
787.278625
759.994625
787.29875
761.2638125
850.8354375
757.580125
862.333
925.8151875
791.661875
711.566625
742.6195625
798.956625
874.13125
779.903125
817.0111875
779.8746875
891.9445
803.3975625
756.112125
785.6565625
792.9684375
787.0415625
1046.0494375
732.1561875
730.5836875
717.4329375
684.040125
790.3353125
756.5899375
742.544375
743.5260625
749.608
750.0563125
788.3189375
784.2806875
708.5755
702.06275
794.8961875
737.3405
716.75775
751.76575
790.825875
835.9434375
731.956125
748.2245625
827.8099375
760.725
761.7356875
731.8713125
760.7613125
788.25275
766.6933125
820.6011875
858.852875
732.3715
880.7109375
751.620625
817.927125
835.4785
795.5268125
846.2760625
807.292375
780.116125
794.01025
796.4505
846.50525
773.3376875
753.3855
742.03625
765.029
689.8611875
758.678875
713.609625
856.5345
770.7044375
823.46975
722.3861875
846.2265
729.9688125
732.9425
822.480875
834.8128125
749.92575
770.240625
703.595375
761.3249375
789.446125
766.762
779.2068125
818.9564375
774.03
794.4876875
744.334375
713.456
778.638875
800.0086875
741.2398125
715.2106875
820.1325625
800.44075
746.2174375
850.6440625
929.0168125
755.076125
722.7545
794.6185625
751.4508125
817.567375
717.5505
793.51675
885.8261875
703.8328125
782.5159375
778.321
767.8125
820.10175
694.604625
728.20825
765.7439375
772.857
766.158875
768.3755
842.9824375
807.863625
771.2795625
754.023
890.9179375
810.8669375
763.7115625
817.4886875
769.380875
831.575
738.7596875
781.495625
674.3405
742.7418125
727.3213125
795.281375
877.3005625
739.8886875
784.530875
791.3546875
819.11475
780.43375
724.533375
840.1266875
717.373625
1012.393375
721.20325
730.5075
743.2865
767.2455625
742.5991875
857.291875
825.183
768.9720625
722.1764375
749.9331875
728.5046875
1107.832
737.2351875
719.1963125
715.9228125
868.5655
754.3014375
757.07325
723.929875
729.429125
700.404375
780.5241875
731.921875
854.22825
743.2635
798.8368125
951.2340625
735.197375
762.2220625
760.2281875
710.178125
743.1069375
842.88025
736.981125
760.4466875
735.3765
759.1859375
780.836
802.1339375
775.6195625
783.065625
700.5004375
783.757125
905.98175
774.9461875
784.85675
797.011375
725.5218125
796.1029375
805.7318125
770.294625
747.2885625
846.2095625
865.6205
846.021625
704.6693125
766.927625
743.2789375
678.499625
813.903875
759.4665
837.4983125
761.27525
803.95425
748.1710625
708.337875
786.4635
678.54475
723.7746875
703.0670625
798.1710625
758.518875
781.9658125
752.693125
889.17325
684.0824375
736.9940625
758.240625
751.3934375
808.8979375
780.7164375
725.1224375
715.6885
837.801125
795.313625
806.27225
772.191
909.4045
742.4358125
836.7541875
693.970875
737.5784375
795.0254375
693.7663125
776.9600625
691.589125
767.57625
713.6351875
722.908125
807.85725
815.7059375
754.1975
725.776375
714.123375
813.96025
717.20025
786.7195
771.7390625
853.35125
768.064875
768.01375
768.0211875
753.812
843.99175
758.3601875
702.7354375
743.16425
751.429
699.592125
720.71225
856.2556875
754.3685
710.200375
726.6694375
763.134375
802.9146875
774.47575
752.862375
744.027125
804.7034375
819.3071875
813.491125
793.0735625
710.016
755.956625
703.3705
761.347
731.4203125
755.07875
1042.5888125
760.853125
752.5281875
905.3919375
777.399625
791.0521875
843.100875
779.539125
730.134125
775.1359375
764.2220625
696.7915625
754.105
780.9058125
907.2925625
800.2345625
840.1539375
757.5104375
745.0795625
890.728625
801.522875
807.449375
794.833125
848.4045625
766.3046875
758.18325
801.3808125
824.6245
913.430625
810.165
949.1325
741.817875
936.27925
723.7229375
819.518625
857.4058125
788.466125
809.6478125
803.5323125
765.237625
762.221125
747.69625
682.2098125
709.3023125
785.5779375
794.8666875
812.9579375
776.520125
756.2678125
772.68125
700.766375
719.2223125
871.05275
737.4043125
769.1998125
701.423
796.083125
675.1591875
787.8498125
737.58725
714.264375
897.8896875
758.735
774.2125
790.976875
838.699
820.70375
801.8349375
755.565
784.1835
783.6271875
829.2811875
748.967375
758.7033125
768.4640625
881.852125
761.7084375
726.561375
711.21975
760.2184375
765.7665
703.0755
733.7160625
748.60175
806.2146875
758.9088125
724.07
749.7566875
982.174875
826.3474375
725.8245
773.374375
817.3153125
871.765625
734.407625
793.356875
772.9355
780.5818125
718.5749375
780.7935
769.1388125
681.05525
750.4425625
690.9985
811.3106875
744.0793125
782.5991875
766.3656875
692.2515
742.52225
743.11625
836.817625
737.59575
740.273875
811.4219375
846.058375
757.1155625
821.6561875
701.32125
793.1170625
833.578875
706.36475
782.3801875
741.4320625
785.05775
858.933125
699.831
764.0051875
770.2059375
799.388125
859.603875
742.3205625
736.506875
825.2535
715.6785
723.957625
770.929
730.8543125
910.929875
751.835875
749.0585
754.0866875
708.9518125
750.1324375
693.474625
788.1381875
835.849625
771.91925
792.842875
890.8360625
948.6693125
840.8711875
888.464125
829.7833125
846.60225
808.1589375
870.9940625
741.854125
835.9568125
788.8953125
811.5771875
760.8983125
735.437875
724.3586875
715.1080625
793.8031875
763.22575
739.779875
686.0295
735.4613125
736.7456875
740.1993125
778.7743125
719.38625
718.6928125
813.4598125
772.956125
820.0686875
731.13375
804.07775
741.885625
788.28175
781.0069375
747.7766875
816.75625
749.95625
872.70375
881.0901875
790.347625
794.292375
764.8168125
751.7355
703.151875
721.933875
865.0995625
783.359375
752.2959375
703.4479375
736.1384375
753.34075
897.433
780.861125
754.7806875
782.114
767.292625
691.799625
744.0233125
786.0288125
769.4325625
908.6989375
818.182375
744.52025
741.2501875
779.263625
726.64675
794.390875
786.8541875
782.067625
750.316625
789.4423125
753.9456875
776.0019375
793.6881875
749.6819375
796.477625
717.48525
742.6580625
796.5704375
798.9595625
808.023
939.6966875
750.323375
787.07025
858.3865
741.3974375
757.937125
727.2310625
741.71775
735.57625
788.58825
705.19675
824.7555
795.5759375
887.90575
739.902
804.0656875
720.7840625
752.860625
798.518875
840.476125
721.10275
722.7715625
776.8314375
740.6575625
766.9859375
754.3789375
729.3806875
699.079125
722.370875
738.407625
923.2058125
748.269375
863.12625
855.2364375
800.17325
780.58975
740.125
748.2285
717.132625
744.8599375
830.0438125
809.987625
832.224875
769.38625
797.21625
818.555375
753.8316875
757.8385
762.5124375
822.0489375
732.4540625
899.54875
733.6565
785.1473125
949.76475
898.4164375
721.243375
713.817
776.17425
705.0288125
722.828375
825.9618125
740.2881875
712.507125
702.56
815.14275
698.656875
815.2369375
871.4670625
774.633
795.220125
855.5339375
847.6755625
741.819625
934.9395625
747.4591875
859.841
756.95225
738.5975
729.851125
799.247375
866.30475
780.5635625
887.9309375
833.38575
843.5254375
768.539625
684.377125
776.924125
854.723125
708.241625
709.315
759.7455625
796.2704375
675.847125
737.296125
720.4436875
709.404875
870.025375
709.027125
879.100375
756.3084375
842.217375
744.455125
782.2943125
818.67075
830.2760625
975.0165625
770.822
844.2631875
892.8848125
731.90925
716.54925
784.0115
901.628
848.0803125
839.5228125
755.0289375
741.353375
698.97775
844.173875
778.8966875
738.2739375
737.475
686.3370625
740.8970625
748.3148125
840.6664375
757.0129375
706.797
810.259875
818.4383125
810.2270625
761.084875
785.9576875
796.5180625
809.3194375
693.395625
727.6215625
743.6934375
822.55525
836.7566875
727.155875
824.3835
727.6964375
727.85675
742.4549375
706.3396875
720.674125
777.1681875
738.900125
777.2759375
933.2620625
776.6053125
837.1816875
896.62625
746.9123125
774.2818125
844.7421875
788.744875
732.5551875
711.731625
721.311
811.053
726.52075
752.461375
799.645375
855.882625
742.9536875
768.2846875
745.0725625
815.0836875
813.0310625
798.666375
707.367625
713.79525
746.4769375
1014.987125
831.0665
684.027625
831.590125
759.2546875
753.243625
708.43675
789.365375
793.455875
715.8300625
841.589875
718.9099375
746.2804375
678.770375
783.4628125
814.241125
809.1625
709.7540625
701.3215625
871.907875
741.3898125
764.8011875
844.6758125
773.1513125
749.4213125
732.054625
784.9668125
697.1935
707.6289375
687.765125
883.26525
724.8430625
834.014125
917.57275
812.2115
860.1793125
723.0294375
832.5016875
789.5950625
810.886625
840.1383125
894.10475
760.8985
792.8314375
727.2564375
799.2118125
744.8744375
744.3685625
774.6195625
747.765625
823.7158125
815.481625
733.2864375
746.4088125
797.3154375
722.7586875
811.3846875
749.04325
808.9068125
781.6605
730.4143125
779.153
821.8823125
902.635875
828.4415625
728.4248125
764.1749375
769.00375
784.364
760.399
697.1328125
775.1274375
781.434875
730.504375
770.2096875
787.279125
755.3284375
842.330375
745.207875
738.0935
827.822375
858.8095
793.9156875
779.6273125
759.3099375
746.59
679.2278125
