432.14346875
372.562875
477.8220625
280.36515625
187.471296875
434.13103125
87.517359375
326.73925
332.50034375
57.4900859375
44.79333984375
106.723953125
285.311125
127.77825
105.7832734375
431.17678125
394.59084375
340.76234375
110.89290625
171.716875
229.875703125
343.458375
128.15975
147.5968125
146.633
61.43727734375
145.0974375
121.5506015625
418.6713125
112.778359375
57.69128515625
130.8291640625
146.1966875
158.94978125
221.8295625
393.15446875
174.759078125
224.006109375
41.1940078125
327.34678125
384.68153125
122.2459921875
29.974748046875
316.43478125
167.70984375
72.8655703125
98.1757421875
170.44853125
94.87459375
108.9905703125
249.80325
71.47934375
123.9257265625
450.15578125
357.77859375
225.120640625
327.560875
144.666078125
265.4276875
175.16690625
142.63290625
78.2333515625
223.038921875
108.258421875
105.40275
245.408453125
303.25384375
49.2483828125
64.43235546875
218.949328125
119.4121171875
465.2251875
125.654546875
442.8285625
103.9654453125
386.70678125
101.4829453125
91.3989375
421.74040625
112.509625
340.207375
272.01571875
14.1660810546875
167.2110625
442.46084375
521.51153125
317.0540625
373.7665
152.839578125
463.28434375
260.1616875
227.9955
449.79728125
84.51621875
92.9800234375
216.15015625
48.8875625
310.1846875
75.724546875
195.323515625
117.04478125
430.552
441.77165625
163.666953125
65.01797265625
289.145125
182.72621875
38.13315234375
255.1823125
270.00121875
54.921265625
295.0005
455.09240625
194.53140625
163.688390625
385.07075
185.460734375
282.6165625
69.3222265625
107.2574375
34.70450390625
414.66340625
277.71034375
71.0324765625
247.626828125
144.99503125
294.09596875
353.558
43.4203984375
146.634046875
459.09134375
304.9094375
177.763296875
222.842984375
90.053234375
92.98546875
445.7013125
445.91775
170.814203125
297.24003125
225.97371875
441.74946875
140.37821875
194.939796875
295.648125
116.075265625
140.567078125
375.10759375
103.6390625
443.1305625
210.589171875
45.039984375
320.0475625
473.76328125
200.492375
86.4194140625
294.6858125
333.53765625
136.871390625
47.72723828125
302.60465625
341.84271875
41.74448828125
408.5926875
356.5705
399.853
337.7961875
226.123046875
282.970875
249.674515625
50.15561328125
322.973875
182.8145
304.32175
345.18590625
360.4164375
186.06221875
123.263
261.694
239.098015625
48.9988125
294.35546875
42.8191171875
92.433765625
135.6454375
67.29015625
390.5344375
133.970296875
481.650625
255.913390625
262.89184375
288.26246875
269.43871875
198.50525
201.632546875
279.86321875
220.77275
336.27525
175.232515625
245.47778125
98.1345078125
124.700859375
194.968875
386.4165625
203.262484375
352.80275
334.6601875
231.66409375
151.9721875
92.7873203125
375.64228125
475.668875
283.9881875
47.39930859375
253.949453125
181.659359375
165.785390625
257.30334375
222.765390625
247.407640625
165.7969375
181.66225
473.3601875
185.2720625
253.29728125
188.347109375
460.85934375
232.502203125
107.30315625
299.4765
63.075453125
46.4873984375
218.362421875
310.52203125
171.201125
357.57446875
309.279
456.492125
465.01325
84.8281640625
155.04884375
232.79925
139.240796875
125.6933046875
433.611
86.6038203125
182.572640625
141.11309375
414.7874375
132.89225
310.3643125
384.9065
241.189953125
110.0272421875
450.62290625
210.43196875
70.836359375
215.735265625
132.060453125
278.7786875
19.759443359375
224.6921875
143.460828125
145.315375
144.957984375
113.446546875
375.32109375
201.8839375
195.089421875
156.684953125
374.95284375
232.502859375
245.66425
99.09825
46.62283984375
457.8281875
200.055234375
380.7643125
147.2678125
100.417046875
102.405625
349.68953125
68.398421875
400.43253125
428.98653125
144.023390625
304.70571875
178.97740625
188.931921875
436.6985625
117.04009375
492.72696875
94.6342734375
155.99571875
178.395203125
197.290609375
274.5710625
469.92146875
132.155171875
416.35275
220.79309375
370.585875
324.6041875
283.63928125
62.45009765625
70.4444609375
129.7847734375
188.35990625
231.39296875
444.5586875
119.0380703125
60.91033984375
50.44583984375
477.328125
303.35996875
238.414140625
268.10428125
369.368375
192.853171875
380.412
221.398328125
265.53996875
232.184359375
99.87840625
447.94221875
56.43896875
147.250375
449.036
356.36153125
37.0978515625
244.6373125
240.62721875
150.909421875
507.55465625
427.2536875
91.7056875
276.24309375
322.21875
62.99722265625
456.52434375
266.4243125
66.6692265625
338.7963125
134.414234375
258.44853125
474.09315625
209.673984375
75.452875
160.190921875
157.8240625
312.2676875
195.2715
342.363625
167.90109375
261.071015625
62.77976171875
202.45596875
442.3450625
320.4151875
482.97896875
187.651765625
363.578875
407.15171875
427.4440625
431.679
56.28588671875
118.90684375
355.2424375
248.64334375
346.95709375
152.045625
142.405109375
433.80559375
173.989328125
334.89571875
37.2454453125
279.31371875
517.67065625
480.4203125
195.6288125
261.319734375
277.8750625
210.641046875
228.946953125
207.812765625
162.05496875
253.457609375
409.15528125
181.34621875
240.679515625
334.4656875
256.32309375
289.313375
187.503
507.7026875
447.23446875
233.03278125
164.08690625
458.5934375
381.18965625
38.9888359375
131.64075
264.8735
191.356359375
179.73159375
133.995421875
271.18378125
149.63521875
461.8628125
91.7931953125
288.70125
130.3257265625
404.01146875
69.8651484375
168.525703125
145.541421875
151.559734375
157.5178125
40.9092421875
65.988125
154.961890625
225.198171875
418.07359375
199.34809375
135.566578125
409.7844375
209.302140625
142.558484375
281.62759375
46.3947421875
85.8099765625
194.38521875
307.54475
223.510921875
475.2890625
52.99638671875
71.6071875
266.12140625
33.85368359375
44.21390625
252.956125
174.169421875
216.016984375
168.55975
77.989828125
288.118
283.70915625
72.538375
299.9645625
198.211046875
163.489453125
81.009609375
376.68765625
353.1438125
533.771875
458.53915625
105.9497734375
402.5659375
147.17975
346.7024375
124.4060859375
228.776375
360.14140625
288.579625
120.062140625
295.81690625
443.402
401.67403125
370.3793125
80.191109375
79.673203125
173.63253125
197.77825
280.92334375
104.5576640625
164.096859375
472.79490625
250.98853125
510.75371875
192.875390625
399.22575
36.059640625
145.010671875
286.9358125
122.083546875
78.748328125
263.58
210.224921875
154.3175
220.420359375
367.54709375
478.9515
131.523703125
91.5368515625
189.646078125
285.40884375
492.89603125
187.610921875
24.877048828125
160.15828125
374.9054375
150.08815625
197.47909375
163.637359375
427.59271875
139.948375
310.55153125
108.7437578125
230.1763125
175.62621875
344.77603125
148.028796875
295.29971875
247.4285625
283.7309375
108.7217890625
136.5815625
37.61897265625
258.983328125
287.3868125
120.1358203125
312.12303125
386.49425
284.02784375
242.48325
152.041203125
212.9200625
199.188
331.81571875
348.88878125
424.62465625
77.7484765625
219.95025
35.53698046875
320.627
433.493875
154.810390625
283.15025
61.18402734375
228.969515625
175.77434375
483.7364375
443.38340625
73.5471953125
219.626078125
143.062140625
213.575390625
276.26559375
248.2928125
387.527375
287.4029375
107.850078125
246.5295
150.8431875
65.4639296875
360.2081875
290.91984375
457.4851875
74.5382890625
438.73496875
161.794046875
168.750234375
113.3131328125
248.80271875
206.80115625
410.54471875
201.913
46.0748984375
132.218140625
143.73709375
241.967640625
111.436359375
119.4878515625
336.45815625
90.180296875
312.13334375
145.6030625
248.704890625
138.92921875
406.57628125
367.9106875
124.1704609375
61.26478515625
366.03896875
481.00796875
261.64978125
82.982390625
169.5338125
389.16634375
313.27459375
57.08906640625
142.434375
450.9458125
63.64196875
218.76653125
314.86021875
124.0763984375
323.016
116.1619765625
404.1955
266.39815625
463.8955625
321.4403125
57.134109375
223.801078125
173.903109375
357.43109375
447.23928125
401.718625
295.90525
73.508375
171.3843125
147.902078125
263.86765625
159.363140625
125.4988046875
57.8035
349.19915625
167.894859375
263.74684375
111.1014453125
77.977125
138.590953125
105.56115625
294.2914375
88.5397421875
251.539140625
356.26228125
182.34846875
98.7764609375
236.381515625
109.8254140625
169.2413125
255.061125
72.2918828125
239.328875
76.390421875
348.3044375
244.7221875
89.10528125
234.170203125
329.3913125
222.123015625
341.41303125
317.88465625
209.610828125
219.3530625
189.00290625
67.34875
314.54103125
167.6206875
455.59775
76.0561015625
231.79925
189.79540625
406.96340625
155.295640625
195.802375
224.01890625
37.02672265625
331.76096875
190.82271875
172.206796875
403.760125
470.6965
113.7173046875
153.161578125
252.52128125
76.288921875
344.25321875
144.66015625
176.4839375
291.826625
60.13982421875
372.02415625
516.28003125
588.1004375
447.87175
290.0023125
304.9606875
107.2276171875
247.577765625
75.517203125
221.2419375
84.79921875
300.2393125
217.626421875
237.42815625
337.83865625
204.951140625
345.2410625
197.793640625
109.10046875
129.462640625
205.337875
130.3814453125
21.522521484375
129.5687734375
56.05972265625
144.62646875
23.632654296875
49.0193046875
82.8569921875
445.20959375
331.693375
244.063359375
365.06790625
359.44728125
135.6166875
161.772890625
145.549640625
55.747375
259.788875
358.967625
306.50490625
224.0053125
26.56740234375
75.85903125
13.79441796875
165.917765625
250.4955625
314.09015625
280.57771875
63.018921875
204.786890625
413.41509375
464.72296875
212.8961875
117.1148828125
210.0195625
291.19315625
54.1882578125
244.7580625
303.08696875
208.310890625
217.30896875
63.67045703125
228.88325
285.18815625
309.14996875
153.048703125
410.404625
429.25534375
45.30480859375
149.423484375
234.4836875
206.381796875
333.5958125
362.12753125
145.755109375
164.66446875
137.224890625
161.016796875
364.333375
230.62203125
99.160015625
155.100375
144.286328125
374.39759375
231.0930625
454.98603125
66.8254921875
280.166875
340.7585625
186.4699375
318.0533125
139.57321875
257.714578125
99.35615625
132.516703125
314.56003125
295.2524375
306.6963125
295.74596875
85.0275
381.02328125
394.5995
106.49734375
353.6234375
373.202875
76.1255390625
237.179625
134.189640625
113.509015625
179.01440625
215.48046875
47.74401953125
390.95871875
200.688390625
248.70371875
157.45540625
223.007375
398.35734375
274.4683125
175.669828125
453.991125
526.6759375
207.01340625
297.83078125
167.131921875
468.738375
306.22259375
168.919359375
131.23809375
127.8215625
17.365259765625
406.5023125
239.046375
461.19909375
297.16796875
83.463390625
441.0914375
172.55540625
43.59607421875
112.6207109375
331.02778125
401.3604375
161.29284375
156.671953125
302.40434375
146.6195
55.8063984375
101.2613515625
225.70115625
257.67634375
146.657453125
452.24146875
223.2813125
290.57103125
225.75290625
111.1004609375
315.38753125
137.889296875
59.4907421875
259.254359375
188.19890625
76.765359375
247.95875
279.4733125
365.51609375
294.35128125
190.978109375
157.25153125
304.83346875
331.13990625
79.6531796875
196.68815625
97.3088515625
150.807796875
361.470375
386.94865625
456.53340625
243.285515625
170.142609375
14.2017900390625
452.93940625
322.95334375
252.554953125
184.1155
83.261453125
286.09221875
426.9319375
280.12665625
164.84203125
369.67275
127.399609375
272.7835
147.136125
40.46192578125
135.1313125
181.952953125
119.85190625
332.77878125
61.33447265625
289.2715625
245.802453125
418.51425
327.24734375
412.165875
233.4309375
138.913296875
105.8675625
82.2798203125
331.0731875
130.63296875
314.05915625
111.335796875
145.120625
159.986875
282.4219375
391.7649375
364.03221875
295.2528125
246.814296875
251.15625
547.892125
304.45565625
143.46315625
139.464078125
129.307265625
364.35046875
277.50003125
252.2650625
135.962015625
440.98803125
201.466734375
86.6405625
151.739484375
344.22340625
159.827765625
367.21865625
142.16646875
499.8503125
279.87571875
439.00234375
337.372
82.5230078125
147.175046875
192.9536875
132.7673125
365.75296875
160.591359375
110.161796875
52.03246484375
305.65415625
428.0618125
89.89421875
312.790875
110.0529765625
217.46565625
419.128375
291.10071875
249.8416875
156.105359375
354.1645
133.682015625
132.9044375
151.062546875
90.1543828125
59.3615
284.098125
294.96140625
293.66778125
305.1220625
286.39390625
379.1715625
446.18653125
317.00471875
234.412765625
156.084515625
145.853109375
298.88971875
120.370421875
114.250171875
146.093625
100.490953125
376.98309375
292.4178125
106.70971875
231.383453125
355.556625
427.11003125
279.0526875
184.67771875
187.91565625
332.80603125
264.7868125
194.3915
229.945328125
166.016296875
289.93484375
154.25928125
444.49240625
285.59996875
57.2445859375
140.522265625
203.438109375
232.404546875
41.60144921875
363.99778125
128.1255859375
350.36778125
341.87753125
137.88975
242.886921875
189.25928125
260.748453125
50.0504609375
107.7822421875
452.74803125
94.5213203125
113.0855546875
155.188984375
225.197484375
370.49071875
365.0988125
205.913609375
175.31465625
76.2008125
400.63915625
32.79851171875
154.847
63.36930859375
221.1228125
389.41425
309.77053125
91.032140625
122.941796875
134.5356875
90.920015625
35.6211640625
228.780234375
335.72625
101.0514140625
449.01490625
80.640171875
429.705125
265.28109375
56.4175546875
394.01353125
112.3231171875
236.55775
176.363875
213.386640625
175.788046875
423.75821875
137.008671875
104.9905
87.1913203125
121.72790625
445.07584375
48.87174609375
311.0505
360.31321875
453.27128125
83.0716875
143.1985
433.65053125
133.137265625
266.37353125
174.125265625
261.71971875
422.2485625
286.394375
152.870609375
233.308734375
219.876140625
104.9205234375
101.9784765625
147.82253125
39.3398828125
358.93578125
129.4339453125
229.217875
60.057609375
120.1178125
517.0020625
464.2754375
260.06778125
368.59296875
198.706984375
37.95408984375
342.99265625
275.678875
157.129515625
94.991734375
87.6407578125
134.252265625
239.652078125
130.4689375
539.2251875
175.387125
131.985796875
330.19903125
377.94528125
40.59379296875
181.968921875
93.8694296875
401.37634375
298.4085625
468.01728125
432.54465625
260.696296875
24.85141015625
120.7575234375
346.34296875
73.779421875
261.862109375
90.0600546875
205.33215625
262.86284375
119.09228125
180.59396875
113.2675390625
561.626875
307.399625
178.99475
440.3794375
438.3391875
59.6111328125
214.395546875
428.3955625
169.93421875
349.97534375
68.99646875
369.1251875
119.9306015625
107.1658984375
372.9199375
354.41509375
88.8432265625
485.68921875
157.372265625
358.339625
46.81366015625
417.01040625
255.983203125
303.74090625
291.8868125
418.85909375
72.60353125
74.898171875
315.29503125
113.0403046875
495.2319375
420.4065
413.36803125
453.780625
453.417625
56.4925390625
227.25253125
121.332125
293.5856875
157.68790625
366.129875
408.21284375
496.903375
215.308921875
305.224875
102.282359375
191.907375
94.719484375
439.85090625
100.0611328125
71.9753125
246.9571875
310.38140625
512.66178125
120.8968125
534.229625
145.916109375
238.15421875
109.5638671875
134.44203125
69.187171875
213.431296875
180.592015625
136.0265
221.689296875
439.5091875
215.285078125
434.11459375
254.7815625
225.369328125
304.3529375
134.919578125
237.32628125
449.692625
71.9771953125
239.04359375
416.68371875
79.5971484375
269.194125
166.35209375
475.2084375
212.87384375
241.14365625
240.365609375
236.4891875
142.855
498.16996875
41.71887890625
137.840015625
92.088765625
183.71225
27.4330546875
53.54255859375
323.0706875
82.725796875
244.436796875
114.662546875
163.9885
400.92984375
329.11778125
366.30434375
125.1703515625
81.2205078125
187.30925
162.17515625
379.54996875
65.9252109375
178.319828125
257.400984375
140.546921875
161.5011875
257.1329375
81.534671875
55.13881640625
187.298734375
429.03915625
244.02584375
445.01153125
469.815625
443.34446875
340.026125
276.01846875
401.867375
142.0829375
190.22209375
16.910578125
269.3561875
340.37084375
153.3355625
279.71
192.998296875
408.03128125
300.0664375
287.70165625
145.974359375
85.65640625
505.98740625
415.2625
126.0737890625
247.393859375
227.135875
170.29359375
195.471375
82.308734375
139.48378125
337.7021875
222.763453125
223.8774375
242.9960625
154.165953125
335.10353125
47.5377421875
386.99409375
15.493451171875
46.93641015625
184.41934375
110.1551015625
187.835125
471.10475
186.964796875
286.145375
244.641296875
200.1365625
137.932125
378.96809375
480.000125
212.14321875
137.726453125
498.6103125
346.9360625
214.74109375
184.76075
81.99884375
411.314375
271.86865625
431.5455
55.7363125
81.67559375
154.825984375
360.3486875
156.751109375
382.35871875
264.95015625
348.36690625
347.05078125
247.172828125
171.270328125
456.64625
168.79075
103.8599375
384.00384375
464.08284375
159.397671875
329.087625
361.780625
473.5278125
182.801875
437.34596875
285.81640625
117.7628125
355.32121875
141.66903125
152.37775
82.1778359375
205.148484375
208.27046875
402.642125
112.6310390625
61.27254296875
85.1233203125
219.87934375
75.1974375
437.00671875
131.04671875
85.2953359375
100.54434375
225.188734375
117.1835625
201.69384375
219.2924375
377.25684375
61.009328125
312.22634375
94.460796875
211.8960625
422.699375
265.5901875
67.3431484375
71.8599296875
48.74659765625
97.4826484375
270.03240625
266.9148125
95.255515625
427.45271875
413.1566875
130.7412109375
267.1995625
409.666875
97.3449375
312.03025
466.74578125
464.92909375
449.11359375
80.649609375
175.499671875
74.82890625
309.63625
166.57153125
218.86659375
114.2977265625
140.28978125
72.3241640625
149.59953125
434.8864375
77.649984375
52.40181640625
112.806484375
159.14021875
220.828671875
367.22571875
288.9209375
449.6546875
166.814921875
175.891078125
462.161375
392.6989375
208.05734375
411.45365625
171.542234375
79.07078125
487.80553125
175.90725
137.9406875
198.16503125
120.5830078125
338.07571875
393.152375
472.57984375
274.252625
376.09159375
60.30294921875
302.5246875
166.873578125
468.8683125
34.93289453125
377.4825
335.87775
550.2975
378.4291875
157.272984375
200.733671875
114.631796875
204.1715
220.739046875
450.11121875
127.5734375
169.57846875
380.5835625
130.9372734375
45.7094453125
432.95078125
134.7259375
118.454125
154.791140625
210.593125
322.50690625
290.6595
147.4715
106.9331796875
350.78234375
70.1907578125
284.5506875
295.09103125
112.001265625
411.75653125
249.65109375
316.06025
304.6954375
49.96441796875
357.09196875
64.64275390625
145.336421875
103.0927734375
117.7987890625
191.429421875
230.087546875
258.690265625
53.84044140625
301.4463125
367.12578125
263.06378125
299.51478125
369.637875
339.80715625
325.388625
105.5758671875
106.0822265625
498.4249375
295.946
221.7996875
323.44409375
275.52815625
149.369875
108.706890625
521.7659375
166.160859375
348.72415625
260.541796875
26.3045546875
416.81815625
103.826359375
81.566921875
166.949171875
243.073515625
277.83134375
122.9071953125
61.0911328125
316.07484375
94.377171875
254.690828125
327.97190625
136.554546875
65.0450859375
173.9806875
104.7401328125
48.36759375
446.5615
152.6230625
107.36740625
27.06324609375
108.92340625
254.531734375
259.572921875
220.966984375
256.528953125
302.08834375
263.77403125
172.872796875
230.192078125
364.18640625
131.468875
58.50454296875
453.359875
156.308984375
163.01575
48.9745703125
410.7693125
128.9701953125
359.858375
106.237984375
285.37625
164.0970625
204.0600625
202.775421875
166.49978125
142.844328125
210.42078125
110.647453125
141.331140625
51.0369296875
170.413171875
492.29803125
216.156203125
75.7206328125
173.444578125
363.588375
284.06459375
185.4756875
40.3850859375
58.68425
273.015625
454.92025
308.2013125
448.662
92.8042578125
137.917109375
122.5708828125
63.08759765625
194.422125
113.84059375
318.5976875
307.00415625
160.569015625
113.139703125
419.962125
258.167328125
422.68984375
91.056234375
471.2174375
108.94590625
158.55159375
430.67759375
469.91675
101.94015625
154.10225
202.775921875
102.305140625
90.9792265625
103.8512421875
262.99621875
312.2419375
58.479671875
65.1160625
179.522515625
286.70834375
445.750125
241.150703125
270.5000625
165.15965625
438.427375
220.030078125
78.692171875
299.16028125
157.320828125
229.631046875
99.3055703125
88.1991328125
189.28696875
41.93046875
79.2297109375
151.01640625
367.2069375
501.77775
129.6481640625
230.335890625
347.3595625
161.823578125
435.32021875
357.3113125
148.315296875
244.159
119.95996875
182.278859375
341.901875
341.2124375
195.358
438.1566875
84.2916953125
372.8334375
204.38696875
164.7228125
286.97434375
191.96728125
321.306375
288.6660625
87.388234375
126.3626953125
426.5043125
295.874125
242.737328125
447.0525
478.56209375
155.01065625
53.86334375
210.058234375
195.299390625
397.256125
454.97921875
553.26075
169.8
220.409140625
457.31471875
269.7421875
120.1259609375
108.736125
270.40709375
241.14046875
175.941640625
183.179921875
444.269125
587.3205625
128.9845859375
453.461125
421.72596875
96.0709765625
550.0254375
86.4760859375
149.561953125
188.0630625
291.16803125
88.1642265625
144.31315625
485.87284375
415.4431875
468.16778125
217.93840625
422.53003125
272.2360625
340.465875
104.367125
426.53109375
323.52940625
185.967140625
371.27759375
28.142291015625
158.318328125
348.4178125
392.8395625
244.53740625
394.2260625
279.19559375
114.7291640625
214.01371875
157.06028125
289.6689375
150.056359375
208.78709375
339.8165625
161.90321875
186.288609375
244.923796875
84.1172421875
393.2320625
78.554125
112.2135859375
80.7030078125
122.3674296875
271.03796875
179.423359375
206.388578125
194.331078125
375.37475
58.794765625
104.7723359375
41.20030078125
258.4035625
249.109421875
380.106625
89.5543515625
405.40278125
130.2659609375
169.337171875
467.87103125
169.774671875
172.074484375
204.94453125
425.8478125
339.9599375
142.955671875
168.54059375
359.90271875
75.47015625
157.894671875
133.9774375
183.38965625
97.339921875
295.12625
115.652015625
292.671625
204.708453125
132.444921875
178.117640625
53.19655078125
334.84775
259.415609375
284.0405625
260.42171875
243.43296875
127.27996875
206.92075
287.34140625
402.37028125
44.6946015625
209.009875
171.141640625
182.55009375
20.946146484375
378.824
155.4513125
426.123125
368.361625
462.774625
228.076890625
419.284375
56.9300546875
108.28440625
68.597890625
188.264359375
111.9571015625
271.232625
346.77246875
438.96034375
47.565078125
211.717203125
395.83021875
185.8105625
440.685625
84.72475
196.34753125
431.57959375
165.95021875
83.190265625
47.74880859375
397.281625
320.57115625
135.066953125
347.2743125
393.1120625
169.881390625
412.830875
70.8791640625
52.68391015625
134.0894375
244.075671875
182.625625
92.624609375
166.30596875
440.660375
466.3650625
211.55496875
270.2670625
313.6386875
99.186546875
461.8875
112.261125
107.515703125
261.843171875
58.71244140625
263.01303125
163.808203125
171.125140625
295.83725
133.4558125
413.1165625
370.12859375
84.650359375
103.1266796875
284.52975
34.20946484375
55.24504296875
475.12834375
109.1035390625
50.910484375
93.711375
162.0453125
102.785265625
477.24015625
572.25675
225.90946875
340.3373125
221.141765625
222.7165625
395.03109375
146.507234375
186.8261875
108.4746953125
99.5937578125
407.74884375
421.94403125
446.17090625
182.814796875
159.101515625
135.207515625
411.64721875
398.25490625
139.032046875
174.47353125
351.89234375
67.673734375
185.099609375
181.58375
127.8939765625
213.193625
575.5636875
510.84740625
281.54578125
286.393
193.468296875
318.81309375
220.10175
150.14265625
47.117703125
159.86846875
202.8019375
314.300625
199.07903125
123.52759375
184.597671875
324.0468125
285.81703125
467.668
220.403578125
132.56328125
99.0924765625
205.18178125
235.857265625
83.6341171875
431.40721875
175.446453125
264.03159375
369.77946875
463.35259375
180.87153125
214.235203125
135.01084375
108.8348203125
213.03803125
175.716734375
262.63796875
135.42846875
150.611625
389.9375625
295.86846875
446.355125
100.18928125
357.37471875
155.103484375
133.89484375
315.03584375
104.0525234375
80.487609375
234.1069375
97.041125
268.25196875
58.5018984375
526.173375
67.261109375
420.887875
205.091484375
53.17410546875
308.612875
264.5245625
242.772015625
469.95471875
460.57628125
98.26296875
202.523046875
142.91565625
561.6471875
144.11109375
230.95559375
106.1949609375
122.839125
154.846828125
329.756125
414.31028125
338.674
168.335234375
141.879609375
29.82298046875
228.62990625
439.96565625
57.5059609375
418.5635
295.8381875
77.7091875
325.45115625
408.9515625
99.314546875
138.908234375
436.19853125
177.2095625
213.587
421.2886875
158.7970625
169.9665
194.9163125
318.6365625
76.9234609375
198.732171875
364.23434375
287.48996875
409.17475
125.747328125
224.64228125
351.22559375
117.1267890625
121.812984375
285.84875
200.83453125
143.527203125
78.44125
337.88534375
207.849421875
137.401953125
284.37965625
330.94409375
131.444265625
271.556
289.8795625
106.62365625
230.452671875
317.460875
114.0384453125
286.05478125
135.09846875
374.5970625
325.3898125
137.544046875
235.8866875
94.461609375
169.284390625
255.0466875
423.8776875
280.187875
58.5161875
308.71175
160.14121875
234.6749375
450.584125
182.813515625
143.592796875
186.40115625
244.516296875
87.5419296875
195.7096875
159.332109375
249.8425
60.25451953125
303.27740625
139.484
131.407625
247.3085
198.719703125
246.439546875
379.9159375
288.82475
59.0495703125
89.639609375
172.680734375
148.962125
150.618828125
183.62296875
330.48890625
99.702203125
360.552875
135.405171875
143.16078125
219.2080625
199.032125
159.998453125
191.514421875
454.76171875
370.4355625
145.408375
242.2553125
355.29821875
354.93590625
406.3634375
126.1088515625
248.149359375
210.318875
324.7713125
233.6530625
310.1465625
470.0839375
259.616953125
35.34986328125
108.49525
342.5635
272.456125
327.84715625
221.402203125
291.56159375
190.990046875
195.64746875
59.31434765625
115.026296875
99.955359375
360.50490625
420.9200625
172.8795
235.20378125
465.9718125
104.2935
