482.86096875
189.504265625
412.49553125
318.15128125
71.382640625
69.7180078125
445.55734375
452.87059375
172.905421875
444.57309375
405.686
212.9248125
329.66178125
51.4948984375
390.51596875
49.6756953125
170.885359375
220.949140625
243.42584375
79.454921875
319.6969375
472.124625
109.5268671875
426.994125
165.0940625
52.59645703125
115.731875
28.1438671875
393.8004375
326.42865625
222.15840625
125.25646875
174.78428125
174.990453125
48.958140625
363.5335625
178.9366875
91.79590625
242.420890625
69.5766953125
314.44025
483.08025
201.990734375
201.953078125
44.19582421875
359.9115625
418.732125
218.011453125
40.11916796875
210.842984375
144.69178125
334.855125
456.3045625
64.34426171875
73.5674453125
236.79178125
74.55478125
200.698390625
215.424734375
352.67015625
206.85028125
275.29740625
192.87803125
176.518578125
107.48496875
260.3236875
373.20346875
403.39490625
81.3158515625
146.193453125
36.42248828125
333.1063125
236.509953125
89.205046875
110.0095546875
398.38996875
458.149375
113.0934375
440.37671875
140.61421875
466.49075
435.94425
148.780515625
202.7003125
209.285078125
32.1336796875
163.61459375
56.0122109375
127.9972578125
117.4067734375
89.668109375
51.34597265625
397.91646875
171.66553125
111.941671875
146.183890625
203.353359375
317.507625
261.8928125
222.583390625
78.9297734375
162.372921875
92.0239609375
451.2974375
176.986234375
60.06737109375
227.90371875
124.0791640625
283.40328125
472.85996875
245.27696875
162.40915625
282.08559375
156.640359375
313.7510625
96.9283984375
300.02359375
268.6811875
165.960828125
144.968875
280.459375
125.8263515625
91.8294140625
394.103125
237.9711875
271.868125
235.3929375
501.02471875
163.433375
180.9465
322.7325625
477.7904375
447.114125
107.27146875
115.3785390625
137.3661875
369.75653125
267.17853125
315.46184375
161.07021875
308.82503125
151.0505625
433.9421875
298.22984375
164.898453125
106.9060546875
415.35009375
232.356234375
228.2825
360.3190625
235.455484375
336.16078125
173.969578125
369.2359375
209.839546875
338.3570625
171.101796875
210.701890625
194.501890625
23.992138671875
247.6894375
74.6177421875
146.92703125
258.65540625
158.79390625
190.09740625
295.1549375
468.08496875
76.559296875
148.894703125
89.88653125
348.01021875
158.771828125
82.4840078125
439.9838125
467.62221875
315.6151875
393.83428125
425.888
315.252875
170.9425
460.9371875
152.612078125
123.8174375
243.81846875
371.91871875
340.0970625
412.1041875
132.52834375
248.2221875
380.37290625
268.0420625
84.0826171875
160.27775
96.0446328125
332.46321875
417.587875
484.774375
297.61246875
301.13278125
125.8318125
461.56809375
89.166546875
178.1919375
90.3719140625
24.0143515625
114.91965625
171.354765625
297.620875
50.601625
438.0664375
163.74459375
139.042171875
62.5301484375
372.6506875
468.504875
233.896609375
406.5083125
334.6321875
131.92353125
379.73875
102.329546875
232.57840625
101.0221640625
47.2827578125
341.233375
188.385296875
519.86390625
442.3735
131.828375
296.90296875
267.03940625
135.1046875
208.419046875
274.58934375
162.8063125
252.357453125
342.24121875
374.47509375
141.092640625
153.66953125
256.165203125
163.94584375
343.99153125
364.4941875
206.865859375
195.282140625
331.270625
307.02434375
331.7814375
282.6958125
40.36032421875
175.35653125
158.3841875
75.6372265625
239.4715
163.925765625
387.26503125
103.0488671875
117.114375
136.440296875
43.921640625
496.10165625
326.65646875
52.48931640625
318.818375
61.23852734375
172.893453125
403.55090625
140.26553125
81.20375
425.3113125
249.03709375
257.105171875
100.5543828125
154.692859375
216.190078125
130.0557890625
89.8848125
175.91184375
120.3926796875
56.28008203125
46.03554296875
162.58678125
170.772640625
115.4286953125
305.04746875
173.771953125
194.2983125
383.23571875
88.1756171875
148.010015625
166.822890625
344.23759375
496.8295625
76.341046875
192.428796875
98.673875
68.67403125
95.128671875
440.3205
101.7955703125
78.205375
221.83353125
449.9536875
291.90034375
172.09971875
283.1780625
293.49975
103.1754375
136.35934375
189.936390625
271.1961875
173.307828125
178.231625
296.56046875
235.15221875
284.62684375
98.1235234375
262.5893125
237.87009375
331.5825
115.021109375
233.82265625
205.473265625
26.867826171875
394.1256875
338.06121875
47.94544140625
289.86325
405.77521875
88.0762265625
90.8603203125
305.035875
368.13265625
315.59634375
76.700765625
86.906125
458.04840625
163.068375
280.7981875
461.98996875
379.74028125
465.20840625
53.30303515625
450.29940625
526.671625
323.44628125
287.79675
454.05653125
175.022484375
146.166796875
454.8104375
111.3432734375
361.2268125
452.40653125
416.93690625
426.30828125
449.91984375
221.769421875
61.57235546875
364.637875
514.99271875
240.089828125
213.745
387.1579375
67.03253125
434.28253125
168.381359375
109.047796875
426.52653125
112.459125
360.15690625
74.024265625
376.57340625
330.145625
118.8525703125
422.47828125
244.90709375
471.7751875
113.171015625
224.68478125
78.2607265625
440.61696875
87.2806484375
73.5926328125
142.256890625
146.648109375
196.428109375
418.1665
342.47290625
109.1824609375
207.902859375
272.98384375
427.6485
299.36215625
78.250453125
154.459703125
269.1460625
255.6075625
36.61378125
347.15803125
465.6626875
27.398673828125
192.065578125
279.65184375
63.61451953125
161.962015625
432.7665
125.854640625
130.82759375
238.04890625
278.7446875
416.7358125
67.9523359375
74.3763125
192.87121875
133.163078125
126.7968515625
215.766890625
227.6843125
530.634875
189.033171875
93.25365625
187.4623125
303.8329375
66.68246875
254.56034375
424.87396875
337.0026875
482.0244375
284.84825
304.081625
20.7095859375
187.2355
505.71415625
406.62384375
232.840015625
70.96696875
66.7560078125
135.3911875
244.73396875
331.46278125
387.8429375
207.461765625
56.29313671875
71.3208515625
98.277859375
108.8417109375
108.324875
70.1380625
110.91809375
456.89796875
123.375265625
119.7529375
53.93109765625
209.893515625
359.05734375
387.82825
261.43228125
323.7296875
340.60175
436.3940625
196.16759375
347.49578125
143.9848125
42.024359375
317.95665625
42.08468359375
199.351421875
96.4972421875
293.9760625
105.3255703125
456.99071875
145.27059375
101.3340234375
25.645392578125
121.635484375
236.564828125
243.055875
327.3493125
214.058453125
453.7145
334.77915625
146.040265625
181.047703125
265.2890625
370.8950625
241.60634375
273.56896875
165.37090625
112.9882109375
89.1326953125
118.267421875
169.294171875
264.74053125
252.473125
140.658453125
286.51371875
104.1423671875
437.569125
43.432984375
381.5310625
472.97721875
251.90215625
380.94296875
188.91303125
174.026453125
37.3262890625
492.88115625
139.9365625
316.8334375
43.50745703125
94.538640625
265.18775
48.04182421875
404.3581875
269.28634375
379.81665625
177.660953125
75.7135234375
300.42590625
285.72828125
370.9645625
114.694171875
283.0118125
487.83496875
214.646140625
329.96303125
440.46534375
167.371296875
141.342140625
416.6238125
96.44159375
217.504703125
91.663921875
268.3108125
204.78728125
28.870482421875
425.8016875
303.2426875
80.6205703125
197.517703125
195.451828125
232.2785625
270.224625
447.00659375
203.600265625
435.89834375
56.04819921875
98.3794765625
137.095859375
406.77421875
33.31710546875
479.9486875
85.6552578125
258.370859375
242.80384375
98.2872734375
147.524828125
101.420546875
231.676140625
145.45153125
441.7729375
179.02896875
239.6359375
115.16609375
527.7625
286.4146875
70.0735546875
197.710921875
45.502140625
225.523171875
261.9306875
53.72720703125
446.76896875
272.4659375
19.7965546875
220.24540625
377.8399375
196.7966875
235.50359375
190.063546875
202.961578125
367.22665625
99.9823359375
191.107265625
209.065671875
86.6171796875
65.82096875
114.271796875
300.4184375
130.066953125
215.302796875
323.660375
191.3136875
425.39715625
109.2155
362.975125
256.171453125
395.9064375
313.890625
375.0390625
156.728859375
82.0193828125
30.35095703125
443.7449375
463.23734375
125.8046484375
180.842796875
269.14046875
111.6109765625
256.51003125
79.4559375
205.79890625
442.38596875
449.47703125
91.8584921875
348.182
296.08878125
244.166140625
240.368328125
484.52928125
144.0459375
475.6415625
437.2225
344.57803125
219.199109375
308.59559375
92.9946484375
379.15859375
33.0624140625
112.931890625
247.3325
234.448828125
110.9479140625
173.69721875
194.72578125
380.89628125
463.8485
292.5984375
451.809
458.12975
382.01465625
322.4183125
378.73815625
270.85434375
215.616890625
192.600203125
112.1639765625
215.38853125
180.676734375
466.30084375
133.142109375
410.7365
375.695375
87.2550078125
282.30896875
209.682046875
132.098171875
315.82403125
24.205802734375
300.88328125
348.89846875
461.7458125
181.1778125
426.398375
191.47053125
298.1731875
330.33915625
352.6875
287.65665625
247.0975625
149.753515625
284.957
391.7624375
207.617953125
208.7651875
300.36128125
166.44978125
108.931875
255.276140625
97.72378125
221.36115625
201.231828125
394.6029375
270.02753125
234.708390625
190.745125
295.13903125
228.834765625
62.7867578125
299.0465
428.464375
55.6644453125
463.516625
213.986171875
77.0639609375
289.54490625
381.04925
48.47009765625
480.8556875
314.1128125
390.8459375
227.865828125
170.67925
379.45184375
442.4108125
256.247453125
211.62678125
406.85
328.1215625
470.84303125
116.5562734375
237.874453125
255.81221875
294.0311875
199.067703125
59.86566796875
147.945
182.10884375
270.90903125
246.18540625
345.14478125
226.371453125
50.5806328125
227.69171875
442.08565625
162.85665625
423.11634375
443.624125
244.6214375
101.814921875
42.9081015625
457.49365625
197.6039375
34.797265625
393.38428125
210.177203125
351.89340625
237.255828125
479.85859375
92.1340859375
133.65134375
265.714625
180.131734375
279.48484375
235.371671875
269.98428125
179.22065625
157.28409375
36.2709921875
472.13840625
450.2875625
341.99525
364.50725
247.45421875
200.4758125
386.433625
429.2605
142.9551875
276.33325
73.1320859375
427.00534375
235.719921875
323.0489375
431.28459375
163.075359375
156.50503125
246.688125
442.33025
109.2761875
189.975046875
359.50109375
300.77071875
23.89728125
372.36775
319.180625
135.924890625
413.016
233.54259375
464.47796875
426.010125
150.738859375
117.1835625
313.08428125
199.368421875
190.01365625
155.647703125
553.101625
282.62178125
34.34306640625
139.11096875
223.568296875
158.700875
328.892
453.79278125
200.532953125
148.86165625
260.6330625
275.3469375
116.8179609375
353.24415625
194.167703125
52.61772265625
329.42315625
177.830375
435.1158125
257.917703125
444.33784375
367.98878125
417.2621875
259.66640625
129.759515625
152.9686875
166.191265625
308.16209375
272.42190625
320.0200625
112.5503359375
235.00678125
244.791421875
143.44065625
71.1573671875
211.762921875
419.099125
304.25246875
122.152421875
89.3720078125
196.6721875
351.61721875
21.3785234375
234.98325
198.653703125
115.455
220.047578125
336.7853125
162.1866875
207.383734375
81.0519765625
386.7354375
40.1169765625
143.411734375
256.978078125
438.35134375
272.12496875
423.99240625
449.907125
157.66403125
272.96425
131.0570546875
244.094109375
274.3678125
43.95255078125
156.384296875
430.21390625
339.96303125
105.43315625
215.214515625
450.21315625
368.3285625
338.117125
37.07876171875
422.734125
97.5561796875
182.0158125
168.569421875
91.3696484375
236.98165625
176.261875
177.71978125
431.16209375
320.06378125
284.2815
111.8492421875
159.68771875
210.0304375
420.89209375
225.2240625
499.9150625
393.54446875
487.84490625
364.9105625
49.03475
87.108125
459.76534375
119.8646171875
184.730921875
123.50103125
361.97959375
526.671
323.4168125
298.30759375
447.56678125
435.446625
475.99396875
119.8386328125
161.808
329.9720625
209.90825
134.790375
51.14057421875
156.836375
216.91034375
479.154125
146.767828125
431.72028125
360.41553125
163.969765625
73.980453125
184.282046875
154.579125
181.32834375
197.036078125
45.44812890625
125.5421796875
86.451671875
425.4123125
316.38821875
126.5593515625
105.7114453125
303.90675
226.8485625
213.764265625
457.2485
331.20603125
137.965359375
103.3209765625
322.9014375
162.0344375
320.67459375
96.4560625
95.96746875
262.83925
244.79415625
463.9300625
208.115609375
95.760484375
128.316515625
501.66296875
57.691140625
137.955375
176.124546875
211.620640625
381.04615625
269.3865625
143.53303125
292.4145625
153.580125
278.9773125
220.38275
198.766921875
164.28903125
166.636578125
308.65859375
419.3756875
224.08975
72.5638984375
121.2206484375
243.679984375
166.796859375
297.96465625
304.83415625
278.10596875
295.9401875
225.56796875
54.54166796875
381.96903125
105.661546875
251.564796875
382.96846875
212.081796875
156.352703125
376.34115625
172.29946875
219.87421875
236.4478125
374.2555
195.178921875
138.794703125
360.633375
222.511953125
275.7493125
246.208421875
165.17240625
332.03846875
139.56115625
293.0068125
56.424484375
250.934421875
19.47107421875
498.66321875
56.05831640625
362.1080625
230.808046875
430.4994375
146.83634375
123.1511484375
234.24034375
385.85909375
131.16446875
416.4001875
221.796984375
364.91575
215.242609375
126.152640625
181.968828125
418.83015625
120.2722421875
455.64315625
108.470671875
461.933875
232.09409375
237.212265625
174.826359375
269.9216875
285.78071875
90.7594921875
562.9405625
156.61809375
254.448671875
134.252859375
422.8373125
522.52921875
140.9243125
267.03265625
213.46978125
32.83069921875
196.927875
70.4316953125
292.9410625
148.665015625
179.26865625
81.36475
177.245046875
298.1935
41.155078125
119.5529609375
82.8353203125
75.0398671875
242.320453125
240.88059375
453.36009375
477.63521875
25.5421171875
313.1068125
414.745625
130.2535390625
84.2055078125
168.2895
202.116953125
375.76365625
120.903546875
106.133671875
288.66203125
29.743013671875
103.7091640625
431.72340625
78.680765625
152.107265625
67.0869609375
172.652484375
83.987984375
421.183875
156.7360625
417.25090625
85.74396875
58.87293359375
207.169234375
450.82090625
164.081484375
242.792421875
485.7480625
360.3820625
126.1236171875
289.477875
384.29790625
214.781375
128.477796875
248.18196875
159.370859375
312.6795
254.458390625
53.82230078125
80.6206640625
151.87246875
211.589140625
178.256078125
322.39703125
64.9072890625
410.532625
274.9404375
75.050375
221.97846875
111.8198203125
408.66834375
98.254921875
91.11925
109.58946875
237.92009375
155.219140625
242.58346875
404.05984375
429.88534375
14.3661845703125
237.697140625
157.32334375
306.46959375
204.41890625
362.79559375
315.2179375
408.84040625
242.562296875
116.7422109375
55.98480859375
47.792234375
169.6144375
295.4023125
59.055421875
131.4504375
109.8778828125
450.21240625
209.846328125
68.2685234375
446.93165625
260.03325
529.1778125
99.574078125
277.990625
471.79496875
508.1688125
209.178078125
88.826546875
224.644515625
155.716421875
54.32530859375
170.4315625
224.376328125
193.660796875
222.463375
175.10340625
113.3208515625
473.71315625
435.8905625
391.8615625
349.91471875
150.65971875
490.9505625
225.417703125
215.006484375
327.7981875
227.628484375
366.06228125
312.30196875
370.52946875
251.466578125
110.555828125
107.1273046875
138.78975
369.99215625
243.109734375
237.85559375
187.780375
201.0965
469.36075
493.6629375
401.31565625
380.4806875
230.942328125
161.66553125
390.28059375
418.323625
79.50353125
125.0689921875
289.9014375
211.349796875
83.392203125
392.92390625
304.8461875
201.11284375
287.213875
350.62990625
67.1945
180.476359375
95.972390625
438.0305
297.084625
230.561734375
95.359140625
301.173125
227.962828125
190.134703125
223.921234375
265.64084375
387.84478125
453.321375
93.21253125
224.086109375
454.5256875
103.234109375
93.4046953125
398.89128125
455.26203125
98.29259375
67.0104453125
302.89990625
105.0390234375
232.224796875
178.8863125
287.23634375
45.99134375
224.698921875
265.80984375
53.85136328125
190.329453125
122.910671875
253.648875
253.397484375
114.830046875
100.370625
337.13865625
55.2451640625
119.5950625
340.4711875
282.8536875
96.0421328125
176.896859375
488.08525
351.00978125
265.24509375
200.88015625
136.645859375
174.727828125
204.00228125
19.35065234375
88.934640625
33.488671875
245.022203125
196.797515625
314.43990625
310.4321875
127.692296875
59.69492578125
307.0934375
148.346984375
422.2301875
412.39109375
464.369625
146.6119375
230.5294375
57.70475390625
117.4536015625
310.38359375
107.703984375
171.974046875
105.5986953125
37.83478515625
175.289828125
344.0916875
504.935875
109.881609375
127.8892109375
372.98665625
463.99784375
62.29377734375
279.978875
409.98634375
94.8276015625
106.7713046875
452.0370625
434.36475
105.75378125
179.212578125
489.69940625
62.387671875
318.27228125
206.1468125
456.76990625
356.12225
277.74990625
99.1129765625
110.664875
367.1315
182.213953125
192.49625
206.4149375
141.563453125
283.71321875
110.5145234375
130.4376640625
471.3669375
469.9308125
211.708140625
191.511515625
469.25421875
194.581609375
182.080765625
182.9683125
213.65696875
66.3228515625
418.221875
94.1073046875
10.0296396484375
433.8049375
93.06271875
209.06140625
298.3239375
276.3309375
119.49940625
207.0714375
98.9784765625
28.718765625
330.553125
254.2501875
211.531625
105.0490703125
31.307884765625
124.324375
292.08428125
107.574375
211.966484375
439.74940625
316.4276875
497.64834375
167.897015625
233.526015625
80.7245078125
348.3363125
89.3164453125
378.38146875
450.88303125
198.938328125
222.736453125
273.28753125
286.199125
256.566125
73.690140625
316.6566875
76.578703125
261.37421875
202.58403125
74.242734375
530.6861875
303.31496875
115.4479296875
91.2690078125
318.076625
332.13715625
206.3001875
116.045359375
428.8485
129.7749765625
317.25840625
350.24509375
223.68675
447.17928125
282.1216875
224.380265625
209.65159375
439.663375
31.585224609375
68.171390625
164.627140625
148.302375
312.34571875
123.35478125
449.8424375
208.9094375
199.568890625
342.6279375
121.944421875
365.54375
298.21390625
41.0923359375
77.6651640625
29.86880859375
430.24740625
332.75965625
185.2035625
200.2024375
379.17453125
73.553046875
374.511
84.848984375
287.133125
163.110703125
89.1432109375
244.4948125
185.678875
226.450703125
64.51234765625
217.3160625
89.3326796875
270.374125
180.364609375
57.98270703125
44.79224609375
485.18575
29.879779296875
69.734484375
219.236328125
150.15471875
290.83840625
68.6445234375
317.7131875
182.02859375
238.402515625
88.55709375
111.4686640625
192.261015625
210.682046875
279.83203125
177.08484375
187.765984375
108.80028125
12.662505859375
300.035875
102.7952109375
292.24590625
113.1488984375
166.098953125
452.17371875
285.0298125
439.45621875
201.031046875
141.581015625
506.19603125
441.23746875
157.604359375
96.2171796875
466.98621875
338.789
358.27771875
141.614234375
263.33221875
102.35771875
264.056625
179.905359375
404.75065625
222.109578125
318.25559375
372.94690625
248.496984375
331.0544375
420.38009375
184.064265625
192.150546875
551.976
255.4946875
269.0455
449.5383125
139.426109375
317.81296875
111.118109375
126.058578125
165.201515625
444.7133125
49.9545625
265.974625
210.4145625
435.767
48.49337109375
40.49128125
48.3239921875
314.35975
135.845046875
154.985125
373.6936875
214.01015625
400.93484375
379.95546875
444.58209375
42.74975390625
52.3334296875
43.70830859375
126.54175
438.93765625
55.49572265625
281.92534375
269.11796875
104.502515625
288.3574375
398.600125
200.77525
93.812546875
159.792140625
156.083234375
377.81259375
446.10453125
92.6114609375
188.1581875
149.196046875
176.514234375
204.519390625
363.5885
131.9449375
376.63509375
133.616796875
148.909671875
205.2335625
247.56584375
179.662265625
468.36153125
267.133875
454.0575
122.4705390625
308.07134375
61.607875
170.2474375
122.11721875
149.375046875
95.324859375
389.19084375
148.8950625
51.02386328125
286.8560625
171.451921875
162.9128125
297.56159375
341.28503125
189.104125
308.86221875
359.29740625
31.1522265625
203.25753125
49.88825
81.3010703125
78.88040625
452.06778125
115.70340625
179.751421875
149.97146875
278.03196875
130.9315859375
293.07909375
92.201328125
348.0931875
389.5819375
134.927953125
106.7848359375
421.4551875
420.7104375
172.761703125
148.85878125
171.182890625
171.424734375
277.64909375
246.139078125
467.7864375
471.677625
178.499765625
125.2510703125
222.090609375
183.798546875
184.733234375
280.90425
384.47453125
325.3781875
266.74975
158.174796875
104.0449140625
120.7183203125
270.8715
64.8484765625
422.87571875
153.67653125
204.529296875
155.755015625
118.104921875
223.67646875
69.1840546875
136.306734375
230.021390625
177.01753125
114.8636875
20.4392890625
124.201734375
63.9620703125
88.9334296875
352.38703125
221.86728125
302.45715625
256.2245
133.8263125
462.18940625
256.750203125
382.5078125
84.9785546875
166.598828125
239.0613125
122.4856640625
370.264625
366.49440625
145.324390625
208.76240625
297.2915625
184.68025
374.40040625
223.058734375
142.03959375
161.03965625
43.33127734375
331.141625
68.8090234375
98.251203125
293.6039375
271.21415625
84.4956015625
395.2790625
150.6594375
104.16678125
403.3904375
290.074875
137.202984375
450.587
69.437984375
448.167
171.76446875
143.687578125
216.669421875
294.61371875
291.61
176.91628125
40.0178828125
377.609625
418.1483125
214.346703125
187.527734375
310.6180625
478.89240625
98.1727734375
144.791546875
117.9595703125
42.40906640625
192.075625
274.35990625
248.7641875
132.79659375
358.00734375
65.6455546875
78.5248828125
61.3656484375
48.8432109375
390.6461875
349.142125
413.20365625
455.99446875
290.254375
205.919921875
154.239609375
405.57909375
219.09934375
102.417015625
428.07015625
126.543890625
274.993375
237.03796875
339.4688125
423.78346875
302.4389375
131.572640625
160.555125
335.4259375
221.26846875
243.429234375
144.6929375
209.730671875
119.9612421875
161.537171875
322.201125
37.08978125
215.40890625
74.66153125
59.36297265625
475.1573125
338.3140625
212.125171875
427.6285
95.391171875
127.794875
92.71571875
498.903125
237.831015625
149.2386875
190.633046875
174.04590625
298.39871875
209.44853125
329.95203125
270.27990625
126.4804921875
141.34821875
371.68575
45.51156640625
198.4460625
85.1735625
356.215
303.96184375
79.8614453125
101.254671875
330.6561875
252.045625
302.570625
498.7479375
111.6823046875
377.77221875
53.53304296875
152.410734375
170.235984375
361.228125
365.130125
141.860890625
265.9476875
23.705298828125
312.039875
281.16825
19.39410546875
231.04740625
472.38715625
204.324828125
414.642
258.155375
363.02021875
500.36078125
373.76815625
167.483734375
97.0697265625
195.4270625
111.173
369.23446875
75.9714609375
367.5004375
127.4621796875
106.124921875
226.503984375
103.998265625
321.271625
415.74846875
449.7171875
467.04984375
126.1033671875
115.6293046875
280.6183125
406.16796875
145.742
129.6520390625
189.899125
32.7918359375
59.2381328125
217.809546875
289.9374375
356.39965625
61.2582890625
278.38590625
185.314890625
285.668875
447.7775625
61.679859375
147.462703125
134.336921875
489.01209375
251.6239375
218.25475
153.66246875
73.156734375
287.62428125
173.845984375
162.160359375
256.1873125
408.032125
295.56959375
378.07090625
91.511984375
296.75890625
492.15778125
162.8053125
436.9743125
265.08628125
146.526703125
313.42028125
303.3955625
222.1314375
144.906984375
46.416625
108.537203125
109.3054375
74.925171875
237.2525625
31.487314453125
150.479859375
207.513765625
93.5753828125
236.34503125
465.9420625
190.782984375
104.61346875
275.866375
82.6059765625
129.891265625
354.45396875
139.159609375
105.92790625
121.9190546875
173.851359375
419.80115625
122.5343671875
157.29390625
145.97765625
217.2045
406.2614375
195.435609375
252.269546875
104.2663671875
106.5898671875
102.7568125
333.27978125
305.1325625
337.32521875
181.7585
296.98109375
445.93721875
185.8530625
316.24965625
411.49340625
371.682875
91.7798515625
213.47984375
76.1846171875
144.827328125
126.262359375
117.314234375
206.1323125
196.747703125
336.94303125
144.007078125
103.7079453125
337.2909375
287.245375
218.959484375
141.5683125
283.96159375
99.7525078125
80.67815625
339.207375
207.126296875
78.03446875
150.283671875
276.7545625
113.0535
255.717171875
247.919046875
460.85496875
118.0993046875
267.944875
343.03575
67.958265625
255.9535625
183.5820625
437.3075625
85.9249609375
134.794453125
260.1466875
360.56071875
82.62221875
157.46415625
134.25615625
164.951921875
388.34559375
162.077078125
223.49078125
465.7678125
137.118328125
346.39409375
427.1923125
150.755796875
261.1125
452.15665625
319.08409375
432.05878125
35.95959765625
386.486375
195.66725
221.6564375
334.11690625
124.19165625
84.6056796875
209.892921875
149.487859375
153.955765625
153.634625
62.67160546875
113.049203125
303.4755
259.241640625
157.140546875
226.531640625
435.980375
221.666328125
445.0205
145.442484375
264.9876875
525.47775
163.601859375
249.56709375
366.2325
436.40796875
496.4385625
409.45428125
448.73384375
60.9322578125
147.041171875
293.0096875
143.127078125
359.91446875
302.50496875
182.31725
146.257703125
105.275078125
115.579984375
450.21909375
444.037625
199.93053125
181.8516875
148.944296875
436.593625
201.92934375
98.437484375
440.2930625
39.64376953125
183.281640625
318.70484375
431.852625
146.625265625
453.991125
342.96165625
295.99378125
190.943625
481.2203125
82.2024453125
217.19515625
422.42678125
204.958296875
153.566578125
425.490375
455.7288125
412.3135
69.9226953125
110.5786015625
360.365375
167.739390625
110.6126640625
356.51453125
426.9670625
355.80975
110.4165078125
37.97098046875
258.392890625
74.4776171875
278.86415625
179.71584375
185.249125
380.458875
81.59865625
27.80783984375
373.21246875
167.547015625
305.99371875
389.5168125
178.505015625
285.6403125
218.32675
368.6928125
144.811828125
201.528171875
311.1728125
92.635609375
51.19191015625
356.97459375
12.7544736328125
460.50740625
117.8334296875
424.0603125
32.52831640625
294.1076875
38.2471796875
361.84290625
155.137953125
106.00878125
438.79971875
385.4115
165.711046875
204.075875
360.55053125
345.8826875
309.47965625
215.574640625
121.3845
71.381421875
309.12140625
494.23496875
95.966
373.9196875
198.126046875
311.22121875
38.14227734375
219.402828125
438.639375
120.386234375
447.41959375
148.839921875
405.24703125
226.331046875
279.22484375
245.702828125
101.6107578125
269.69534375
386.22090625
150.81121875
78.4388359375
310.0305625
119.9916171875
126.1964140625
33.51510546875
51.12808984375
389.18790625
522.5281875
273.78515625
510.3928125
157.244578125
379.99521875
389.35909375
160.710828125
126.8975234375
174.023015625
70.4850703125
274.005875
135.956984375
436.76546875
107.8184296875
348.736125
444.61125
137.578953125
133.09121875
314.84265625
231.18875
438.49403125
207.579265625
489.7755
460.56790625
397.26440625
479.80378125
85.2254765625
406.32396875
218.410859375
124.82471875
388.29159375
438.72025
39.927828125
178.230234375
389.50659375
300.85140625
225.564578125
215.926484375
236.172984375
105.45490625
350.28921875
59.8505859375
129.557578125
159.174484375
347.69603125
468.9238125
107.6224453125
158.48153125
225.31428125
313.12378125
208.027171875
101.0504375
173.8096875
125.1422734375
64.83836328125
236.4123125
167.54740625
392.40378125
241.87840625
177.551671875
160.797890625
243.604015625
292.4455
158.006765625
270.7493125
424.4540625
509.975875
312.41553125
407.59996875
389.8241875
164.424859375
71.549375
233.19240625
48.3412109375
431.03834375
392.48040625
195.332109375
45.3264921875
273.92234375
406.59525
498.5660625
156.539015625
294.2195
176.545015625
183.204140625
282.77465625
49.4585390625
97.1990703125
72.502234375
370.49765625
143.30125
453.0745
260.254671875
101.8122109375
96.324296875
252.77715625
159.82890625
444.152125
446.59871875
163.910078125
85.5990234375
453.6335
228.1419375
358.19396875
246.461171875
345.898875
325.29996875
156.65175
244.389703125
477.9401875
196.085703125
144.004015625
61.08471875
30.013712890625
99.9806484375
100.0676328125
445.4709375
240.575671875
111.8971328125
110.052921875
372.5479375
87.4170859375
237.787203125
173.224734375
206.928640625
286.567
331.0505625
249.290390625
211.630984375
316.71090625
390.18996875
83.280875
458.4423125
456.45971875
211.930203125
398.35825
69.3961796875
149.821609375
249.567125
31.061923828125
460.11415625
278.08578125
444.3768125
86.4381796875
541.0135
209.1554375
89.8816640625
241.96225
289.02075
454.31675
464.3965
352.6055625
156.565125
168.72309375
292.12465625
346.88646875
88.08815625
422.88265625
214.441453125
324.99
120.9660234375
43.23736328125
350.4763125
176.119046875
23.012833984375
356.03459375
163.754984375
464.215125
412.0635625
173.523296875
72.019
343.76296875
127.6420234375
184.06421875
200.673984375
212.155578125
64.096640625
108.0341171875
485.95478125
168.641640625
86.053328125
268.51815625
417.02871875
92.1582265625
170.6240625
254.93609375
222.284890625
137.225015625
239.067125
421.25978125
145.25453125
147.96596875
177.132515625
255.5169375
317.52171875
155.50603125
66.6245625
417.192
148.812609375
471.10965625
293.9
352.38803125
70.2682421875
179.58221875
327.92725
118.1520390625
39.41819921875
222.671953125
75.408625
321.9934375
245.387109375
238.191625
256.18471875
384.54171875
251.919421875
390.18184375
97.9288125
452.9273125
178.59390625
149.80421875
194.862359375
42.8988671875
78.805609375
58.016
402.028625
92.4878203125
272.87596875
21.868779296875
187.99021875
281.98684375
455.8695
157.815640625
243.796109375
132.635640625
138.73303125
198.467734375
422.2591875
338.9485625
225.365875
75.476984375
241.80784375
134.78821875
452.98671875
127.0735625
196.43059375
148.854296875
417.13884375
460.2549375
470.51359375
198.423578125
37.29723828125
50.56870703125
553.043375
125.6258125
93.7650078125
303.5623125
148.27003125
125.635921875
54.90003125
229.878328125
60.95815234375
211.04021875
195.0425625
92.04809375
37.3025390625
300.04190625
95.7865234375
500.16996875
326.5574375
152.562796875
188.636265625
115.2668515625
81.8343046875
353.54021875
325.53684375
58.2078828125
478.35471875
191.358078125
190.68059375
288.615125
392.71196875
247.8043125
289.9858125
461.9988125
275.16603125
20.604474609375
370.38925
61.48760546875
136.8565625
31.16561328125
210.69853125
417.69353125
280.98853125
263.438375
283.43171875
78.6298046875
99.5847265625
46.14359765625
193.9550625
180.9445625
254.677515625
325.5938125
264.97059375
351.16209375
221.36053125
66.266546875
25.941435546875
168.5430625
294.52365625
294.3703125
341.4826875
377.7741875
200.27859375
262.180375
241.03115625
413.99165625
184.598890625
185.372375
154.810546875
346.38228125
279.361625
121.7144921875
76.776484375
295.86375
297.95215625
138.836421875
213.893796875
430.48903125
40.0074375
187.0253125
161.699640625
145.818078125
342.9046875
325.68521875
275.8071875
142.26915625
209.646015625
75.327640625
328.4760625
163.6075
220.580359375
148.716234375
208.584359375
450.20975
302.50525
368.3339375
279.2138125
67.1922890625
168.6228125
176.225234375
227.4689375
151.23984375
105.7774375
338.12965625
421.81521875
107.0628671875
461.70634375
195.244640625
54.52715625
116.4430703125
271.46565625
56.03001171875
160.142265625
148.023421875
217.4999375
75.393109375
110.166546875
134.122984375
396.3289375
403.555375
105.9405234375
459.18809375
295.00415625
384.0198125
107.9735234375
190.547484375
130.5237109375
103.71334375
28.69411328125
234.887203125
175.120640625
171.645421875
330.75315625
288.900875
383.019625
221.910390625
317.03459375
150.53978125
306.4679375
281.32909375
388.65109375
68.5632734375
113.493078125
287.81825
126.8407109375
257.550515625
257.267609375
167.72759375
49.44439453125
259.31521875
292.12034375
174.53375
362.4065625
355.099625
159.367828125
241.293625
110.0516953125
53.7285859375
147.0068125
416.8884375
488.8104375
421.20984375
310.24403125
219.708421875
330.8719375
200.4643125
50.434109375
299.41578125
340.15534375
38.08121484375
262.21825
360.173375
148.24128125
173.052734375
238.119359375
336.39825
204.384828125
61.45791015625
328.41684375
22.94662890625
382.94240625
424.25553125
164.621609375
109.605
326.58403125
94.3608359375
131.9795
160.20475
328.5161875
62.66112109375
88.735328125
330.33365625
330.11271875
56.8546171875
144.463890625
139.9643125
174.945015625
235.444546875
85.94184375
433.95334375
138.200796875
375.12796875
76.60434375
156.66940625
270.88178125
260.079046875
213.42009375
130.32
102.0393671875
426.360625
459.81859375
138.158296875
396.03278125
139.641875
110.31240625
286.7144375
169.72165625
94.7516953125
393.36028125
45.32691796875
196.7628125
219.570390625
166.158015625
119.9664375
492.28221875
419.746
269.64253125
142.378578125
78.708265625
460.21796875
216.0718125
25.5251328125
123.0078984375
103.6275703125
325.0984375
286.6364375
96.6188671875
368.25678125
169.11925
62.21470703125
275.857375
359.441125
483.7686875
372.40959375
287.58675
200.688984375
54.0782421875
170.19096875
131.91625
478.0155625
133.36403125
280.81221875
342.73734375
142.11590625
447.49303125
364.6564375
186.002265625
238.0794375
236.421359375
371.41184375
249.352140625
206.0326875
312.4796875
297.10740625
283.433875
188.713625
178.200984375
104.3245859375
132.75596875
295.01425
73.73409375
74.43109375
25.594203125
528.8975625
181.235
116.073203125
457.71553125
480.97359375
19.662625
219.359125
251.13953125
117.5026171875
288.78740625
411.51221875
355.06640625
204.51678125
309.56525
46.7232421875
160.875578125
20.58851171875
430.36825
294.00365625
445.6876875
399.59153125
386.030875
129.58409375
295.68578125
291.461875
148.070421875
325.22590625
93.5044921875
222.43915625
451.71971875
108.573890625
405.0373125
192.35896875
266.7466875
507.95753125
121.7483828125
392.60353125
376.987875
208.8544375
327.76509375
91.723671875
202.628203125
87.2205078125
429.0473125
171.372265625
205.9893125
333.42253125
313.1851875
195.807953125
390.002375
89.3192109375
161.974109375
70.9371640625
324.47865625
41.8729609375
277.02403125
443.22675
454.2985
271.752875
313.2043125
297.28290625
309.94465625
94.688125
171.59553125
104.3746015625
52.17201953125
246.137375
236.415359375
162.324140625
123.547171875
481.704625
70.4280390625
277.48275
431.97471875
50.9712734375
334.06821875
177.816875
117.5612890625
259.672015625
61.85246875
137.978234375
317.9161875
102.37865625
27.61146484375
381.25365625
69.8293125
155.164640625
347.8846875
375.405875
79.4681796875
133.282515625
255.117453125
257.747796875
309.90240625
387.0548125
231.774484375
61.9296640625
126.606171875
80.4928359375
396.2489375
440.24715625
435.46240625
226.646875
428.97103125
253.326609375
299.688
54.99310546875
205.29428125
182.56034375
360.376
31.522578125
232.836015625
138.140046875
192.932796875
266.74753125
154.804453125
166.532875
244.842796875
327.7234375
15.79366015625
447.0876875
457.94546875
477.5916875
447.68171875
156.701546875
148.028546875
68.286140625
96.2166953125
128.6427421875
66.804859375
376.26128125
203.55740625
235.28103125
374.752625
412.89878125
161.08934375
227.585953125
85.8110859375
301.78671875
373.4683125
309.51278125
226.85634375
343.349
437.232375
98.9216484375
93.3811328125
115.8990546875
113.06490625
88.387546875
136.50934375
348.13903125
386.286375
192.237546875
108.588171875
449.65940625
100.5831015625
186.386578125
191.33503125
154.795078125
149.774640625
212.152515625
95.063078125
265.4978125
156.823203125
315.59534375
454.387125
447.0699375
67.9029140625
209.837609375
456.0675
202.021171875
69.9164609375
71.407921875
231.84434375
220.049328125
260.879578125
133.07078125
131.23990625
79.1713671875
445.62525
239.972296875
97.673875
297.30125
45.68740625
42.75621484375
289.98090625
105.238609375
130.0522109375
162.912125
159.690359375
236.105515625
182.141734375
353.867875
290.42859375
82.3742890625
208.782828125
71.2422578125
228.97259375
463.9393125
178.927890625
337.3991875
509.766625
217.82453125
227.35909375
356.95975
215.79078125
298.57028125
99.5048359375
217.66409375
123.0068203125
412.4544375
150.738765625
196.602625
466.88346875
391.71428125
154.261625
178.349765625
144.300015625
111.94353125
154.148484375
275.1449375
102.9268046875
119.723546875
153.18028125
234.39709375
84.3689375
61.86033203125
457.5118125
274.3040625
94.3716796875
95.690109375
152.001515625
364.85675
85.8084140625
135.913625
239.929203125
243.9639375
88.830140625
398.05303125
443.418875
164.484875
203.44984375
43.32665234375
85.5423203125
92.817765625
110.2107890625
72.688859375
80.7165390625
104.3957890625
123.2479375
410.6190625
50.05711328125
43.58169140625
43.982234375
362.26096875
115.5678515625
170.639578125
216.513078125
160.41425
545.87925
121.16775
337.01890625
473.07778125
491.41840625
217.7399375
229.510078125
255.531640625
170.8724375
405.1624375
237.881859375
90.424875
101.9343125
280.43246875
340.67871875
132.909125
118.0443046875
289.08428125
129.3869609375
97.1286171875
59.04547265625
315.93025
39.68595703125
487.59346875
59.8229140625
202.093859375
121.469625
113.443921875
362.34796875
430.45915625
91.6092421875
290.516625
74.8559609375
60.41712890625
158.878828125
67.6800625
106.0311953125
454.24209375
261.06446875
143.612421875
286.06421875
116.9596875
194.2530625
330.07475
352.51503125
128.227765625
56.9523515625
379.794
142.048140625
63.063359375
99.0428984375
93.89125
402.3335
93.466046875
305.02978125
117.6338203125
278.3473125
435.56390625
150.1061875
263.8573125
131.18003125
109.2407109375
111.78253125
184.927828125
89.232328125
119.425546875
433.97525
341.6155625
427.70934375
362.43821875
396.072125
249.092015625
87.0404375
98.6898359375
175.011328125
191.030046875
122.79621875
140.647515625
297.31971875
418.8615625
98.5939921875
64.48287890625
445.827375
86.6541875
141.139203125
304.27728125
235.07671875
241.657625
225.820859375
30.482173828125
123.1941484375
334.77771875
312.7839375
377.873875
156.00515625
44.2256328125
228.760375
126.8671953125
118.4120546875
96.3176875
448.43784375
351.27915625
59.32956640625
291.88190625
24.85304296875
430.54275
248.08734375
187.641046875
51.15858203125
235.309203125
220.21340625
221.456640625
279.6465
418.16425
98.530234375
448.4153125
368.7854375
437.50453125
64.25944921875
367.29078125
239.894984375
107.3902421875
471.6505
253.448234375
172.79721875
353.05253125
121.71296875
118.5828984375
261.443421875
226.665015625
68.913859375
50.21740234375
467.60390625
412.303375
146.82765625
223.29009375
112.25425
117.82440625
40.347640625
214.007171875
225.446859375
309.48846875
340.3515
356.36265625
316.874
141.296234375
180.2378125
319.510875
180.3378125
175.8585625
318.30234375
407.59290625
382.01290625
204.24909375
324.18628125
212.3308125
305.3848125
120.2547734375
266.01696875
80.8686171875
160.31121875
312.5751875
146.54796875
83.9548515625
242.082921875
95.62334375
78.2581484375
218.54609375
248.169640625
141.65534375
313.98725
285.5829375
171.506546875
136.821375
165.003140625
359.1748125
64.73344921875
421.2704375
299.1069375
156.070265625
131.043109375
141.176734375
307.89315625
187.6223125
137.260328125
103.335625
82.73546875
481.25846875
52.73073046875
341.24275
174.574734375
510.58240625
280.602625
