13.6401669921875
126.2002578125
24.534341796875
169.768671875
42.62790234375
79.1365234375
31.820931640625
10.09721484375
45.64944921875
23.694869140625
33.33766796875
96.7215390625
97.8735390625
15.140681640625
182.8875625
99.081890625
21.801806640625
16.2941064453125
52.6335546875
24.320740234375
45.32331640625
3.271003173828125
26.680283203125
80.2465703125
28.936740234375
194.318265625
37.9770078125
80.1180625
35.70009765625
64.38454296875
27.5097109375
22.869615234375
421.853
36.39039453125
31.180919921875
246.791734375
81.937421875
151.003015625
10.5650439453125
5.28557275390625
42.2125703125
37.95241015625
26.550283203125
145.84715625
71.991046875
76.6209921875
101.84859375
102.1876640625
40.81356640625
175.05153125
13.791529296875
24.7945546875
40.026953125
52.659359375
65.9618046875
26.6821640625
89.5772421875
36.51067578125
27.8219140625
12.2718095703125
213.491828125
47.26908203125
21.5900078125
22.72271484375
12.950490234375
117.0549140625
28.766939453125
51.92435546875
209.038015625
69.527359375
43.55241796875
5.088025390625
162.045015625
47.6068671875
80.26590625
21.09829296875
8.9496533203125
144.16534375
87.0785
76.62234375
41.2242265625
123.7096328125
212.5423125
55.7321953125
170.26990625
20.5585078125
55.743796875
12.1787041015625
10.550880859375
111.1013125
7.3313525390625
35.4719375
58.094359375
165.399296875
26.16104296875
40.83765234375
28.09398828125
145.22265625
75.0553828125
89.2292265625
181.38428125
53.32958984375
83.3620625
321.89053125
6.0285458984375
32.3448984375
71.8632421875
20.5445078125
79.9177109375
30.3543359375
7.9816572265625
12.9086611328125
115.1436015625
2.553318603515625
326.25578125
63.04526171875
6.557625
18.58021875
168.3579375
133.334109375
31.77251953125
23.750142578125
148.259
82.0229609375
16.162326171875
60.46498046875
51.7001171875
41.00580859375
11.9145673828125
77.393359375
19.98108984375
89.3181875
102.6996640625
196.21240625
62.12119140625
259.2216875
22.758466796875
15.0370009765625
84.4318203125
104.5508203125
115.2646171875
17.423162109375
241.07228125
55.25164453125
10.9213583984375
29.139587890625
14.49920703125
4.5298115234375
47.5702734375
47.89923828125
55.35303515625
11.57529296875
6.10925732421875
46.3287265625
30.549474609375
134.51734375
52.66755078125
178.44325
15.3683349609375
32.485904296875
238.848046875
8.27815625
33.47597265625
19.17905859375
65.839484375
206.128671875
41.03073828125
34.03441015625
54.595640625
107.288171875
71.389546875
16.95237109375
362.61075
27.882896484375
24.214408203125
90.88509375
51.20654296875
90.0148984375
15.185599609375
13.3424697265625
8.05491259765625
90.2529609375
10.9581298828125
56.744296875
12.2382158203125
85.949671875
17.85437890625
15.1584814453125
88.61746875
51.47581640625
23.003853515625
54.926015625
17.667546875
16.383611328125
10.4017314453125
48.70440625
30.9794453125
1.8746544189453125
55.80279296875
88.316234375
20.424484375
58.198484375
38.6763828125
129.22771875
16.91976171875
64.30762109375
128.06215625
260.2115625
186.74628125
208.6953125
84.656265625
152.128890625
8.9300634765625
11.5884873046875
33.241875
30.95171875
133.79615625
29.026845703125
25.1376953125
6.3036796875
240.58084375
36.2763046875
24.88433203125
107.588953125
10.75108203125
14.8568115234375
76.1235390625
60.588171875
49.7711640625
50.224734375
93.3536953125
47.03131640625
8.400419921875
47.97423828125
81.4604609375
15.737685546875
26.603451171875
19.409076171875
32.317939453125
71.119828125
18.26539453125
46.2472578125
88.6864609375
333.656875
215.59878125
22.411994140625
53.970953125
49.3418359375
15.567810546875
29.165564453125
100.5271875
206.89175
366.33725
62.3079609375
10.8537802734375
278.811125
75.87790625
10.454046875
123.5683828125
45.05817578125
118.0812890625
189.05434375
121.5051640625
50.4035234375
352.46178125
161.7266875
9.051505859375
26.052138671875
163.357265625
48.712671875
141.089328125
8.4046064453125
17.2574140625
47.07299609375
27.766740234375
82.7641640625
10.6766298828125
133.32325
54.20084375
60.06259375
21.7432265625
80.8656484375
55.321015625
80.810015625
26.551455078125
92.52475
119.5898515625
76.701828125
27.906107421875
155.501671875
6.1491171875
57.44051953125
69.8870234375
22.453205078125
16.390064453125
14.4579697265625
47.55980078125
90.354484375
24.948775390625
105.1992421875
105.1673125
12.3323056640625
70.534578125
53.8470546875
4.6487529296875
6.669482421875
26.125734375
66.334453125
9.0654404296875
62.32117578125
6.47976318359375
10.482
37.825828125
26.525638671875
20.193701171875
31.871009765625
40.719390625
113.073203125
105.4503984375
15.9323837890625
44.72994921875
24.39385546875
7.41055322265625
129.9456953125
64.25864453125
29.149931640625
8.145021484375
43.17116796875
34.49946484375
66.7842109375
55.28578515625
5.29671728515625
18.19253125
64.77423046875
41.89366796875
136.70103125
153.227609375
57.26798046875
45.8613046875
45.70001171875
10.9706162109375
30.417685546875
68.661015625
75.1723828125
35.5635625
26.70915625
63.1029375
31.3881171875
36.19586328125
96.9331875
78.8019453125
79.902453125
11.73412890625
25.1044453125
15.1054833984375
77.314375
51.815953125
23.5900625
35.02529296875
59.98143359375
15.049623046875
90.4671640625
75.0634609375
117.9548125
6.99504052734375
154.26146875
33.2243125
65.290390625
12.62297265625
20.928375
338.4465
80.46196875
424.31490625
177.9995
31.963236328125
227.9161875
19.692927734375
5.582908203125
51.8283828125
10.5793466796875
38.707421875
5.72994921875
17.10740234375
13.4169697265625
30.999619140625
13.5045595703125
230.85665625
46.96749609375
54.4095546875
18.9964765625
49.4407578125
44.81028515625
71.4157734375
37.59808984375
79.71015625
74.65965625
64.898109375
85.9602421875
48.239703125
84.518671875
14.886529296875
86.8775546875
19.5884140625
172.987484375
73.7378203125
278.985375
28.52029296875
25.467884765625
12.5993994140625
143.476234375
11.5977236328125
28.733296875
12.7690009765625
25.8620546875
34.81336328125
50.889546875
82.745140625
12.5880751953125
74.067359375
39.26925
41.223734375
55.0896015625
183.459546875
124.2529453125
44.18119140625
35.86357421875
43.09555859375
20.6150859375
14.246234375
16.534181640625
11.039126953125
36.07616796875
22.845228515625
22.461646484375
200.484625
57.36759375
178.504015625
117.7170078125
71.37928125
20.2135078125
17.17661328125
13.838359375
38.6203671875
10.0397470703125
124.717921875
229.841015625
67.162265625
71.8789765625
63.01594921875
26.489025390625
258.7485625
28.1858671875
142.9126875
88.2703515625
46.50104296875
16.317015625
123.61109375
116.768875
28.576794921875
12.2439970703125
13.900353515625
5.13033837890625
6.0027880859375
211.8099375
72.064984375
49.4072421875
14.183068359375
27.447654296875
9.004802734375
114.79265625
63.81900390625
33.002015625
9.60858203125
44.153765625
119.236078125
26.88690234375
8.9391806640625
26.838048828125
21.90750390625
21.09740234375
92.564171875
19.3785859375
7.23333642578125
80.488921875
55.59997265625
150.80925
146.103375
18.838314453125
27.458177734375
30.8577890625
57.82463671875
12.9724912109375
14.6605205078125
99.144546875
4.40945703125
26.68458984375
49.80576953125
23.844529296875
80.8386171875
287.53625
54.3459765625
63.9267734375
76.3281875
16.347615234375
174.15028125
22.05981640625
4.7535361328125
20.879505859375
140.374421875
80.2368984375
35.68863671875
103.843203125
36.518390625
26.07105859375
11.0530361328125
80.771671875
251.008765625
44.22798828125
119.92284375
18.619380859375
29.314236328125
20.9699765625
120.91446875
38.868109375
18.877541015625
50.34913671875
73.0587578125
21.49441015625
20.30015625
85.3204140625
306.36121875
7.5225849609375
73.187171875
335.09003125
181.259953125
192.94378125
41.1688125
20.469921875
74.1836796875
8.61548828125
61.336015625
15.090306640625
43.734953125
55.155703125
100.12478125
78.65109375
68.8892578125
93.2443984375
243.911890625
21.862380859375
23.22456640625
53.12803515625
43.54478515625
32.118060546875
87.81809375
28.841603515625
43.1076953125
17.80716015625
78.8579453125
28.6148359375
255.554953125
22.308625
21.02369921875
269.5294375
76.3624375
69.161359375
13.2740302734375
48.22026953125
23.81987890625
19.835765625
14.2658388671875
57.6191953125
52.1469140625
35.8797578125
7.5037041015625
81.582796875
27.196220703125
15.7841845703125
34.530265625
9.6087998046875
22.268958984375
89.88134375
187.05465625
82.648640625
50.53059765625
5.08433056640625
114.67140625
327.96834375
28.311107421875
165.330609375
108.77196875
56.10755078125
24.637755859375
175.626125
22.162
50.37876171875
50.8473046875
48.569921875
12.8687646484375
143.3816875
19.545724609375
165.287421875
133.269453125
5.130408203125
27.872716796875
2.6025517578125
18.394796875
19.311158203125
78.492
129.590125
49.00162890625
22.747376953125
146.07709375
34.80475
42.95982421875
48.7785390625
88.087296875
107.0107890625
76.4557265625
104.6910234375
113.699578125
327.51828125
45.0194609375
19.373775390625
108.895875
25.107759765625
232.435734375
55.7046640625
106.028125
19.51853125
18.408884765625
197.83134375
156.302328125
145.080140625
19.2067265625
77.053203125
49.5203125
15.91792578125
13.8116962890625
18.43433984375
29.59651171875
39.87623828125
36.13408203125
58.94575
93.1182421875
106.2046875
46.37225390625
56.3977109375
89.6103359375
134.20746875
42.03180078125
35.540078125
23.670857421875
61.860421875
26.785162109375
21.20431640625
310.49309375
145.605
55.10347265625
381.4428125
23.4585625
56.83883984375
24.28975
12.3348046875
152.954484375
102.919609375
22.94628125
41.31094140625
59.202984375
38.64954296875
18.32880859375
112.249046875
26.140943359375
75.3201328125
74.0604296875
22.8460625
30.777669921875
26.36678515625
8.589103515625
24.399626953125
115.139734375
195.92390625
36.8094765625
45.97886328125
146.969984375
136.041453125
29.3730859375
174.2031875
85.487859375
86.2260234375
61.2786953125
62.4015390625
60.19693359375
91.7244609375
20.171306640625
19.3595859375
37.704765625
149.88871875
380.5179375
229.68240625
117.179109375
140.733890625
28.046646484375
93.8314140625
35.37458984375
15.1724365234375
111.8818828125
87.8184765625
27.23330859375
14.74855859375
262.65859375
126.8874296875
32.05738671875
41.3544921875
75.9428203125
22.05965625
17.05951953125
356.88546875
49.65226171875
120.4531796875
8.0191748046875
10.7604599609375
81.6054921875
49.63005078125
24.512986328125
9.2740712890625
91.7564765625
127.1130234375
8.0444482421875
179.156625
7.24037646484375
68.060078125
129.5158671875
28.897466796875
3.48737890625
18.72983984375
33.9194296875
177.50096875
69.6385
63.94292578125
64.01880078125
35.52748828125
14.8758251953125
4.261673828125
74.1559765625
78.25496875
253.06175
112.46034375
67.15646875
101.537375
8.332685546875
4.366302734375
14.882166015625
43.5517578125
51.7997578125
28.097486328125
41.25218359375
28.8145
356.808125
15.064037109375
350.34109375
29.010916015625
17.625072265625
7.2377724609375
150.346296875
62.68758203125
19.8646484375
36.10970703125
43.81404296875
59.06086328125
110.509875
3.54658837890625
23.810875
26.541173828125
95.4617421875
27.4748359375
84.8068125
12.0322109375
84.7738828125
35.81864453125
69.589546875
13.5987587890625
37.98211328125
15.3095009765625
12.1808134765625
70.1486796875
113.693015625
13.386166015625
6.43663232421875
190.1505
14.2635849609375
132.33934375
9.870173828125
17.556560546875
12.91719921875
71.375609375
45.4206171875
16.850392578125
14.7756337890625
19.842771484375
65.5365703125
59.871359375
2.656688720703125
42.469859375
36.70755859375
266.57721875
6.93461572265625
9.059537109375
13.49402734375
205.379109375
42.965484375
13.7260888671875
26.8963125
21.36941015625
3.750755859375
113.075984375
105.4443515625
22.842509765625
27.067875
117.1894140625
27.323892578125
48.44961328125
20.0096875
128.459375
279.074
12.3965654296875
38.2416015625
25.63862890625
5.0176787109375
18.051830078125
326.68303125
282.567875
71.8206953125
12.613185546875
167.017453125
34.62387890625
13.8688212890625
58.619359375
59.53845703125
7.96730615234375
43.3015859375
75.250921875
50.93794140625
95.699640625
15.95346875
35.36189453125
63.5377890625
43.61517578125
37.73108203125
32.0198828125
38.39984765625
6.00163525390625
39.51864453125
53.32548046875
58.186921875
107.7340546875
78.5678515625
191.900875
51.82048828125
23.695333984375
38.3676015625
25.742572265625
43.53537109375
75.07496875
239.72278125
33.85663671875
128.5298671875
59.38173046875
87.5445703125
68.6165859375
23.4061015625
162.682328125
91.922921875
97.5234375
114.0025625
88.0464140625
141.409421875
96.2770625
30.42690234375
201.578984375
29.21019140625
155.24365625
255.98690625
5.60281689453125
251.458734375
37.41823828125
167.32103125
156.03796875
124.6734296875
150.528109375
32.03835546875
2.0015594482421877
160.134109375
24.184990234375
24.54398828125
35.32373046875
28.90114453125
64.56584765625
36.47730078125
62.88755859375
125.26803125
101.1064140625
33.01832421875
33.94912890625
63.16716015625
8.0490390625
90.294421875
10.087537109375
43.358640625
182.57271875
42.26917578125
13.562947265625
119.0782578125
234.98134375
16.7513046875
10.2720263671875
46.0770078125
39.35247265625
21.939681640625
26.749578125
149.80790625
40.93180078125
59.44148046875
147.503796875
9.0593837890625
82.9390078125
70.4209921875
14.7204306640625
57.30934765625
14.6552353515625
43.35587109375
169.025421875
26.821384765625
68.366546875
67.5411171875
134.805015625
48.3031171875
13.1470576171875
59.30426953125
83.3772109375
43.33362109375
16.06460546875
113.9033359375
71.51046875
72.3237578125
57.05901953125
192.9589375
9.3027568359375
39.2257734375
100.9638671875
29.776228515625
74.47225
380.810875
40.31947265625
29.562
28.35665234375
18.656697265625
52.9454453125
16.450341796875
97.1228125
138.2706875
66.5224296875
94.623828125
164.911515625
37.99213671875
87.0661484375
76.3859140625
248.55071875
20.9248671875
70.220984375
83.9364453125
10.2965361328125
9.99018359375
57.35139453125
41.232046875
42.8487578125
11.0129619140625
90.7505625
95.2320234375
76.008859375
16.1453994140625
40.93335546875
95.5362578125
156.2273125
37.94333203125
31.86635546875
38.87998046875
13.1826787109375
105.6380390625
12.938255859375
80.7871328125
158.634109375
67.235046875
52.3582265625
155.70821875
1.1437537841796874
49.93707421875
144.78303125
55.1520234375
14.176423828125
398.25103125
55.4089140625
10.992642578125
24.92169921875
25.691064453125
33.320921875
38.94981640625
274.38775
17.83940234375
167.44359375
8.4524384765625
59.12577734375
7.101701171875
18.6027421875
25.7079453125
31.657916015625
20.555671875
75.1323046875
76.3189375
96.979859375
37.58691796875
128.252078125
17.994271484375
13.079060546875
64.46437109375
19.287568359375
27.816009765625
198.25978125
19.04374609375
161.668796875
41.912046875
119.571734375
16.771646484375
75.8264921875
13.9971826171875
61.5456015625
104.95871875
15.61015625
93.2520390625
9.661068359375
33.902578125
21.685857421875
17.741958984375
215.4459375
21.206453125
11.3937119140625
25.229828125
58.95604296875
57.100875
37.55838671875
41.3415625
31.2213046875
43.6812734375
52.1806640625
8.9403466796875
11.048513671875
24.128681640625
31.132806640625
32.381181640625
89.0226953125
54.06555859375
168.325859375
31.48033203125
107.5838671875
168.9884375
86.5111796875
31.308359375
12.116060546875
9.77070703125
24.631162109375
15.295662109375
7.69915283203125
12.1530419921875
1.537453857421875
75.9457421875
63.23034765625
62.0613125
45.93902734375
363.28925
79.2061171875
93.7606328125
25.20955078125
88.4638125
172.95128125
19.491361328125
116.2161171875
10.8957666015625
151.81121875
88.3919921875
33.9542109375
15.4799384765625
262.638625
47.36829296875
97.8846484375
17.5535546875
95.956671875
351.80196875
44.42540625
31.028837890625
269.88540625
110.110421875
130.448890625
93.5875703125
31.359201171875
183.87803125
133.1876875
87.1345
211.260109375
35.12159375
8.12708984375
92.2672578125
59.13689453125
143.57465625
10.222814453125
36.00946484375
35.69517578125
90.1626015625
49.6023203125
21.70403515625
42.1394765625
20.131603515625
53.69362890625
11.4304296875
150.262984375
69.75959375
53.069484375
93.0284609375
35.57198828125
187.756375
39.271546875
5.85222998046875
97.984875
26.519603515625
29.45548046875
209.493125
48.7175
15.5865166015625
33.0293515625
2.28962548828125
70.9649375
114.89628125
165.713640625
11.868044921875
27.4290078125
19.329806640625
84.4455234375
9.917642578125
100.9683984375
20.925875
381.06
79.8424921875
21.172564453125
70.7391171875
147.78275
364.50028125
14.14873828125
4.72583447265625
36.36340234375
42.636234375
178.876875
112.81584375
21.23908203125
217.021484375
60.1511015625
4.91242333984375
41.27245703125
32.523498046875
49.16260546875
18.417802734375
42.433546875
190.5773125
8.800591796875
30.312828125
74.0165
46.75904296875
86.4820234375
16.802080078125
87.4465234375
23.38853125
35.50631640625
32.80065625
20.781640625
102.285
63.91730859375
25.559087890625
5.4870810546875
125.8013125
24.56813671875
29.791650390625
17.068234375
21.71968359375
9.5327060546875
56.7563125
25.093826171875
1.3952926025390624
62.68037890625
130.5637890625
298.71534375
152.000109375
20.52240625
46.83394140625
14.79553515625
87.2193984375
57.96610546875
9.20573046875
50.15776953125
208.40134375
17.684375
172.086546875
16.14567578125
84.2895390625
66.526265625
35.068734375
244.160203125
16.082892578125
3.171732421875
30.120330078125
236.61978125
76.5684296875
35.13509765625
33.90111328125
92.9924140625
40.99707421875
31.740798828125
22.41221484375
35.21958203125
61.03681640625
46.50253125
45.32273046875
20.653421875
171.199734375
107.160515625
55.476375
100.1051796875
36.1593125
76.2178359375
25.3502578125
35.42108203125
48.26733984375
83.7639140625
110.1284296875
95.576765625
16.963455078125
86.52028125
20.5420703125
106.61115625
24.630078125
70.3080703125
124.024484375
11.647751953125
8.82501953125
73.65140625
34.93247265625
101.7573203125
32.9919765625
41.632
22.122068359375
189.42071875
20.0720234375
28.80287890625
110.9097578125
44.69724609375
8.39830078125
68.02521875
48.77885546875
26.609966796875
35.764296875
46.400015625
30.775287109375
70.3504296875
28.31714453125
49.81695703125
150.54609375
28.575212890625
80.496234375
15.4408798828125
125.1623515625
38.0234375
30.26634375
14.7533994140625
34.24841015625
48.76036328125
359.9950625
115.6134765625
29.72846484375
237.63384375
34.31026953125
56.744140625
158.31590625
137.40846875
32.94313671875
77.469640625
81.8905859375
80.3559453125
21.913482421875
22.154248046875
10.9486396484375
84.578125
99.8333984375
11.48206640625
48.9684375
56.14737109375
29.441037109375
12.84503125
73.986140625
9.4292900390625
36.16669921875
77.712
16.1360029296875
84.479875
15.48549609375
53.170875
122.869953125
70.7625703125
19.735228515625
30.1554609375
130.917375
64.18382421875
164.285890625
17.176734375
47.48894921875
203.90203125
192.592203125
98.417421875
22.29844921875
115.761109375
40.26713671875
161.3369375
27.08913671875
108.074421875
25.76150390625
66.7218984375
61.510984375
23.244314453125
10.7106923828125
179.791453125
7.41689892578125
168.138046875
64.696375
246.037875
24.50093359375
87.9406796875
31.6729140625
23.93824609375
20.456740234375
75.390625
52.8428203125
46.85750390625
78.38015625
44.553671875
203.902859375
166.785859375
13.621572265625
22.28470703125
86.985
93.3451796875
39.452765625
254.318765625
102.3480546875
48.146328125
18.16853125
44.87276171875
4.85957958984375
9.7349091796875
42.92846875
9.5069560546875
352.4793125
27.22847265625
55.0069375
60.47769921875
57.047046875
59.035921875
129.5021328125
56.502359375
70.9198125
251.8253125
19.219482421875
60.6513984375
32.639748046875
40.73860546875
9.409919921875
37.4198359375
6.66155224609375
55.05843359375
63.452765625
23.524427734375
10.6708232421875
15.289341796875
291.36778125
108.6047734375
29.38235546875
97.12925
10.171666015625
32.456236328125
26.385923828125
44.541171875
114.344390625
41.1446484375
27.679326171875
97.204765625
18.101259765625
10.096177734375
47.4206328125
16.57769921875
10.2382333984375
8.68209375
6.20400244140625
12.8288359375
19.404873046875
104.1929375
78.1685078125
67.6749921875
79.4331796875
26.41713671875
357.8623125
26.0681171875
44.89918359375
59.39272265625
48.1921328125
32.96795703125
48.01533984375
37.85214453125
23.45041015625
18.87292578125
9.170673828125
12.08423828125
126.0464140625
34.16421875
92.920890625
49.95116796875
45.6378203125
99.7843828125
196.08678125
22.165240234375
38.3068984375
50.1025
16.4585078125
13.343857421875
62.55912890625
9.9680322265625
122.0198125
44.912765625
61.34424609375
19.76359375
31.522361328125
11.9299462890625
34.728125
28.122599609375
94.5454765625
21.291076171875
103.6046796875
21.63297265625
166.745328125
2.07598388671875
47.5404609375
20.990091796875
193.789703125
163.0495
58.533609375
274.72846875
21.93670703125
27.2468359375
9.72661328125
79.141359375
10.37530078125
8.3027236328125
17.380029296875
132.057375
194.144546875
75.09028125
27.181375
59.3696875
242.628953125
71.3382578125
17.786544921875
12.340322265625
13.848685546875
23.359455078125
362.91865625
53.56990234375
11.6207470703125
75.5021484375
67.6960234375
173.990296875
23.843814453125
27.179435546875
46.10309375
47.73798046875
27.081919921875
8.939314453125
7.6402548828125
102.7364765625
101.8288828125
20.949484375
91.3968984375
134.7276875
23.184609375
27.47710546875
134.44890625
36.56326953125
4.3312109375
174.544484375
11.0548828125
82.5071953125
48.91737890625
36.283890625
18.346521484375
36.44330078125
60.9371953125
23.35583203125
17.251470703125
87.1036953125
173.220421875
56.78969140625
20.865724609375
25.40962109375
53.5076953125
351.52959375
14.3810908203125
20.09359765625
91.058828125
12.439462890625
55.8470390625
86.807546875
15.9341875
15.1401494140625
25.97251171875
9.0284443359375
81.5252421875
4.23212646484375
10.7227939453125
76.238046875
56.1815859375
10.6000078125
7.02561181640625
8.424865234375
38.51038671875
40.42315625
10.5653193359375
78.9491015625
80.28725
179.04946875
201.1924375
150.21178125
27.4879453125
6.74750830078125
9.5172138671875
9.0645498046875
87.70721875
246.690015625
190.822359375
18.798560546875
23.415443359375
5.7472333984375
35.23253515625
85.890390625
31.7885703125
6.47857275390625
25.502294921875
9.482458984375
126.812140625
38.7260703125
54.92415625
34.59648046875
61.30452734375
5.2412626953125
21.53671484375
49.81661328125
376.69771875
15.5954619140625
11.5889794921875
7.5461181640625
130.791953125
14.7623134765625
27.92754296875
16.759548828125
205.76334375
8.0378505859375
80.2014921875
24.744763671875
32.796234375
205.002296875
3.80223681640625
32.040259765625
85.3413359375
15.7915341796875
9.8396572265625
13.2075029296875
8.721765625
130.3191953125
43.1326640625
29.527345703125
244.9174375
58.9855703125
15.8673388671875
36.76884375
23.165900390625
15.204224609375
75.063
34.6167265625
44.33396875
49.78658203125
144.7115625
43.10052734375
165.671375
12.972494140625
68.6455
34.44847265625
36.534515625
143.46628125
37.77556640625
147.908984375
78.1300234375
18.6659140625
364.77425
54.1483359375
82.832296875
115.407015625
46.0574453125
76.9421953125
35.27485546875
70.4244140625
200.40571875
147.340515625
188.357421875
48.56786328125
162.911171875
94.9579453125
259.22221875
14.7729013671875
28.5396953125
27.916681640625
136.119625
43.12215625
34.59321875
148.098328125
12.1821357421875
57.73045703125
199.000921875
43.50238671875
175.98734375
108.4691328125
79.07384375
64.02780859375
17.752208984375
70.24928125
12.090876953125
16.54762890625
24.080947265625
2.158490966796875
136.9605
27.77815234375
14.6633388671875
114.469515625
81.3648125
22.919099609375
308.60065625
29.409513671875
186.633828125
19.668701171875
64.31248046875
8.1803857421875
39.65443359375
21.90186328125
21.124037109375
42.35622265625
28.262994140625
18.808859375
142.911375
7.9265771484375
35.41429296875
36.32373828125
60.23026171875
6.5268515625
21.5213671875
36.4813515625
197.80775
146.3556875
65.577875
10.913630859375
76.2036875
26.733189453125
7.6080908203125
39.7424921875
37.4804609375
50.889265625
2.159001220703125
4.53286669921875
13.4747734375
20.641841796875
24.416248046875
9.821212890625
88.5094609375
251.22221875
20.429583984375
19.436484375
112.299359375
17.609646484375
39.1842578125
8.13698681640625
73.5866328125
87.9956796875
62.3779296875
3.86505810546875
31.937541015625
200.006328125
72.503359375
79.734609375
134.379859375
6.42433251953125
11.99570703125
91.9179453125
130.1450703125
49.6606015625
6.875041015625
39.6291953125
11.5506962890625
121.7308515625
39.22089453125
62.6227421875
42.70511328125
9.4770712890625
12.2496484375
7.47816064453125
68.421390625
69.0145625
32.97358984375
80.84146875
35.39094140625
30.92441796875
27.289830078125
99.9566640625
329.1365625
222.692609375
233.0563125
235.13021875
70.1268515625
142.227875
25.550591796875
28.306296875
5.8487236328125
207.302
75.216140625
90.321234375
63.38904296875
23.937271484375
23.849142578125
46.6292578125
19.512029296875
208.218
82.131234375
4.53501611328125
15.654783203125
34.70206640625
79.5341796875
5.8804072265625
45.8418984375
80.7320078125
15.5023759765625
110.5757578125
95.245796875
182.883546875
193.456046875
142.252875
311.93559375
167.452234375
13.5666572265625
32.67179296875
13.5088017578125
28.455064453125
113.8275234375
24.6288125
22.525583984375
13.2050107421875
37.56659765625
68.29128125
49.44906640625
101.3378515625
88.32696875
25.7363359375
93.6165703125
6.43343896484375
111.573671875
63.23439453125
69.9780859375
55.27711328125
16.902685546875
184.01440625
106.8659140625
32.4907890625
162.36125
44.50855078125
40.2360078125
149.527140625
40.483390625
250.130984375
95.4618046875
7.79292333984375
218.45234375
88.5788828125
47.29533984375
82.345609375
71.64796875
217.037375
33.877203125
55.80651171875
27.40198046875
116.2036171875
8.6467001953125
9.0835615234375
70.9932890625
33.45242578125
46.52975
59.1570546875
80.1467265625
231.91515625
33.88200390625
36.3082578125
32.87087890625
36.6191328125
25.40281640625
268.622375
39.40345703125
46.5923125
64.28687109375
53.603203125
4.5997744140625
8.292287109375
24.10404296875
16.960279296875
44.5645625
18.24150390625
96.7453203125
9.925943359375
62.18706640625
21.76185546875
11.2016318359375
82.4090546875
28.312466796875
24.97757421875
12.2368486328125
47.4841484375
62.4363984375
42.99669140625
81.4007734375
313.3244375
95.2199921875
34.6656875
81.2612890625
64.48765625
32.523248046875
40.0169765625
50.32899609375
84.8831875
7.63904150390625
31.66194140625
3.6212646484375
18.7827421875
15.6177431640625
48.3312890625
12.86113671875
3.145328125
62.74269140625
36.600671875
62.484828125
38.86787109375
65.10061328125
23.78115234375
84.7172109375
369.01240625
65.33093359375
129.813234375
70.2434375
43.21549609375
148.960734375
22.09070703125
126.3753046875
14.0081474609375
142.708109375
57.21875390625
36.58062890625
38.53553515625
17.77949609375
16.0686513671875
115.925234375
68.069890625
40.7594140625
53.2737734375
67.388828125
170.23046875
25.20289453125
31.130595703125
13.6755537109375
12.0132080078125
49.78627734375
10.6761767578125
85.4164375
9.41321875
29.328365234375
238.148109375
25.550833984375
35.968328125
42.525734375
27.874419921875
27.200951171875
16.43203125
95.3091953125
48.60709765625
66.20403125
30.105353515625
107.50590625
3.253127197265625
26.6964453125
13.0147783203125
37.60708984375
94.8899375
171.938046875
101.8520078125
13.561734375
31.778572265625
97.226640625
26.924330078125
22.07758203125
10.1501396484375
21.066712890625
142.016578125
53.85315625
10.136353515625
85.688421875
63.7380234375
80.2162890625
33.1738125
135.83834375
33.729359375
60.63697265625
23.328896484375
68.1901953125
13.4269384765625
60.3153984375
27.142115234375
21.356435546875
59.04138671875
18.380697265625
10.2687880859375
89.8130859375
148.268171875
210.186953125
73.68034375
10.8464853515625
25.4445546875
57.162
67.914515625
12.2468095703125
11.9292421875
21.6157734375
99.5508125
7.0875244140625
19.587099609375
31.7556171875
33.17783984375
46.8437890625
163.197953125
53.32761328125
170.336296875
92.30759375
46.869890625
8.13077880859375
4.93334765625
111.1513984375
100.8256875
156.188296875
3.719539306640625
83.707328125
38.9280078125
134.503546875
34.38025390625
76.873390625
19.462609375
164.606
9.0893564453125
177.703625
118.948578125
9.9037060546875
128.34365625
26.989521484375
127.2404140625
25.11702734375
42.31508203125
68.165515625
7.04890234375
32.38409765625
27.205869140625
75.9745625
91.524546875
1.554516357421875
199.822140625
14.06938671875
6.61859521484375
224.61496875
12.5533369140625
31.76764453125
59.0856328125
34.40734375
329.64703125
21.33683984375
55.99901171875
43.18628125
39.819515625
10.674349609375
55.4409375
32.529552734375
14.30699609375
33.07244140625
17.52918359375
46.15905859375
161.470375
138.913984375
176.127046875
93.500109375
44.81103125
58.10593359375
54.98779296875
118.57103125
23.755529296875
26.456953125
47.25125
16.0999482421875
27.196783203125
9.3737392578125
40.13474609375
67.6850546875
230.466453125
24.539265625
19.8122578125
22.8124453125
74.0692578125
55.80022265625
50.39038671875
36.086578125
66.420078125
40.1329921875
43.795078125
26.532021484375
8.6777216796875
241.8613125
15.5992373046875
38.53133203125
39.57098828125
29.836189453125
58.26435546875
48.4106015625
24.8476640625
76.6648984375
17.540806640625
18.89124609375
21.81601953125
27.999841796875
20.1382890625
41.98063671875
147.285734375
13.270068359375
3.334573486328125
208.05928125
83.200375
129.0895078125
142.48415625
21.734046875
84.692484375
175.481265625
44.534578125
23.141103515625
55.9942734375
4.40595556640625
188.29684375
73.5195859375
10.6127236328125
54.9987265625
10.39023828125
56.2151328125
2.0354383544921877
85.490640625
10.9539189453125
18.38798828125
151.94234375
16.980638671875
32.29580859375
9.60931640625
49.46541796875
69.3229921875
2.949729248046875
159.22575
19.855771484375
29.172822265625
185.2416875
4.25941064453125
102.16578125
31.7180234375
11.81913671875
367.1065
72.77903125
10.5479013671875
22.272146484375
194.3728125
146.182
148.65321875
20.055353515625
20.91022265625
25.6036484375
26.11558984375
9.9886103515625
72.3333125
71.2786484375
9.348099609375
9.956484375
1.473805908203125
142.433078125
11.442486328125
4.95090625
17.14208984375
4.97388232421875
10.220876953125
28.114126953125
28.18244921875
11.34734765625
63.6145078125
25.709392578125
27.26201953125
116.7866953125
17.304435546875
93.04325
92.71221875
63.97778515625
33.60925
88.387375
89.6180859375
142.17190625
36.38518359375
16.59337109375
41.3571484375
67.33290625
43.8430234375
13.8684990234375
11.0657392578125
98.09596875
33.0246640625
151.931234375
219.686046875
97.3471875
9.315736328125
340.87734375
61.63062890625
136.03225
24.642755859375
43.44125
119.79759375
32.579404296875
71.6869765625
4.90264208984375
312.5365
254.776640625
8.6696640625
60.94002734375
128.96859375
84.2368515625
34.477140625
178.711875
36.40133203125
26.0091875
7.04107275390625
39.8321328125
18.722876953125
3.91241748046875
77.9874453125
4.088661376953125
134.221234375
68.902640625
277.9001875
21.67194921875
53.3058125
50.11081640625
177.69090625
33.55071484375
76.1526953125
17.54731640625
58.79701953125
27.9574296875
104.265140625
73.5845546875
17.446087890625
80.7775234375
104.8130625
13.1080048828125
74.6184765625
253.757453125
16.28144140625
186.57790625
24.2852265625
65.6334765625
62.88796875
28.32483203125
54.4013671875
147.053609375
274.7169375
153.5625625
77.598875
10.3562099609375
19.886978515625
55.8394609375
74.046921875
8.03765283203125
80.481234375
393.05471875
18.21844140625
38.2536640625
14.469560546875
38.424640625
55.53938671875
30.416771484375
95.9638984375
99.2763984375
29.525015625
16.3717705078125
31.616345703125
107.9831328125
34.274640625
132.73065625
112.9025078125
35.0815859375
119.047921875
37.4566640625
44.9721953125
8.8734052734375
225.13134375
44.5880625
25.7532890625
99.2918203125
57.42880078125
15.8278955078125
34.889890625
52.36634765625
350.7235625
96.515265625
2.852739013671875
41.076234375
31.68706640625
7.2888125
79.605828125
42.55263671875
16.409458984375
75.5548203125
19.983
45.22739453125
39.29453125
8.8521904296875
227.09928125
2.738833740234375
17.40094921875
113.9027421875
55.857921875
28.508765625
155.3833125
69.3160078125
24.417005859375
41.51547265625
151.25159375
24.095759765625
93.792625
77.848828125
163.470203125
321.24925
34.35909375
25.644333984375
2.4294091796875
133.084265625
25.572515625
171.18725
17.980544921875
66.301171875
164.396390625
261.85315625
44.14617578125
155.454125
47.9434453125
112.84621875
16.551216796875
121.2526015625
29.623265625
29.27826953125
4.44914208984375
143.24534375
137.922546875
46.2541171875
123.0519140625
67.437296875
6.769234375
35.74976171875
5.43129345703125
112.1250625
53.01147265625
245.959578125
19.83130859375
30.548154296875
52.17476171875
41.9664453125
61.6261328125
64.1743203125
77.3232421875
52.02105078125
60.9575625
33.37784765625
53.53992578125
56.26381640625
42.95148046875
26.36418359375
101.518921875
50.591984375
43.0743203125
45.01548828125
4.8034052734375
123.80728125
50.53691796875
2.87888720703125
124.0035625
38.62389453125
131.575828125
30.924818359375
26.298830078125
33.8899453125
276.16346875
72.0795390625
7.16895458984375
41.6693125
45.8519921875
84.3833984375
7.12372119140625
66.1148671875
100.2075625
119.71890625
124.8068671875
228.902921875
36.85932421875
33.26403125
64.63291015625
15.5348681640625
14.5444658203125
71.3610625
148.193
267.89165625
44.59213671875
59.95752734375
212.3135625
30.593091796875
206.82515625
45.090578125
54.3523359375
15.5048740234375
101.2190859375
28.023287109375
198.195296875
13.491748046875
62.384375
47.965421875
128.2213984375
11.4072265625
66.95653125
7.25096435546875
89.258046875
191.714765625
79.0646328125
33.38318359375
75.937453125
74.4434140625
54.86006640625
34.877859375
25.145244140625
13.29391796875
77.7605078125
27.481025390625
21.61840625
40.1605234375
47.3947578125
52.7438125
106.3873515625
34.4728671875
112.5826171875
19.64881640625
86.6821171875
395.19653125
98.637546875
199.7961875
50.4963671875
172.788640625
32.7002734375
28.888197265625
9.9169697265625
68.0112890625
5.16852294921875
40.3429609375
89.8207109375
66.777671875
13.1222060546875
114.60203125
52.55128125
15.641177734375
228.236125
30.27203515625
14.4539033203125
208.314625
6.40684423828125
18.514017578125
32.4925078125
29.258939453125
26.86476171875
5.01038525390625
15.197611328125
34.73439453125
62.1225546875
42.5363828125
15.960595703125
54.0994375
12.396248046875
17.684484375
31.506755859375
17.55064453125
57.1078984375
181.709625
85.581984375
66.522828125
57.75298828125
164.595125
57.7061796875
57.397078125
74.8274921875
101.5046875
163.479546875
156.05090625
45.01628515625
40.5058359375
76.139703125
12.1972724609375
252.022609375
64.13433984375
12.001537109375
17.936599609375
80.6226796875
135.8876875
41.73242578125
6.669716796875
21.996001953125
64.65220703125
73.4465078125
340.32959375
62.80127734375
129.417828125
20.667572265625
13.7836025390625
66.9383671875
19.37473046875
40.11480859375
7.56072900390625
3.706845703125
79.143234375
9.2792724609375
75.5462421875
50.4762265625
14.688134765625
15.62980078125
119.3114453125
41.139921875
12.178091796875
114.0749921875
69.8710234375
237.474421875
103.2841328125
67.1049140625
48.574953125
13.802333984375
18.2599921875
75.6881328125
118.9922890625
30.919103515625
108.55475
4.7833740234375
115.9500546875
9.087921875
55.5316875
345.975625
38.9550390625
110.0608359375
27.99907421875
31.2515234375
253.8866875
59.0825546875
17.833232421875
77.08490625
16.080158203125
41.99911328125
6.6872294921875
360.50715625
57.32113671875
10.6304970703125
165.219765625
25.8192421875
48.912546875
91.1892734375
12.2162421875
26.8831328125
208.324015625
66.91253125
228.90828125
77.0895625
69.070578125
62.25384765625
21.999296875
146.46625
40.1251640625
27.34380078125
45.715125
11.789447265625
13.8928779296875
41.2126640625
85.4843125
35.54580078125
43.15696875
23.936857421875
7.5623994140625
32.9597109375
22.970365234375
26.662169921875
1.5484189453125
167.35265625
117.4767265625
125.4785078125
56.995828125
31.121859375
40.395203125
64.2011328125
210.960390625
40.3196015625
44.5536015625
30.307724609375
15.32951171875
72.1915859375
32.069673828125
15.07183984375
8.9914599609375
68.6696875
10.818765625
84.20328125
52.82771875
176.32146875
42.8858984375
233.676859375
34.45979296875
39.84630859375
37.55467578125
97.9656328125
94.6824921875
134.391953125
40.506109375
30.542115234375
39.801859375
54.62901171875
14.04180859375
15.17444921875
147.688359375
47.6215859375
38.71594140625
142.756109375
66.298453125
76.31459375
20.132806640625
64.19386328125
20.287876953125
29.66762109375
179.81759375
95.562875
13.1036923828125
15.3843427734375
20.521810546875
41.23769140625
136.691
22.394142578125
116.34603125
24.581494140625
43.5911484375
34.172421875
126.6752421875
133.30221875
230.6123125
34.5258046875
149.70034375
42.124484375
45.4227578125
50.2239453125
127.8332421875
66.65853125
34.99148046875
34.9632734375
16.643654296875
9.68962109375
75.634625
42.1917734375
76.20928125
22.340796875
39.4197109375
69.8115625
42.42767578125
22.0124609375
83.449625
14.712880859375
153.070671875
22.70396875
16.0238046875
35.76959375
5.65141064453125
34.57260546875
115.218234375
77.70796875
64.83285546875
13.2337939453125
239.653984375
16.791099609375
27.796125
45.46499609375
237.965828125
55.3494765625
46.92846875
23.885994140625
34.927921875
133.788671875
117.49765625
4.643501953125
28.29538671875
42.09887109375
17.7683671875
115.8029453125
396.4184375
32.0077265625
17.151376953125
34.76275
14.949310546875
218.68596875
262.95840625
183.30809375
22.930630859375
56.21832421875
63.61320703125
26.578298828125
36.1566328125
87.221359375
36.169234375
54.74391796875
28.42896484375
150.625
56.404765625
28.0124453125
10.250048828125
73.68371875
28.70215625
12.7643115234375
91.25584375
22.803162109375
24.881556640625
39.89117578125
59.97266015625
58.87209765625
13.687419921875
140.427921875
110.17353125
3.84146337890625
30.915587890625
50.32734375
68.314296875
50.46389453125
7.79413671875
18.814322265625
60.46469140625
10.0002646484375
14.700169921875
14.8068095703125
99.227625
211.755203125
14.3867763671875
4.18998583984375
109.0297734375
160.34896875
46.6877421875
41.0718828125
43.61619921875
27.195552734375
122.6042265625
81.1326796875
112.0469140625
10.6389501953125
128.9145546875
31.8041015625
17.771818359375
20.008498046875
40.40502734375
34.24571484375
18.526369140625
66.332328125
151.7425
37.4486328125
18.939421875
123.184546875
42.37975390625
56.0554140625
133.778390625
42.334140625
91.0591171875
277.8326875
78.00603125
9.3888642578125
153.047578125
38.4029140625
46.8662734375
367.35546875
80.7453203125
102.5353359375
61.6000078125
6.179287109375
35.498125
45.79484765625
35.5011328125
223.37328125
39.30134765625
34.18245703125
57.61601171875
29.01696875
100.978421875
20.648171875
37.39728125
18.83583203125
76.8068046875
112.827609375
15.038728515625
32.8631953125
18.209158203125
37.75737109375
33.60414453125
44.62208203125
63.93432421875
218.395171875
48.86148828125
93.4714765625
142.2164375
148.62271875
39.1739375
35.784546875
151.930875
23.496962890625
70.9120390625
37.438578125
108.3948671875
135.6869375
102.9969453125
29.6183203125
55.45808984375
41.2216328125
26.183150390625
46.81480859375
47.58641015625
32.4863671875
61.78371484375
17.361564453125
217.919546875
44.99102734375
87.594265625
13.931017578125
46.0019609375
8.70162890625
10.83230859375
186.53053125
47.89770703125
10.432861328125
54.97012109375
59.317109375
120.4755234375
39.73491796875
53.3810703125
33.088734375
92.855421875
38.4649765625
35.469078125
11.30610546875
63.46697265625
25.804193359375
225.35846875
97.188453125
41.97937109375
84.816890625
63.416703125
88.5006796875
15.6009990234375
14.2476220703125
18.01601953125
64.64740234375
11.2654296875
68.7484921875
392.44475
30.592193359375
24.0753125
45.16551171875
232.756421875
33.33953515625
102.306921875
179.929265625
219.47153125
36.0448671875
24.52828125
18.409236328125
74.334828125
44.1726484375
54.40385546875
138.16746875
21.2435078125
197.59153125
74.022546875
79.3761796875
242.330671875
5.2970634765625
105.7079140625
20.242380859375
41.073421875
118.2720703125
132.702140625
20.2347421875
13.5702421875
14.9155322265625
6.41953515625
48.12622265625
104.747640625
23.704720703125
40.6155703125
86.4908671875
130.654421875
95.7910078125
32.689744140625
50.26551171875
48.1670078125
237.4461875
9.8032275390625
12.45431640625
67.13334375
27.511423828125
101.9490546875
130.058078125
9.6649111328125
139.265703125
278.74340625
104.60834375
47.3339609375
21.55528125
28.8294296875
15.2234619140625
8.340140625
34.70312890625
29.1617109375
9.246818359375
185.5058125
6.57075439453125
28.075455078125
192.096890625
13.828625
7.59626513671875
51.12867578125
5.50879248046875
32.957078125
174.648703125
26.19458984375
49.21465234375
157.630375
4.14081787109375
230.341796875
225.417140625
27.296677734375
13.8363232421875
22.414705078125
30.36343359375
103.5391484375
72.757375
25.74414453125
86.4830234375
14.6860751953125
17.223970703125
154.46753125
22.294908203125
45.37683984375
12.52241015625
107.0490703125
39.91015234375
12.8219716796875
206.502375
38.75563671875
12.216501953125
13.8594208984375
37.84177734375
67.4498828125
71.53178125
14.7114267578125
70.0758671875
39.1999140625
35.45542578125
56.24805078125
268.73496875
39.39902734375
38.84078125
114.8584140625
291.2186875
28.22372265625
68.3006484375
62.86693359375
53.95998828125
86.0260390625
62.88109765625
355.82884375
150.52396875
26.990044921875
15.8846103515625
36.20940625
12.0479736328125
5.40440380859375
9.54251953125
107.9013203125
11.1350732421875
71.9036171875
10.649328125
8.07760693359375
71.8759765625
68.2378203125
14.2353828125
43.48153125
28.76140625
21.88493359375
183.137859375
76.582734375
33.03237890625
31.475107421875
46.26957421875
5.19711083984375
271.68609375
7.832708984375
32.66934765625
25.62780859375
384.3264375
31.329912109375
287.46834375
1.9309713134765625
25.81073046875
177.39803125
22.78716015625
228.87559375
90.9931484375
224.066546875
136.350734375
51.2070859375
46.9882421875
36.41364453125
82.2923203125
7.53903369140625
153.843171875
41.50563671875
12.5717587890625
12.993849609375
44.5975546875
10.495279296875
72.510515625
103.5569609375
15.6202470703125
33.49536328125
20.889521484375
18.13641015625
34.20984375
87.102640625
99.930609375
12.0142646484375
66.5883203125
62.68811328125
118.09459375
27.0583359375
25.21324609375
14.57796484375
188.051640625
54.44140234375
40.69915625
20.96994140625
21.11782421875
59.98284765625
95.5496171875
244.314
16.084134765625
44.443625
12.869650390625
178.356234375
9.9511064453125
98.817140625
26.3636171875
7.5556884765625
