196.558546875
9.1616943359375
13.2622255859375
28.39043359375
174.045734375
257.6125
18.231396484375
36.15006640625
24.850603515625
36.16171484375
19.948638671875
44.79266796875
113.3231328125
252.991875
15.62697265625
133.42928125
34.40194921875
96.3701015625
37.115984375
16.632609375
43.9248046875
15.384880859375
48.619578125
44.6707734375
18.863654296875
189.1950625
6.53402197265625
222.515453125
24.458537109375
90.386703125
16.1428759765625
96.1694375
19.57066796875
17.536935546875
8.30976171875
88.9401953125
37.91673828125
14.5916103515625
39.6662421875
40.665734375
23.860888671875
158.817671875
11.43073046875
27.457201171875
114.8559765625
13.3788671875
20.1173203125
10.837373046875
29.629888671875
66.712484375
71.0216171875
14.920986328125
7.9168623046875
50.53598828125
40.4064375
259.843984375
13.6374619140625
12.8384541015625
119.43409375
12.553990234375
61.617859375
21.8543515625
136.1571875
23.7824375
332.5393125
51.7186796875
32.491099609375
15.4771884765625
300.38559375
61.36387109375
24.399736328125
37.55383203125
25.0171484375
73.441515625
78.70740625
87.382515625
32.48636328125
71.1360703125
33.59394140625
218.86671875
78.2812890625
133.611921875
119.3878203125
93.545484375
16.796755859375
132.75690625
24.22456640625
11.19065234375
129.0090390625
68.3884453125
77.0225390625
14.2308818359375
52.72275
13.3380712890625
25.380525390625
12.1041416015625
61.94792578125
100.1628046875
88.93184375
69.1030390625
63.8841875
253.1343125
113.221578125
67.869640625
223.122015625
9.4356044921875
220.298140625
13.2964736328125
2.32901416015625
20.971087890625
38.26340625
35.47217578125
42.63515625
64.5884765625
55.64510546875
48.3304921875
26.30209375
223.293171875
14.225068359375
96.30459375
58.0575859375
97.34709375
16.963361328125
139.066390625
61.75575
38.83991796875
33.9271640625
33.1471640625
93.054515625
160.299875
11.901658203125
35.0722578125
266.70171875
97.027421875
54.9657109375
32.3873828125
121.467046875
18.973515625
26.06051953125
134.52909375
175.849734375
16.683806640625
11.93744140625
33.83648828125
108.86334375
41.4702734375
23.248998046875
81.6173671875
12.2283154296875
110.87215625
61.57553125
24.804158203125
45.34794140625
30.070859375
34.52387890625
54.53833203125
10.7883525390625
1.9832154541015625
90.787984375
62.1932421875
34.40095703125
14.44443359375
9.2968134765625
43.566296875
34.971421875
175.251671875
139.43203125
29.6552109375
1.4229144287109374
339.22971875
45.7728359375
38.0769453125
72.6918046875
44.09994140625
47.4919609375
30.017796875
64.2861484375
117.2765
106.4550859375
36.38741796875
98.297265625
101.8048203125
206.07109375
135.06190625
194.396875
103.8305625
88.2718125
39.57976953125
49.757296875
35.54462890625
15.7591875
143.986703125
31.9748984375
20.351138671875
81.8113515625
12.93992578125
23.338869140625
22.3941015625
27.691818359375
94.4023515625
120.8560859375
20.74273828125
22.161154296875
163.071234375
68.44353125
55.718265625
43.6569375
71.6026640625
13.515146484375
31.632943359375
7.169048828125
129.864765625
253.810421875
16.0330458984375
21.615072265625
22.227904296875
30.180158203125
14.8589599609375
286.74646875
26.492796875
34.3533828125
103.79646875
302.175
10.210609375
19.846890625
186.302453125
3.38779443359375
29.42467578125
31.21426953125
124.104484375
131.858328125
55.666984375
61.77886328125
105.759890625
100.1829921875
22.206890625
28.072013671875
175.91034375
99.31584375
16.30372265625
74.263515625
193.99159375
39.205703125
33.243875
188.70815625
31.964314453125
94.6166015625
37.92508203125
114.3810390625
102.5171328125
34.7674140625
17.84544921875
93.1071796875
106.79359375
33.7416484375
53.0611171875
19.661216796875
96.81715625
113.199375
48.63887109375
34.863484375
216.304734375
22.021228515625
14.2334619140625
118.5702265625
23.92481640625
91.39690625
5.90522900390625
137.6130625
103.9307109375
29.31790234375
27.083640625
44.5726953125
49.160171875
116.947859375
139.349203125
24.39136328125
21.167193359375
65.06446875
196.509609375
126.6930703125
51.894109375
50.2140859375
92.904015625
32.74383984375
12.2307802734375
6.15533251953125
8.550955078125
21.5947109375
115.3051640625
130.2943828125
31.86341015625
14.785765625
241.735546875
16.828931640625
9.6129716796875
82.784703125
132.205140625
48.01046484375
76.62571875
133.16190625
121.018203125
44.075875
74.401046875
166.09415625
148.570421875
36.62576171875
38.4237890625
19.084712890625
20.674431640625
9.5755087890625
58.51849609375
12.09264453125
100.423828125
64.77270703125
9.35196484375
48.2941640625
33.13848828125
10.21109765625
56.72973828125
96.618328125
237.849703125
61.55593359375
122.3056171875
39.12805859375
28.0259375
201.44653125
130.3352109375
77.3303125
30.345076171875
32.727517578125
20.18100390625
31.845642578125
125.7973984375
180.548421875
42.8189609375
33.927875
144.105703125
29.128875
4.97762841796875
18.37098828125
40.363765625
39.69204296875
70.6870546875
66.0370234375
26.03728125
25.197875
299.790875
306.12471875
283.231
54.325078125
108.0782265625
24.85240625
20.732375
320.4825
45.455625
120.0371796875
104.0532890625
258.883671875
10.0292119140625
234.896421875
21.3962265625
54.7063359375
60.14044140625
11.465224609375
68.88340625
33.5252421875
39.3891796875
362.06178125
20.44515625
57.730984375
28.2986953125
19.854736328125
182.410046875
108.98728125
30.079736328125
21.11977734375
21.11121484375
154.524296875
42.75376171875
32.180728515625
31.88245703125
52.67074609375
223.386203125
150.5681875
96.6822265625
64.09207421875
134.813078125
80.820046875
57.1392109375
2.88003759765625
48.09014453125
13.4982001953125
64.8646796875
39.60998046875
129.932140625
64.8143984375
75.9490390625
66.278953125
25.882380859375
12.373541015625
91.6295078125
58.2990546875
203.43934375
82.0922734375
6.72831103515625
1.9025419921875
64.978
54.63575
14.8267412109375
88.092203125
16.13080859375
27.349779296875
113.64978125
15.1361953125
24.274552734375
100.6683203125
17.89975390625
101.908796875
26.506357421875
390.950375
99.8808984375
10.606158203125
16.384728515625
92.112984375
67.906609375
55.962109375
15.5977431640625
12.359107421875
256.37846875
6.79252099609375
238.417875
248.884234375
105.517484375
35.0574765625
49.1261640625
76.317265625
9.653826171875
31.673544921875
7.07872607421875
68.1054609375
45.17635546875
29.731419921875
57.771484375
72.0176171875
48.20388671875
40.6789375
53.18216015625
46.94661328125
180.794578125
64.25928515625
14.459548828125
77.7006796875
61.8682265625
56.3947265625
293.893375
35.20973046875
128.9120625
27.800189453125
26.22505859375
33.3290546875
41.57600390625
29.21148046875
21.808576171875
61.88920703125
304.1676875
5.89891845703125
274.65834375
31.8642890625
17.69298828125
127.1651953125
199.851140625
17.1139765625
37.745796875
88.6401953125
31.496091796875
82.060203125
15.261
40.310921875
17.090708984375
154.37240625
88.1195859375
109.1308359375
142.376953125
45.18149609375
43.4137265625
42.5746875
274.65634375
85.1214453125
7.61191015625
73.6625703125
24.8807734375
267.31659375
10.7085595703125
36.68839453125
229.5684375
10.114654296875
11.3232294921875
50.06473828125
60.18173046875
79.3213203125
100.3308828125
111.8741015625
88.3935
45.24190625
62.839484375
397.916625
19.04205859375
296.912625
8.9156474609375
40.04062890625
88.925
79.4290703125
39.901578125
15.215578125
131.195140625
96.0643671875
94.404109375
57.1744375
7.53261474609375
81.8747578125
9.501095703125
8.8598466796875
51.0347734375
1.4517333984375
175.512453125
33.1617421875
80.90909375
189.024765625
9.0508837890625
91.601046875
1.72853564453125
111.264328125
5.8740859375
29.0862265625
49.53718359375
33.31348828125
17.369947265625
25.9035078125
9.235466796875
9.5117939453125
45.81862890625
29.92967578125
45.82978125
83.9504765625
45.77689453125
37.90706640625
37.6451484375
15.9836318359375
4.61525244140625
12.8250107421875
69.399046875
107.449546875
20.041455078125
153.390203125
32.47871484375
28.93762109375
88.3586328125
5.908828125
62.55548828125
70.277796875
29.270767578125
38.26680078125
10.13698046875
9.4535458984375
72.1015703125
226.489546875
117.6642890625
47.09944921875
7.24901220703125
3.351664306640625
61.1549375
13.4708994140625
19.846236328125
170.10596875
176.3943125
20.1129609375
119.225078125
28.4109453125
133.84678125
66.804984375
11.599400390625
441.880375
146.02996875
80.2425
33.36459765625
245.81134375
36.64009375
33.95246875
46.40544921875
46.87205078125
14.317955078125
37.49521484375
55.26858203125
35.333109375
14.93247265625
2.115406494140625
29.907142578125
7.6349013671875
7.994884765625
92.62009375
67.1085546875
13.0962607421875
31.86501953125
35.32103125
407.02834375
28.4064765625
32.88070703125
48.02922265625
47.75192578125
72.9685078125
46.040828125
52.04844140625
20.74558984375
23.007341796875
349.7803125
31.750345703125
82.9314765625
50.87796875
26.773359375
199.69546875
110.955203125
13.820078125
41.86883984375
11.29126953125
11.402083984375
32.17284765625
216.9585
70.73934375
26.4338515625
298.04690625
7.32118798828125
8.9418779296875
56.147640625
49.1507421875
19.55734765625
17.43441796875
99.8604609375
14.0414384765625
51.20400390625
15.405619140625
81.7598203125
10.9165732421875
229.827703125
33.0598828125
229.65590625
19.40635546875
41.26659765625
75.7749140625
102.4013046875
150.761703125
104.882953125
64.35871875
22.694111328125
7.7996630859375
38.11040625
40.2576640625
36.36309375
8.17409423828125
20.694658203125
110.4759765625
17.676283203125
53.7293671875
148.407359375
234.401734375
113.96446875
95.8380703125
7.396943359375
32.8848671875
62.6698671875
79.2829765625
26.7593125
57.6754609375
23.331322265625
13.3731279296875
110.6568203125
64.760453125
125.1873203125
94.964
163.29565625
31.757474609375
13.298716796875
47.3738046875
44.66096484375
5.9094990234375
36.937875
115.6931875
10.0194365234375
59.72521875
220.489625
17.094591796875
118.599828125
75.7325703125
43.7063359375
22.13498828125
17.1836796875
12.197814453125
172.811
169.348578125
166.15653125
45.866375
141.211109375
133.54746875
14.9053046875
42.38712890625
82.970421875
54.70799609375
189.29928125
29.13403125
40.55833203125
14.9916513671875
18.2392734375
4.058716064453125
16.92991796875
33.37705078125
157.59003125
75.3078203125
62.62198046875
52.43581640625
104.075109375
6.2495634765625
120.36359375
69.4522109375
270.83378125
27.6509921875
26.1313046875
44.4851171875
9.2013115234375
154.541671875
31.08672265625
18.988365234375
84.2718984375
22.19172265625
39.22308203125
58.08698046875
24.249873046875
58.79043359375
18.472572265625
83.6925
60.45591796875
15.3678564453125
102.5614140625
61.873328125
7.39841650390625
256.7560625
47.15431640625
203.08125
79.39878125
85.3570546875
23.629173828125
76.46275
7.7634365234375
104.027875
21.52044140625
29.012099609375
25.840251953125
62.53087890625
39.152390625
188.80534375
33.5632421875
48.92348046875
264.11484375
14.639435546875
130.9866640625
114.1713828125
17.569359375
32.659435546875
7.93558642578125
33.4386640625
54.23319140625
22.35173828125
201.20403125
160.95034375
72.649375
95.1839453125
154.97659375
26.25447265625
12.9593828125
24.102359375
312.76046875
93.53840625
228.4416875
43.86846875
114.1483125
53.8967421875
55.6131015625
21.9831640625
5.0002255859375
5.8369326171875
35.1601484375
56.50788671875
162.638953125
62.55258984375
50.2368359375
33.55628515625
42.7004296875
262.43771875
38.97870703125
11.32798828125
12.3873720703125
35.76240234375
15.4330068359375
20.10662109375
41.7433359375
174.93703125
96.0913515625
47.9985390625
43.23269140625
26.81555078125
24.201671875
79.898125
9.56456640625
63.91790625
18.789666015625
34.798453125
275.13525
25.451671875
42.25706640625
8.75177734375
28.830158203125
240.555703125
161.58234375
31.11766796875
140.9529375
29.26075
29.867068359375
116.616578125
39.28012890625
115.681609375
37.68444921875
36.490625
29.230443359375
80.5383671875
57.419296875
13.5113212890625
55.9364140625
73.351734375
145.611
0.9191831665039063
32.95873828125
25.009130859375
8.9311904296875
3.280428955078125
11.000109375
42.96860546875
82.824828125
14.0342021484375
130.959328125
18.596888671875
29.500544921875
25.003181640625
27.858068359375
44.09740625
64.16256640625
57.853171875
54.1909140625
13.9703056640625
320.688375
21.814775390625
46.0943203125
13.4232802734375
47.625640625
39.34648046875
40.4384765625
34.7256953125
42.17685546875
267.68428125
17.5543125
115.209109375
61.59515234375
43.41483984375
6.86740087890625
30.890412109375
53.0426875
94.5012890625
22.83971875
103.199140625
28.41448046875
33.40094921875
46.40534765625
71.967765625
77.1720703125
59.82073046875
40.50541015625
26.220830078125
26.445548828125
13.0408173828125
74.3423359375
197.741453125
70.676796875
63.0184453125
20.809544921875
42.612421875
5.2755283203125
24.007912109375
11.8139072265625
91.8141953125
66.9377578125
3.4366845703125
15.88784375
108.5496796875
54.885625
32.5020625
138.927078125
69.90478125
67.165
32.597138671875
165.133265625
80.308390625
32.601716796875
345.69159375
17.7395546875
187.106359375
155.467796875
7.57407958984375
44.77763671875
11.3885185546875
124.8032265625
7.01844970703125
59.925078125
12.5122587890625
6.24842431640625
35.7157265625
59.38196875
12.3066240234375
89.5118984375
116.7009765625
10.02930859375
48.38626953125
14.2447880859375
14.0298046875
30.088927734375
115.9698515625
70.460421875
34.65223046875
30.860587890625
26.411130859375
14.2237080078125
23.512755859375
23.35614453125
31.117380859375
26.286625
14.7154580078125
22.27315625
32.751265625
56.17409375
126.187515625
74.12078125
55.49965234375
5.62112255859375
21.5550859375
26.324466796875
355.20590625
123.1362265625
25.53989453125
72.8155703125
37.79787109375
457.6181875
37.87458203125
11.3693662109375
25.564541015625
61.742265625
152.693734375
8.202587890625
64.68400390625
69.8364765625
41.564015625
47.092953125
117.47646875
20.140974609375
64.75215234375
83.6241953125
169.291765625
6.74548583984375
31.58112109375
62.02382421875
117.8813359375
8.07127001953125
51.30455078125
36.22916796875
46.227546875
39.1041640625
1.632832763671875
4.088023681640625
74.1304296875
400.65371875
18.9346171875
136.276328125
253.45571875
189.80734375
85.6051328125
33.47862109375
52.27997265625
73.8353125
103.960671875
37.01490625
18.10219921875
4.97148681640625
46.4192109375
41.43263671875
40.70876171875
38.297859375
12.4250224609375
45.2096796875
24.60621484375
105.4133671875
37.56953125
9.43255859375
10.11208203125
35.024234375
47.4952734375
44.47866015625
21.0658671875
12.3250458984375
184.693859375
21.135779296875
63.4218828125
33.7351796875
9.4181943359375
137.801109375
33.75616796875
41.23613671875
103.6609453125
20.198326171875
21.713646484375
4.124611328125
33.4528828125
7.31908740234375
33.05698046875
57.17916796875
82.5246171875
33.57493359375
35.13769921875
70.554828125
75.3273828125
16.703912109375
27.363033203125
238.705140625
103.3006484375
49.57400390625
83.8205234375
27.8205390625
39.84742578125
276.8719375
112.6193359375
43.49347265625
26.351330078125
58.57396484375
27.295421875
24.587150390625
8.08610009765625
49.87433203125
8.6693818359375
115.2495234375
89.41040625
78.342484375
91.63934375
44.1089921875
27.46962890625
301.372375
18.400541015625
48.332421875
69.8121171875
221.96215625
64.1087890625
9.7775849609375
79.7836015625
5.48664599609375
53.27078125
90.9603671875
32.74508203125
139.85828125
120.51815625
50.35710546875
10.371427734375
142.479578125
19.557380859375
43.60606640625
42.457109375
39.480671875
13.8728076171875
116.832484375
72.721390625
12.7700517578125
10.6231845703125
2.8561591796875
30.462060546875
35.415125
8.013705078125
178.3230625
74.372171875
121.307703125
98.9732734375
60.87872265625
278.02159375
83.4750390625
63.5023828125
56.23944921875
79.8434921875
194.659671875
2.63264404296875
20.624625
32.515037109375
176.603796875
18.342015625
14.7914013671875
54.1188359375
147.182859375
30.090009765625
80.2794453125
22.36837109375
241.14475
66.0915390625
9.231126953125
166.015640625
9.9752666015625
43.53502734375
201.40975
31.2149453125
51.298390625
298.3199375
123.50303125
23.55053125
120.400859375
166.415859375
45.456875
45.38903125
80.4719453125
175.397140625
28.7598046875
81.1482734375
79.75171875
47.1066171875
99.3180703125
31.900458984375
49.355796875
35.5606171875
14.53184375
212.561265625
23.0624140625
20.809443359375
36.81183984375
133.283296875
118.823328125
10.490431640625
19.620962890625
45.13428515625
60.8091171875
253.1695625
16.694392578125
71.288
13.704369140625
47.74701953125
50.2199453125
60.4665859375
142.11303125
85.4325234375
227.438125
7.78246923828125
13.7634814453125
36.40203125
103.7227109375
95.3197265625
5.94371484375
131.638046875
184.955203125
7.1881806640625
136.061953125
213.68065625
29.320328125
116.3746796875
9.165037109375
34.28069921875
153.30634375
173.4021875
115.8052890625
30.59628125
29.829126953125
64.70533203125
10.30523046875
29.791736328125
55.59579296875
302.086125
100.6762890625
57.29858984375
137.985171875
73.1401328125
87.2668984375
109.3036171875
4.61639501953125
47.50361328125
109.3578203125
21.953642578125
85.4905859375
214.58315625
42.44628515625
59.347765625
54.8276171875
97.02078125
396.513
50.03792578125
18.28402734375
24.0248046875
36.6912890625
101.6210078125
34.59579296875
109.064625
56.86816015625
8.909634765625
357.21815625
53.33328125
100.0764453125
66.4844453125
21.65286328125
113.0784765625
63.36058984375
42.6855078125
244.88328125
19.8901484375
18.291078125
87.8055703125
66.4915078125
68.8486953125
13.607353515625
9.8755849609375
39.1253828125
71.6541171875
59.11240234375
144.236421875
15.68983203125
53.1443203125
52.91292578125
28.97661328125
89.2636484375
122.0442890625
21.38205078125
77.6202734375
37.37173828125
28.90733203125
92.1153125
49.66278125
1.9041551513671875
157.978125
50.2198125
8.05835498046875
43.0487890625
37.95912890625
58.44608984375
54.33862890625
172.914546875
130.6229296875
34.6575859375
52.03795703125
20.4832734375
32.52384765625
76.1828984375
63.229265625
42.741609375
5.67167578125
99.4091015625
222.945609375
12.4996083984375
85.42240625
3.734289306640625
141.196890625
6.25923779296875
48.82626953125
7.40496875
59.98228515625
57.6043828125
25.417068359375
25.495662109375
5.593544921875
31.560283203125
22.600494140625
31.70923046875
80.605609375
38.27990625
32.697015625
26.643896484375
42.361265625
27.28820703125
196.617765625
28.40132421875
46.920734375
33.11436328125
14.0578251953125
53.933109375
31.5679375
131.040265625
101.1298515625
24.91748828125
153.795859375
71.40996875
201.61328125
50.1595390625
23.168388671875
35.39120703125
37.0534765625
10.8630634765625
196.025484375
31.899978515625
163.844453125
139.745625
21.590765625
46.8576328125
4.53794140625
4.448826171875
192.7298125
20.16741796875
33.5561484375
8.636544921875
35.62940234375
32.32934765625
26.586931640625
48.083546875
157.172546875
64.0419375
24.009748046875
99.864265625
35.55183984375
22.970216796875
11.0154052734375
212.94678125
34.9380234375
211.21853125
283.8454375
68.15296875
20.37865234375
55.49953125
32.88158203125
11.10965234375
18.65465234375
103.905484375
67.260796875
27.93655859375
78.90540625
36.00694140625
69.547265625
46.67881640625
58.606265625
16.95635546875
33.31890234375
116.2393671875
19.374263671875
12.310966796875
110.355546875
17.37308203125
248.894671875
19.021138671875
77.544015625
29.81045703125
44.83205859375
180.16609375
11.9989990234375
190.703765625
91.8692890625
34.33913671875
4.67782568359375
7.62763037109375
7.9827802734375
85.2544140625
17.875947265625
8.19912890625
343.093875
12.741681640625
119.288203125
9.2689169921875
78.734296875
88.7779296875
44.769125
230.076703125
73.195890625
26.56821875
84.291640625
7.6113994140625
126.255921875
6.19110595703125
33.4826484375
11.2363828125
26.907947265625
114.75921875
81.553515625
207.947203125
405.65871875
111.4003203125
49.850859375
37.89391015625
124.3478984375
17.987173828125
247.081046875
67.4923515625
26.228931640625
63.23472265625
235.525265625
54.48655078125
19.518138671875
10.852751953125
38.55439453125
70.3881484375
48.5657890625
18.914640625
10.987244140625
10.5698671875
28.234486328125
42.756203125
24.782564453125
176.893
140.45865625
36.6557890625
10.4910908203125
40.69869140625
29.4951484375
87.845171875
53.6136484375
52.1989609375
25.28479296875
93.071125
27.80382421875
22.327068359375
5.45750341796875
240.9013125
14.7000029296875
48.34085546875
27.14165234375
73.4643125
102.203359375
23.872212890625
13.4954140625
38.79475
3.319432861328125
15.0169150390625
145.7244375
45.64369140625
15.825220703125
61.260828125
33.23068359375
11.12658203125
40.8381328125
195.38703125
35.9337265625
31.359630859375
121.2419453125
93.7595546875
126.7407734375
13.902796875
34.91691796875
46.23096484375
135.5840625
41.0612109375
148.15178125
36.37269921875
13.606955078125
173.70921875
63.26262890625
89.7048984375
23.360796875
59.97125390625
66.051078125
10.3975146484375
78.8334375
17.678154296875
383.774
15.460474609375
26.452771484375
46.03676953125
86.77778125
18.013041015625
18.361751953125
115.98834375
71.42959375
40.0756953125
58.49258984375
107.816625
101.4696015625
100.2998515625
23.47997265625
12.557638671875
25.686912109375
92.23628125
13.8437734375
115.74759375
65.06105078125
55.32158203125
17.083064453125
121.0149921875
40.74277734375
140.11984375
122.3490703125
45.42447265625
15.6568330078125
11.4698681640625
10.766830078125
10.82115625
63.48009375
51.3694375
51.53480078125
153.60784375
12.7087119140625
7.82302880859375
5.05161669921875
24.254890625
329.39334375
105.515703125
68.9093359375
28.930140625
18.88054296875
28.306259765625
17.318205078125
66.5309140625
6.65522412109375
135.79109375
17.00794921875
18.184287109375
56.96756640625
58.27354296875
14.398755859375
14.111248046875
95.05778125
4.157130859375
143.966125
97.0935625
147.541046875
25.806
34.6443359375
48.94407421875
60.508328125
36.9716328125
104.898171875
85.7828515625
14.872904296875
78.1583359375
52.76440234375
24.277671875
145.759640625
334.55275
82.5923046875
31.1028671875
317.34446875
33.4583359375
39.685421875
33.51512109375
21.6531953125
41.00841015625
64.85078125
19.058896484375
29.85467578125
14.212091796875
12.69455859375
48.17440234375
96.04478125
25.903005859375
7.25865087890625
24.80777734375
15.9104951171875
326.8265625
20.985384765625
22.832408203125
12.909873046875
32.352990234375
163.004921875
28.897986328125
17.158580078125
10.3914287109375
7.7829052734375
59.84171875
43.69291796875
53.2510546875
199.1921875
20.638068359375
53.5932578125
174.30621875
67.223625
6.75895947265625
136.905359375
39.67362890625
237.251796875
13.0774462890625
5.3799794921875
78.595921875
10.4891220703125
160.32871875
78.3249375
6.25002783203125
107.126625
41.6659765625
92.6494375
12.0581015625
61.9275546875
9.731583984375
17.01187890625
67.84296875
66.5380546875
23.779123046875
60.60266015625
70.65534375
48.78774609375
121.4681015625
34.54868359375
48.65996484375
113.1978515625
37.0040625
9.0730947265625
88.0354453125
3.206576171875
49.4559609375
12.4707685546875
41.00970703125
24.334353515625
31.80826171875
22.611140625
144.350078125
95.095125
24.060654296875
56.59374609375
68.8715625
24.158091796875
74.9563359375
100.6623828125
17.40716796875
74.5908046875
22.79999609375
50.0288515625
98.86390625
31.547115234375
34.76911328125
142.231265625
43.288453125
228.718203125
18.720669921875
62.2630703125
8.6343251953125
68.542171875
20.256826171875
38.34953125
65.53544140625
43.58066796875
98.616125
12.3829033203125
10.2925517578125
10.684099609375
158.382453125
32.7939296875
10.1026123046875
59.6305703125
47.171859375
123.7216484375
115.6392265625
18.278390625
188.4401875
37.0264453125
20.920830078125
23.1901015625
32.066212890625
264.6305625
126.550046875
182.26096875
216.28865625
37.32851953125
6.00420947265625
370.72615625
31.26222265625
11.56003515625
55.54016796875
85.99075
15.4145791015625
41.06403515625
118.3101328125
4.74360107421875
12.121197265625
75.2080625
13.98737890625
15.3274443359375
370.1986875
204.46790625
31.080765625
124.416375
11.5434541015625
61.4365625
27.72717578125
93.7901875
91.5666015625
22.196693359375
147.66875
25.1751015625
52.36215234375
29.40983984375
20.59590234375
19.220224609375
62.17470703125
26.03791015625
39.35016015625
157.300671875
40.89258203125
10.290181640625
52.2890546875
14.9943564453125
44.42962109375
17.771099609375
61.41584765625
34.2748359375
22.611330078125
59.16014453125
91.7550703125
75.2072734375
114.3413515625
79.2117265625
6.31141064453125
24.109236328125
154.3475625
52.94545703125
16.801361328125
110.157046875
203.262203125
73.7075
44.831296875
24.751734375
4.72665087890625
12.9538505859375
3.343435546875
1.6034195556640625
38.4399140625
50.8326171875
37.82162109375
4.7912998046875
48.4119453125
18.184828125
10.3718740234375
23.520330078125
76.9548359375
430.24228125
9.413349609375
63.0599140625
131.07034375
6.77790966796875
197.897828125
25.4305703125
32.92530078125
25.61192578125
246.416046875
151.0835
168.666125
4.041958984375
53.3596953125
18.863052734375
118.9549765625
101.516328125
188.2815
22.983419921875
23.412287109375
43.8173359375
33.2286015625
34.12912109375
136.324375
152.38853125
44.422828125
39.85579296875
170.849515625
83.206140625
132.794140625
6.01964013671875
14.4769599609375
7.76877685546875
23.437384765625
8.9953076171875
2.78514111328125
64.8350703125
8.125818359375
63.36047265625
32.689796875
121.403484375
153.274421875
8.801693359375
12.7917587890625
8.081697265625
56.08778125
35.64316015625
41.86494921875
151.3766875
122.1239140625
53.77046875
165.88778125
141.69534375
27.921876953125
125.767578125
29.493376953125
24.701783203125
264.21003125
31.879177734375
28.23392578125
182.485890625
60.3041875
46.90688671875
89.872796875
12.795337890625
184.466703125
19.43790625
161.1061875
162.648828125
104.437875
111.12334375
100.869890625
119.4270859375
40.27487890625
506.64478125
37.77326953125
58.8589765625
208.467421875
47.749359375
297.27853125
65.289359375
204.081734375
86.8935859375
22.67034375
59.9395390625
73.0483359375
58.54540234375
59.66940625
78.274515625
110.274265625
48.67807421875
73.6331328125
195.049671875
140.5938125
11.9079580078125
36.58685546875
51.68974609375
72.9474375
99.8981015625
34.6098203125
38.8650234375
208.251890625
26.70984765625
367.61290625
54.4457265625
12.1331845703125
33.4227265625
37.686484375
60.6143984375
24.77106640625
61.665015625
26.017123046875
3.1523056640625
13.75846875
84.7276640625
152.5915625
31.454552734375
316.73228125
66.58625
27.0004765625
127.5384609375
27.449322265625
120.2854765625
102.6178125
131.076796875
43.7466953125
10.3711953125
44.11952734375
67.4672265625
49.53144921875
32.175861328125
146.700765625
51.1473125
14.215380859375
28.82502734375
26.699123046875
39.050390625
9.808814453125
57.245359375
82.1480546875
40.45817578125
23.09203515625
37.451921875
85.816109375
26.169078125
18.048759765625
12.4558818359375
72.9791171875
118.0962734375
68.200390625
43.7597265625
50.82100390625
5.70940576171875
31.94084765625
11.3704189453125
37.6736484375
39.95749609375
8.1455263671875
76.241953125
37.2743671875
18.301580078125
25.47515234375
102.2774140625
37.62098828125
28.801685546875
90.1745234375
74.160921875
38.72715625
30.9847421875
63.2371875
117.244609375
17.472318359375
14.9184765625
23.40644140625
54.372109375
396.54603125
104.195875
11.2434384765625
27.93696484375
52.73984765625
55.73353125
29.263798828125
11.9878701171875
80.5218671875
80.914984375
71.5437578125
46.3151484375
27.72567578125
40.388015625
178.1600625
23.804427734375
18.73443359375
49.8024765625
13.2256826171875
23.953208984375
3.1103095703125
85.8236015625
130.4157265625
337.63646875
24.347998046875
86.022328125
18.57880859375
17.473404296875
56.86278125
77.9695
53.06563671875
18.92840234375
35.09928125
6.22172998046875
31.9648203125
29.371205078125
84.622234375
79.2415859375
6.55470263671875
61.91688671875
49.8881484375
269.81753125
72.390578125
188.132359375
29.567484375
29.94026171875
13.47180859375
118.8313828125
10.3640361328125
13.9961845703125
366.32065625
240.0205
73.024890625
25.63743359375
38.32809765625
117.0459140625
42.29019140625
242.238828125
98.45734375
70.0264765625
129.4821484375
51.6293203125
40.584859375
14.5579140625
53.95928515625
64.41390234375
17.096537109375
63.27646875
19.816646484375
12.81216015625
5.7156259765625
29.866115234375
58.01330078125
38.985765625
43.40326953125
13.894982421875
52.5912265625
162.249109375
133.2020625
27.463181640625
191.61465625
95.6299140625
180.662046875
23.017001953125
252.39934375
11.507490234375
36.2199296875
180.819421875
138.630921875
25.722951171875
22.96360546875
72.6017421875
52.1546640625
14.970359375
74.389484375
