294.65328125
157.808203125
141.116609375
85.9628203125
118.28334375
187.871890625
360.86478125
177.438796875
246.32515625
85.6449296875
256.032484375
84.3892265625
99.0463671875
181.6880625
304.26575
242.322421875
189.923046875
41.15755859375
33.95314453125
294.05390625
173.391921875
249.12246875
333.5485625
226.68875
47.9637265625
139.362125
107.785671875
323.20203125
214.5218125
210.352453125
146.924390625
206.596765625
149.326265625
82.020453125
87.4477109375
69.3207890625
232.891015625
241.223671875
232.076640625
243.082453125
142.091890625
254.117390625
326.51671875
229.34590625
220.74215625
294.07659375
62.267703125
245.646546875
236.815984375
504.39140625
248.6941875
226.5844375
120.3625390625
123.5205546875
227.8895625
358.157
269.59321875
363.04271875
246.516890625
235.172140625
260.818953125
415.09459375
261.640515625
434.92596875
310.1009375
182.110765625
247.954390625
27.937755859375
188.902109375
252.245296875
313.3991875
199.7509375
214.558828125
43.45958203125
311.66659375
430.06903125
227.703046875
217.914875
404.9384375
179.380703125
475.6064375
123.3766875
140.063828125
331.09675
201.76928125
139.62584375
57.96880859375
461.6691875
260.776
228.27
362.8311875
484.382625
237.553125
54.3389765625
227.2843125
190.98675
231.96665625
72.814734375
489.22215625
341.03359375
353.81678125
260.130296875
296.9534375
170.6024375
96.7409296875
414.73134375
236.228671875
118.1668828125
180.466421875
133.579265625
274.41315625
199.522328125
534.23575
145.865125
378.67534375
159.498421875
185.844390625
491.458375
105.03578125
44.97340234375
453.7273125
66.67103125
339.721125
269.020625
437.270125
208.322703125
301.65403125
127.4406796875
306.425875
129.43934375
66.648046875
473.021625
179.635890625
83.0331484375
170.98090625
120.0259609375
153.2904375
237.7276875
370.53671875
381.94615625
438.91521875
141.41690625
120.769890625
101.1425703125
133.482578125
238.952421875
197.86021875
151.774078125
254.915828125
92.8913515625
340.92303125
90.774796875
154.92315625
100.8639453125
328.22540625
231.27571875
40.92502734375
247.693640625
57.66986328125
289.5823125
137.759171875
159.53625
153.5670625
344.40696875
352.67571875
230.13725
274.48215625
119.56371875
214.687015625
267.87540625
25.667541015625
456.9269375
403.5028125
254.73853125
365.4531875
145.832921875
130.2153515625
198.677515625
417.15728125
97.1251796875
253.342984375
140.25175
275.16990625
122.387390625
209.622546875
144.900859375
387.36984375
161.165015625
289.60846875
164.867109375
98.92546875
228.28465625
95.4672734375
282.94403125
107.2821171875
217.956140625
31.808296875
231.64921875
163.890421875
131.6360625
124.0504453125
274.10275
232.261890625
214.09290625
208.3313125
57.7745078125
330.8770625
137.77384375
65.84234375
182.114546875
188.66421875
100.4499921875
176.77125
226.3586875
201.579890625
375.1449375
125.52128125
312.3838125
67.3230390625
44.475390625
339.1251875
246.13403125
195.959171875
74.4561875
266.92225
132.910328125
237.317515625
518.64084375
168.397078125
250.318875
50.52444921875
190.3795625
318.6149375
181.698609375
202.33746875
204.888421875
222.222546875
172.2766875
342.729375
139.765234375
288.52621875
311.46328125
357.330375
43.6144140625
323.401
341.58146875
303.22196875
333.70084375
257.23340625
84.090921875
105.027
109.87203125
228.697453125
105.0087109375
253.25340625
168.959578125
344.2921875
279.174875
425.2048125
275.446375
120.484734375
119.3984609375
300.9966875
104.0124140625
182.658890625
363.36446875
424.20009375
193.19153125
26.10407421875
178.013859375
151.212671875
280.14415625
514.6598125
244.854234375
104.1123828125
262.72984375
229.725
223.213109375
126.366234375
264.83271875
419.648375
429.2296875
118.263890625
200.513828125
262.186375
59.483125
392.84509375
149.476203125
399.50221875
132.209609375
112.9764140625
211.4481875
138.0815
77.258671875
120.4048125
396.95871875
28.058998046875
319.9711875
542.521
170.07959375
44.22918359375
156.588375
375.84209375
233.078390625
92.246828125
121.36646875
261.34221875
190.180078125
159.842078125
153.35640625
109.3617421875
321.68340625
42.581234375
194.540671875
105.82253125
239.417546875
80.688609375
229.773609375
11.1693525390625
438.74128125
133.743359375
88.417828125
174.891328125
147.4264375
105.0757421875
108.221140625
413.75040625
163.3130625
137.426265625
274.97690625
268.486875
113.3228828125
191.256484375
262.8949375
6.6130771484375
397.76715625
221.646671875
221.243203125
366.28803125
277.992
206.499375
272.58809375
187.413328125
67.3896875
60.27894140625
405.205875
319.56059375
180.795421875
323.85396875
317.201375
502.9135
246.3694375
77.5303203125
120.4042890625
381.28915625
95.118609375
398.568
171.69646875
232.607203125
142.945125
443.115875
83.9182734375
149.802203125
23.171587890625
122.2524296875
253.143875
254.923421875
318.8100625
394.3633125
273.17565625
110.32396875
164.19471875
132.277625
211.46265625
205.619578125
34.049078125
181.069515625
185.48884375
361.3626875
91.5766640625
189.504546875
166.099265625
58.9897421875
43.1843671875
244.01809375
239.141890625
273.3719375
36.97271484375
447.91771875
337.313875
224.410375
110.218359375
194.6713125
129.54784375
177.605078125
179.102828125
173.51334375
140.58825
366.6706875
134.391671875
119.54684375
364.93209375
232.791734375
93.7537578125
345.0413125
211.994328125
328.6663125
94.0334453125
261.42371875
125.6749296875
260.1210625
275.478875
149.9300625
353.3140625
156.0568125
266.97765625
288.39653125
155.47953125
200.872203125
263.7649375
126.40746875
179.746359375
216.682515625
148.126390625
231.5959375
330.828
256.098171875
126.418671875
403.81421875
202.2645625
88.0949296875
216.9245
102.1112734375
153.523875
44.4411875
184.337140625
15.772787109375
228.747625
33.8189296875
366.70759375
186.442484375
424.05859375
129.02203125
187.90853125
388.24371875
162.1853125
264.086625
116.0035234375
78.610109375
196.818421875
118.3163359375
70.284546875
61.77516796875
194.557109375
311.49871875
208.106953125
372.108875
143.1438125
294.6586875
158.13315625
203.249796875
280.927375
90.8453125
22.463046875
261.059078125
355.90584375
293.93725
284.61109375
134.898140625
109.9926015625
88.65525
101.4431953125
323.54753125
193.06175
51.55764453125
213.02359375
452.05053125
44.1211640625
311.390375
123.015921875
280.92415625
235.2544375
91.8860625
44.07483203125
201.30021875
189.14825
351.68975
328.75009375
393.37984375
308.44775
208.83878125
325.4761875
133.918734375
2.982792236328125
122.170921875
294.48946875
339.695875
207.578
221.478796875
315.1106875
145.400765625
198.396640625
186.242203125
112.327875
84.355640625
182.454640625
260.383359375
208.098421875
255.88390625
158.042828125
115.0719453125
262.7493125
348.0655
84.3358515625
104.1953828125
14.4951396484375
64.72130078125
238.9886875
368.37940625
294.97534375
306.73896875
45.06036328125
208.016515625
258.668140625
60.1143046875
21.47291015625
93.7406953125
69.28284375
367.57628125
318.3655625
359.4025625
428.32190625
190.9275
206.2734375
188.600859375
287.4071875
237.72146875
97.9218984375
51.94690234375
115.3941328125
62.953015625
214.050640625
367.99428125
246.161515625
294.20015625
32.283822265625
217.940109375
256.89703125
134.318953125
125.59071875
142.57809375
293.021
205.37971875
48.72209375
319.37640625
284.96528125
198.014921875
53.6549921875
419.94078125
409.09609375
104.665640625
141.79165625
87.9294453125
466.652
52.26426953125
174.93196875
193.688859375
313.123
107.0190625
53.6304765625
187.16571875
248.820734375
258.07203125
204.86971875
123.34175
189.37790625
419.2815
239.227640625
381.26896875
316.48096875
468.93353125
115.80415625
220.85115625
225.117359375
189.07678125
244.3755
99.840921875
181.130109375
153.46871875
350.18984375
287.26996875
133.139328125
136.321015625
118.0705625
229.212109375
251.835890625
368.39621875
90.23171875
104.631703125
214.857
17.250931640625
360.50503125
64.534296875
358.91246875
198.40571875
151.06859375
260.667421875
50.95315234375
285.93278125
277.92475
452.7416875
161.147421875
415.14446875
100.8449921875
294.375625
258.595765625
236.707078125
152.7808125
282.06571875
257.0224375
254.3984375
195.991421875
367.398875
84.55140625
314.68971875
213.982234375
249.20971875
244.52396875
135.465828125
44.23478125
242.423640625
240.505109375
318.494
403.94634375
178.326546875
323.7515625
203.749546875
114.5998671875
224.145875
169.674109375
282.4575
205.44828125
58.96219921875
103.480296875
502.24375
183.384625
473.7703125
156.348265625
70.53096875
192.6575625
150.801734375
91.750390625
195.66721875
55.69701171875
93.108046875
79.9671796875
196.713796875
295.211
122.43759375
367.74628125
257.43946875
61.99630078125
53.13704296875
296.1686875
194.131265625
296.8463125
441.85121875
203.741765625
56.287953125
277.98134375
253.455234375
7.45618603515625
70.6908828125
342.0986875
206.267390625
110.065984375
303.003125
226.969546875
113.3606328125
250.998328125
240.081953125
142.796875
136.327015625
271.19321875
106.139140625
71.25215625
379.57203125
285.25915625
68.2716015625
320.62440625
213.582578125
426.82653125
220.739140625
309.2151875
109.8914453125
154.686609375
170.542328125
52.09119140625
97.4590859375
165.715875
440.72090625
351.965375
184.4354375
121.4015
428.76596875
115.6270390625
333.702875
229.335203125
280.900625
138.5623125
26.536962890625
231.306359375
168.3561875
66.1879453125
86.117046875
144.010015625
56.2945390625
223.809625
267.096
156.679671875
170.557140625
168.873453125
175.750328125
334.3323125
218.49178125
119.865953125
125.1805234375
142.5485625
265.6945
49.595546875
271.86021875
112.6299765625
324.974375
279.79246875
372.71475
109.279640625
54.7863515625
357.03653125
295.914
231.24090625
276.108875
92.0548046875
169.88590625
332.69484375
383.36521875
386.634625
143.319859375
164.16271875
373.67090625
187.340109375
107.3935859375
82.4093671875
119.99753125
116.2480625
189.722390625
168.191265625
87.7705078125
71.62603125
188.591109375
244.548875
424.2868125
279.233125
542.308875
123.37265625
107.8297109375
97.0328828125
156.294796875
200.9480625
116.4118359375
239.731
261.399546875
290.88546875
241.300578125
491.60434375
33.45367578125
445.59653125
306.97178125
153.046390625
56.71459765625
218.47225
377.66121875
119.627890625
216.355046875
12.0734404296875
269.7881875
436.2590625
363.72190625
253.15984375
226.254109375
481.15259375
252.842640625
208.712359375
175.746515625
143.481375
246.258765625
124.407671875
369.7270625
385.0818125
472.2365
25.954486328125
162.36028125
68.894703125
253.25003125
262.5139375
179.69934375
337.45965625
53.663921875
178.538734375
58.8960625
138.89246875
415.97515625
221.547078125
307.59278125
208.79521875
201.684609375
246.438953125
115.2808046875
153.88803125
242.13675
199.668734375
349.8161875
97.604375
239.103703125
167.21103125
214.087203125
405.15790625
226.796328125
189.691359375
115.02128125
240.494171875
59.20853125
403.493125
183.5176875
262.18128125
226.592875
296.752625
23.049111328125
133.029015625
261.05434375
260.502671875
48.82292578125
220.33765625
266.23590625
279.07334375
411.4310625
60.69326171875
333.16775
26.4689921875
240.934984375
60.61342578125
331.920875
10.7521708984375
90.2158203125
124.3503125
294.7760625
242.4140625
415.70509375
257.997375
266.60734375
34.2490078125
158.54365625
115.409703125
64.5565625
469.07275
195.719265625
94.4213359375
185.893265625
209.11525
134.720453125
242.389203125
362.12034375
267.44275
47.1482734375
236.244859375
164.08596875
313.61784375
227.4795
296.432
268.61025
144.2515
185.335171875
75.76015625
81.79946875
301.54634375
171.21903125
108.0388203125
252.504625
354.86915625
149.033265625
102.288265625
123.7651171875
72.344953125
363.9123125
19.546109375
166.053140625
298.549
409.6395625
390.845125
91.837109375
171.8813125
38.843375
195.714296875
253.837375
163.3889375
34.02071875
136.031828125
155.31090625
332.7733125
318.465125
40.405296875
187.175125
80.9403125
190.968015625
372.12603125
441.7196875
185.445828125
369.9324375
342.2604375
48.60730859375
326.37603125
328.75865625
429.71803125
115.300203125
65.5844140625
267.02465625
324.11859375
331.18790625
171.7480625
133.498875
271.4665
298.7715
310.84575
234.868671875
115.6779921875
197.251359375
177.17121875
250.8374375
384.56115625
66.399296875
405.5905625
158.919640625
319.7010625
157.320546875
230.503015625
236.979609375
154.845265625
317.502
173.343859375
344.5893125
41.668046875
201.1981875
241.0799375
176.851078125
216.44553125
130.33065625
299.21675
191.913203125
231.1209375
153.84575
118.7593125
212.3651875
139.26346875
252.27746875
276.2141875
256.183390625
262.39371875
235.405359375
344.5634375
141.903875
292.41690625
257.2806875
120.2619375
193.653625
350.62796875
128.359734375
150.74040625
53.25379296875
270.71725
174.1718125
229.66771875
338.43375
111.285734375
372.61171875
281.8281875
154.385984375
409.01325
320.0025
108.2716796875
177.351578125
309.3233125
345.48875
378.40315625
260.438828125
198.4630625
89.76334375
73.9195390625
135.168984375
136.81809375
63.9086875
87.1744296875
358.63853125
318.81575
279.2249375
275.06475
442.43384375
309.56465625
299.74525
225.56178125
61.00488671875
385.52765625
130.7401328125
62.97635546875
278.238875
477.58290625
110.637625
359.11559375
270.80875
216.711890625
173.750609375
189.2956875
242.2701875
188.868640625
363.89625
191.93815625
171.30215625
226.149171875
145.4664375
378.33675
379.76028125
155.175765625
21.545005859375
240.81015625
299.9696875
61.02434765625
100.3302421875
385.3734375
253.27034375
244.103296875
258.216328125
154.596671875
48.34321875
457.480375
172.777078125
213.010375
132.50965625
181.920109375
275.53415625
268.5533125
182.60353125
191.196109375
262.087828125
246.75646875
349.02746875
203.96121875
233.090171875
229.021
189.8800625
127.8838515625
72.9232109375
181.51190625
197.83059375
421.0996875
137.11725
250.794703125
202.85959375
382.538875
320.284875
156.229515625
174.63309375
78.0266015625
293.8665625
245.19971875
40.14289453125
15.7610849609375
68.7288828125
406.7994375
296.16725
345.4974375
145.78946875
115.817125
89.200578125
141.405984375
89.0260546875
228.65590625
74.387421875
396.27603125
213.93490625
17.926796875
323.78371875
120.2213828125
230.8016875
198.169625
64.4540234375
395.8085625
247.007703125
278.527
31.974396484375
30.271427734375
128.38559375
181.0201875
87.554734375
127.331
485.92140625
183.4638125
180.264703125
269.7354375
295.105375
270.5815
49.65579296875
319.22103125
177.270921875
112.48828125
77.034671875
189.187609375
202.017359375
148.501140625
280.44784375
292.35234375
140.0051875
294.459125
248.949234375
164.668515625
286.2855625
168.91615625
220.276875
344.11246875
52.1037421875
28.119880859375
385.3904375
184.551078125
298.67234375
291.33390625
211.508921875
259.41425
164.57421875
371.20853125
133.285578125
3.1049169921875
264.701375
144.645625
339.0625
134.437671875
220.427796875
348.2708125
91.8593046875
179.369
204.15284375
442.662
148.98296875
176.301234375
130.319421875
135.703578125
169.02203125
364.77159375
216.836734375
367.58178125
38.591515625
252.578890625
214.243109375
194.16796875
224.78134375
153.806046875
415.57153125
130.3764453125
226.775109375
336.87453125
50.59366796875
262.296625
177.1828125
254.81775
124.1539609375
253.396765625
125.34115625
153.400953125
150.63228125
24.78008984375
198.228125
186.139640625
95.48721875
34.5439375
111.8947265625
234.032875
316.2686875
165.569296875
53.43378125
149.7994375
17.804197265625
30.51144921875
467.5083125
270.63234375
237.989234375
181.1175
384.23915625
86.8647734375
225.195921875
450.2038125
253.26546875
196.375953125
129.8409140625
129.8465078125
266.596875
108.85303125
151.808609375
72.7911796875
273.27525
209.539234375
81.6034921875
89.244203125
140.58946875
117.7724765625
69.8013359375
421.25365625
303.237125
179.098171875
304.25140625
322.98240625
11.4849501953125
114.174953125
402.48734375
209.67265625
301.9159375
64.219359375
116.847234375
80.7186015625
311.58715625
80.8410078125
102.0012578125
314.754875
277.5545625
313.77690625
338.37128125
83.2533125
91.740671875
230.5291875
359.022
287.96696875
93.6359453125
99.7688046875
91.427453125
66.4082890625
328.2020625
192.40678125
195.95671875
139.864921875
89.9751171875
165.26765625
325.3703125
388.98475
158.09078125
253.831390625
298.79046875
228.15253125
146.34346875
279.9269375
318.65334375
255.2358125
70.4058984375
95.034859375
277.766125
285.86946875
276.97621875
158.35534375
399.47690625
328.162875
194.610453125
93.385171875
65.6947109375
247.619515625
86.7473984375
119.5820390625
83.27246875
252.545671875
266.061
28.916703125
78.582296875
83.30546875
371.99721875
291.1325625
154.120890625
324.502125
8.6180419921875
143.717171875
270.71209375
170.675828125
143.351875
215.62846875
48.29670703125
353.7175
304.24025
202.923953125
121.9571640625
375.18703125
265.87125
326.41871875
54.81206640625
32.40382421875
98.67265625
433.28725
463.2289375
424.464125
169.66709375
224.929171875
260.783578125
433.503875
274.93584375
190.97215625
125.209703125
83.0582890625
363.2739375
155.990921875
395.43040625
390.71
260.148078125
121.1149296875
222.640765625
79.7039609375
250.509828125
120.2505
34.69984765625
453.572375
162.371109375
452.763625
247.687015625
387.6836875
178.965265625
340.65096875
367.349
67.6820078125
461.0769375
312.51653125
160.2066875
452.21396875
304.646375
116.59834375
122.162609375
150.202421875
180.53865625
456.28184375
128.7676328125
53.7933828125
266.7416875
136.306578125
237.216359375
108.890796875
161.0053125
90.037078125
207.00925
238.84240625
447.80409375
237.405390625
159.489421875
331.98640625
314.32771875
377.5559375
135.2915
188.6190625
180.623734375
38.94271875
134.988640625
282.28578125
287.98021875
217.11428125
87.4261171875
170.707171875
215.366421875
42.51934375
132.464671875
244.6628125
84.79246875
151.477140625
412.98634375
103.0218671875
463.3163125
255.149109375
295.0985625
346.64334375
263.81775
98.635328125
146.80446875
31.724623046875
356.01478125
344.18409375
102.9131015625
387.04859375
182.65965625
160.029109375
181.0773125
188.048953125
81.239359375
192.1668125
55.52077734375
422.53884375
236.114796875
218.958296875
279.20109375
392.97453125
113.13740625
268.81596875
268.62409375
366.68725
250.45790625
252.14921875
47.72192578125
102.56078125
316.449125
108.044609375
91.3233828125
359.07359375
69.66390625
233.773015625
237.1945
16.76718359375
129.94246875
428.35209375
404.79615625
396.91675
61.26230078125
248.64025
123.9330234375
182.8666875
130.9127578125
77.9687890625
193.9506875
390.93196875
354.55184375
199.588640625
104.7893203125
232.278375
83.3261875
94.7501484375
375.66290625
238.811125
186.26571875
514.892
383.9940625
259.7888125
21.181259765625
160.34859375
141.688453125
338.18534375
308.91875
187.46934375
188.770265625
219.529328125
172.003625
124.4620703125
386.44128125
190.886703125
286.99571875
239.366859375
291.92565625
363.17075
267.44225
43.1326640625
96.125390625
62.5282890625
304.3166875
203.61215625
243.5851875
67.31853125
176.153265625
164.205671875
274.8449375
66.102796875
356.98959375
330.93478125
190.597296875
373.71871875
79.37471875
36.360296875
239.07678125
228.064828125
269.296125
433.0541875
240.558015625
419.92421875
192.949203125
158.3108125
128.656015625
158.285703125
374.1068125
66.877421875
168.900828125
327.3725625
408.9566875
154.17134375
39.09491015625
118.945125
183.572609375
130.5879921875
494.75334375
342.48290625
208.198046875
306.96196875
130.060671875
310.80890625
24.005283203125
89.2711953125
165.267828125
155.722734375
60.0242421875
138.364578125
119.666875
117.705828125
282.056625
143.03459375
319.08203125
117.4245625
122.97203125
525.50375
389.61334375
469.0483125
131.3293125
32.9773671875
256.322625
156.789140625
299.21321875
285.87484375
329.04971875
86.006296875
145.125453125
222.003328125
190.55484375
301.3726875
340.57015625
141.723484375
309.201875
341.3160625
358.21646875
280.7705
335.72409375
246.63771875
252.198296875
140.889109375
7.8878515625
187.9671875
444.98571875
187.5496875
32.60656640625
230.805796875
141.62559375
488.8599375
238.564109375
349.49578125
116.105796875
200.88203125
268.4185625
167.2744375
179.600484375
153.557640625
70.1972734375
135.886328125
381.26384375
76.39109375
324.436125
80.2704609375
157.425
114.959234375
418.513875
155.9276875
344.48678125
268.07134375
301.6878125
104.6242890625
185.002453125
254.217421875
293.36109375
111.5904375
277.54334375
173.4714375
90.45625
41.30755078125
443.09446875
167.104890625
296.8586875
336.58571875
116.7571328125
215.1030625
161.73915625
277.20128125
206.764828125
265.15575
143.530578125
64.503390625
302.0453125
294.4205
93.7686171875
326.59028125
50.77332421875
130.4368125
345.6290625
90.1538671875
193.463765625
340.9635
130.6495859375
202.74353125
136.260453125
219.89559375
217.97565625
35.6858359375
390.9391875
25.166421875
138.67065625
174.016796875
163.077015625
153.449171875
178.8438125
359.80190625
457.6849375
531.1114375
248.4755
293.49603125
14.2145654296875
540.8029375
288.6218125
115.9066640625
220.05828125
297.25559375
317.21028125
240.8148125
407.4253125
165.4030625
334.94221875
112.979203125
87.1426953125
98.8154765625
359.39003125
25.78490625
161.29865625
121.60475
173.8045625
24.262884765625
295.3900625
343.27365625
101.3348203125
261.78575
361.18165625
313.5761875
148.859609375
342.522875
81.8686171875
314.60965625
157.099734375
124.5710625
218.09978125
382.51271875
23.024615234375
35.05674609375
143.76721875
139.524015625
131.5880625
172.671859375
264.01534375
413.54184375
35.1490390625
89.9639453125
235.063453125
185.380546875
499.580375
404.02259375
431.76128125
371.0625
78.987328125
138.141109375
240.7360625
203.762453125
95.9065
303.38553125
208.31734375
220.9881875
89.4594609375
283.3711875
340.140625
45.93173828125
141.473
17.241384765625
197.6045
63.60380078125
85.4265546875
278.96271875
37.57122265625
317.23059375
95.787953125
217.9690625
112.231109375
147.102171875
111.7554375
100.8696796875
383.30053125
101.1366328125
344.2969375
168.6015
184.62728125
342.17403125
6.0217392578125
194.8699375
154.270390625
227.50696875
311.02078125
397.0844375
175.026203125
256.481
109.465671875
494.2518125
456.90271875
66.889640625
214.71484375
220.046546875
129.0790078125
270.4505
63.03230859375
175.619265625
217.420015625
152.4198125
511.933125
185.34009375
79.584515625
110.9802421875
104.3042265625
363.2701875
147.058421875
114.406578125
88.955046875
157.13890625
223.9571875
282.65615625
436.01046875
466.7979375
193.76521875
207.700546875
278.3405625
223.60271875
90.3506640625
81.7016640625
397.11425
406.6125
176.128890625
167.19140625
199.875390625
172.37540625
161.80684375
207.865921875
434.70371875
210.993671875
463.07978125
226.533859375
19.136064453125
315.224125
376.78871875
61.3738515625
337.5456875
90.12784375
62.51242578125
135.87440625
65.4677109375
80.8348515625
339.2175625
122.6928671875
161.84509375
223.562109375
272.10721875
256.437375
411.12396875
132.65115625
297.56784375
51.0523515625
508.76153125
176.9933125
258.910875
171.959046875
113.980859375
246.1781875
204.74384375
211.75053125
271.900875
102.425640625
319.1158125
130.6583125
291.468125
242.70053125
106.0577734375
102.928671875
178.16153125
181.080109375
254.1976875
166.85425
175.754375
303.59346875
325.45190625
453.28428125
234.728796875
174.093828125
348.3696875
388.9416875
393.16709375
266.19034375
55.447984375
125.804578125
288.36678125
432.2615625
322.26584375
75.9240625
274.8108125
222.034734375
79.341109375
101.7041953125
165.49375
266.49803125
234.4130625
209.250078125
84.20465625
383.2750625
321.91825
382.24025
140.60121875
281.6035
256.000203125
90.4711015625
200.891296875
172.702390625
240.801671875
118.0438203125
48.66750390625
231.213578125
146.112046875
95.01446875
51.04670703125
396.5030625
340.105875
277.33153125
371.836375
36.70959375
169.99553125
198.66928125
288.1465
167.528609375
118.6474453125
340.1570625
53.76197265625
226.616046875
72.19165625
281.12675
113.8820234375
220.20346875
311.33390625
480.49765625
175.879671875
141.250609375
3.112428466796875
17.319408203125
73.340515625
136.650765625
214.4960625
96.2669609375
448.98896875
239.54290625
174.64346875
387.92575
39.5166015625
420.15909375
267.0054375
368.20853125
336.9838125
284.3143125
275.17865625
256.052125
185.101
525.665375
264.0445625
241.68815625
302.17453125
71.67409375
163.818734375
192.61215625
261.36990625
364.6656875
100.253109375
236.25084375
259.48775
209.021328125
83.084703125
121.5736484375
141.993375
325.0733125
236.76353125
380.87146875
207.11240625
29.58965234375
339.32921875
161.01925
34.07890625
143.946140625
171.5761875
127.77
20.530734375
278.89765625
61.303328125
252.6504375
103.91571875
395.58665625
261.5268125
246.2055625
154.0834375
379.06415625
187.527265625
319.68628125
172.7485
336.85959375
150.35675
146.4660625
128.852953125
93.8233125
186.8145
106.403421875
307.8728125
146.942734375
457.51565625
337.56128125
85.038015625
287.73434375
243.8555
64.67967578125
222.761625
412.47621875
297.5938125
24.235982421875
303.40128125
81.4525703125
102.4093125
39.61721484375
257.63175
291.39959375
25.676154296875
111.72903125
235.263359375
462.628
107.175046875
317.50428125
347.5071875
171.607296875
232.40303125
217.98153125
247.152859375
333.76784375
171.63196875
258.156265625
246.269140625
285.019625
318.6968125
121.1897265625
346.8713125
386.46803125
159.5721875
116.9074765625
71.959421875
253.766125
230.537609375
273.8673125
97.492453125
87.6975390625
322.98553125
171.4123125
149.53853125
212.558953125
220.107296875
105.6021875
33.346609375
381.702
386.4920625
65.969078125
95.649328125
183.476515625
201.64259375
364.42471875
57.3455625
160.91353125
31.5602421875
294.59415625
240.307546875
288.5709375
77.1517578125
56.4816796875
363.320875
361.38403125
115.0585546875
133.692203125
201.01571875
67.647359375
264.618125
146.202453125
145.327296875
193.2324375
65.6292734375
134.43053125
169.24825
141.580515625
283.26
257.042765625
351.46559375
180.791640625
227.868
224.999515625
90.7737265625
392.30471875
245.979234375
364.38
387.05615625
294.88015625
185.68690625
245.7494375
282.76596875
201.978171875
71.9963828125
369.86409375
76.4940546875
23.937314453125
12.9961513671875
270.31253125
174.1001875
125.3357734375
378.17025
318.93115625
302.4504375
51.5516171875
132.553625
64.95449609375
76.11390625
182.961828125
231.58090625
186.452859375
446.852125
239.4478125
158.1801875
401.63959375
43.36391796875
259.98784375
219.87209375
112.735
340.06825
115.876609375
178.584953125
80.2739296875
140.235890625
270.85084375
122.2613125
221.698890625
46.57421484375
45.99884765625
227.766796875
350.69653125
397.5093125
191.8623125
56.88675
299.0816875
73.624078125
75.5904765625
30.062431640625
334.4079375
39.53808203125
132.685921875
464.19240625
45.99783984375
57.47096875
293.06428125
45.22908203125
340.33740625
209.130125
431.1905625
148.730875
98.8749140625
31.359041015625
177.282078125
215.557953125
357.50334375
216.0219375
108.284796875
59.35788671875
101.4155859375
345.9479375
88.8443515625
101.65503125
28.41028515625
204.118421875
415.617875
135.16746875
428.6098125
55.0102890625
346.6874375
227.723734375
271.77803125
58.5378515625
495.63378125
294.07321875
50.65103515625
370.37003125
225.450265625
160.884796875
380.83015625
145.003296875
190.32484375
226.158625
329.80875
281.7631875
111.2516015625
223.623984375
66.817859375
113.3005078125
262.6055625
219.668078125
195.579859375
243.648890625
375.7989375
155.83175
218.301640625
100.4100703125
369.73065625
161.037890625
228.197625
185.0969375
71.5264296875
39.42776171875
159.642828125
262.64671875
319.20309375
345.08771875
242.688609375
170.41265625
401.7034375
176.095
150.01075
342.2985625
151.0388125
110.4324765625
38.8501015625
80.8881328125
157.624578125
44.4523203125
330.79478125
291.7680625
360.72165625
199.0434375
175.5535625
69.00784375
165.174859375
201.215421875
188.57709375
258.196859375
166.110953125
330.95759375
234.182171875
173.505375
262.99109375
270.2698125
232.8323125
287.7511875
211.904421875
196.935140625
134.267421875
86.278046875
67.9198203125
373.3874375
393.655375
174.94184375
305.41171875
38.53978125
313.278125
29.654671875
169.331
104.1931484375
300.52434375
355.17965625
303.5448125
209.924890625
291.8730625
86.7185078125
429.01615625
399.60175
103.62409375
108.471796875
75.734734375
85.251828125
203.504796875
235.1960625
342.336125
222.332796875
291.66915625
177.18221875
301.50165625
168.11215625
267.71278125
37.917203125
450.5086875
214.591765625
63.716265625
331.75096875
118.944171875
155.75296875
344.74725
229.928578125
170.972234375
344.37990625
85.6124921875
233.439375
250.708609375
334.83565625
155.126
290.3604375
215.7240625
92.6294375
319.52603125
254.6590625
301.01840625
134.883125
240.9826875
318.45265625
312.4971875
106.3938671875
420.53465625
58.97752734375
99.9341328125
208.459765625
182.635703125
62.08640625
425.60625
472.63928125
169.016953125
335.5306875
167.086625
153.383796875
201.877125
193.75209375
105.5495703125
347.5646875
340.28415625
231.082859375
58.10303515625
273.2845625
334.12378125
145.876484375
432.267125
259.708328125
150.582765625
103.2060078125
146.710875
326.864625
180.55246875
136.88271875
78.7184765625
337.6383125
87.429640625
203.3935625
93.1901015625
182.853953125
82.80184375
67.9251875
173.638375
44.28187109375
175.9368125
214.430140625
268.1041875
121.23390625
123.5861640625
240.902875
421.71809375
169.601515625
230.205171875
208.5333125
68.3863046875
132.65553125
102.4608046875
60.16580078125
90.076578125
138.461796875
47.17549609375
71.691953125
182.40565625
200.233828125
414.60478125
238.860421875
145.196625
26.93682421875
88.126421875
296.49865625
109.0527890625
433.77225
225.496453125
208.311140625
80.69940625
36.6463671875
210.139984375
163.948375
185.558171875
371.063375
271.687625
425.6260625
243.88971875
234.079640625
162.6890625
232.456
202.344640625
367.681375
341.37459375
100.7118828125
159.6738125
379.6955
179.295328125
54.89690234375
73.3736953125
303.35321875
176.488125
313.6083125
165.594140625
440.3025
159.544453125
361.17375
407.66665625
80.14928125
40.60541796875
168.984984375
257.425796875
385.9884375
272.252375
196.188
162.321484375
167.7068125
289.8829375
71.869890625
111.88603125
171.461078125
276.95615625
165.82184375
133.106796875
35.806078125
362.1291875
133.077125
122.40703125
150.163125
187.380796875
299.66375
106.1710625
213.10746875
207.595921875
146.76621875
397.10634375
261.8239375
70.5782890625
203.755515625
245.07396875
196.0918125
90.5721015625
140.102953125
214.80303125
258.110625
229.24884375
350.50225
53.26098828125
267.86428125
10.5332001953125
235.381296875
247.254765625
248.54575
170.644828125
111.8033359375
225.333609375
22.6031484375
217.94421875
265.1285
101.6461171875
415.03359375
366.71140625
362.591375
352.85265625
42.0365625
75.246375
228.033453125
56.86671875
177.14828125
171.03284375
249.02503125
244.246140625
369.8805
71.485625
136.271203125
346.6860625
150.36703125
245.64440625
238.2344375
263.5863125
67.5908984375
208.784109375
30.717693359375
302.81421875
145.041140625
266.42725
229.643
38.28920703125
302.5159375
87.00996875
55.88146875
307.9238125
310.40628125
204.692546875
184.885015625
87.29034375
323.66153125
181.873390625
164.237625
45.6894453125
186.28853125
193.1115625
280.03290625
338.7444375
219.622171875
82.7854140625
137.0140625
165.67165625
226.908515625
46.20642578125
240.6445
87.38178125
540.38675
33.9116171875
227.042265625
92.405609375
343.65090625
167.2355625
288.35378125
101.20284375
355.675125
229.0913125
123.087203125
191.323265625
256.29925
94.3035234375
277.60190625
123.132796875
127.689421875
395.18765625
72.5465078125
290.687875
264.89603125
84.61990625
193.995078125
407.190375
176.281953125
314.75496875
50.59299609375
128.7184765625
181.6036875
188.528609375
304.9520625
54.83462109375
75.01340625
118.5344453125
144.18440625
265.52328125
139.982515625
155.107453125
287.126625
192.21228125
96.30103125
272.31309375
228.346046875
104.2155546875
73.8852734375
185.324890625
210.03528125
358.24765625
85.9771328125
161.861015625
310.81715625
333.44578125
409.8861875
238.476796875
432.30484375
219.740859375
273.5805
173.8263125
410.633625
239.3223125
183.861015625
359.786875
215.6386875
180.887109375
63.0123671875
298.279875
267.8849375
48.90140625
290.6838125
140.30175
271.12390625
33.62872265625
274.8413125
246.485453125
317.643875
422.99140625
229.603109375
350.97878125
281.645875
162.12078125
118.3239140625
81.7999140625
387.43546875
60.5396015625
242.1915625
215.286390625
260.86275
8.590328125
39.46154296875
181.93709375
53.6185625
150.44790625
208.407296875
58.2079453125
70.0023046875
86.859671875
173.239921875
263.61540625
190.7156875
189.753515625
238.97225
310.02271875
181.37971875
277.5540625
298.264875
367.01903125
215.289671875
280.0200625
224.389828125
172.9815625
56.14509765625
131.846984375
360.17321875
120.489234375
535.581
385.28925
195.55378125
312.3866875
133.738109375
135.4369375
498.75934375
323.59271875
206.3485625
175.139734375
280.12621875
193.8434375
297.91909375
175.487703125
138.42534375
199.296390625
352.95021875
408.3524375
452.747
60.64471484375
109.1056796875
245.283890625
208.974296875
335.53528125
80.5777109375
255.894421875
312.8798125
174.502453125
14.9808115234375
105.7224375
286.75590625
172.38715625
371.75365625
319.73021875
143.852359375
188.089375
357.20971875
146.912609375
196.899953125
299.65890625
20.129158203125
33.999421875
57.41968359375
381.1150625
222.96978125
89.0868671875
147.56903125
114.55146875
241.773125
164.892140625
368.44096875
78.4458359375
429.71109375
462.8179375
226.162375
378.92903125
341.1299375
283.6603125
178.423796875
180.433609375
286.5624375
331.3008125
306.815375
234.72240625
101.0961171875
241.440671875
262.915125
116.3848984375
148.645234375
207.294
201.250828125
164.319171875
330.72253125
130.50903125
189.2120625
132.53125
58.565515625
213.725796875
296.33125
130.198515625
285.300625
76.518375
209.39396875
170.5068125
326.93978125
387.90340625
222.01521875
91.6177578125
297.26634375
53.3986171875
201.9418125
109.3465625
35.97912890625
238.18009375
42.888328125
198.894265625
125.87803125
89.0485234375
288.728625
120.3986484375
185.019359375
322.27140625
101.3501796875
294.85915625
372.0033125
116.881953125
83.5424375
252.8535625
84.687890625
118.285234375
52.05933984375
181.711625
372.21615625
70.28684375
312.4203125
227.884
65.9730859375
313.167
178.494734375
257.37715625
201.065
243.598375
185.44778125
183.901453125
171.568703125
139.23378125
251.611359375
192.629796875
152.67621875
180.831296875
309.74003125
441.21328125
323.1288125
54.28605078125
226.57284375
351.2253125
170.99371875
96.367703125
508.42034375
263.7244375
159.21340625
182.758859375
83.0024296875
200.36621875
305.3766875
151.503578125
161.902796875
54.2185234375
253.969171875
251.756109375
105.7267109375
129.098625
341.31696875
75.2908984375
69.58946875
96.67371875
345.72578125
158.626203125
204.8080625
153.562390625
60.81428515625
130.4341015625
362.61025
101.267890625
280.54178125
127.8048359375
403.555625
206.888171875
393.0573125
427.741125
271.290375
22.688521484375
413.0320625
116.6048671875
330.51134375
89.5009921875
383.209125
87.5665234375
283.83703125
335.55409375
207.767625
175.046109375
523.67303125
123.60365625
218.48603125
65.1651015625
350.18353125
277.883625
190.0455625
90.68103125
294.4215625
348.4811875
39.0613125
251.82996875
386.52440625
308.02909375
368.46865625
63.96133203125
132.642046875
3.048690185546875
195.208171875
308.5736875
83.8045859375
300.27459375
285.734125
297.129625
176.90203125
65.397359375
215.292890625
131.683359375
157.20703125
182.182671875
392.7569375
44.09921484375
155.8955
331.49096875
204.61903125
218.110546875
49.84703125
343.59575
231.454203125
23.699962890625
325.015
186.15040625
202.6249375
282.80659375
210.42928125
176.074140625
280.03021875
167.29015625
406.32996875
142.173265625
241.13659375
246.5148125
211.229984375
360.92490625
181.936671875
168.3968125
199.042046875
178.976671875
157.085546875
292.415
210.9611875
143.752859375
60.48553125
168.169828125
195.597546875
166.197375
281.0965625
151.05109375
480.8568125
308.77453125
195.200015625
83.2584375
217.544953125
66.6210390625
82.423640625
164.165296875
146.664796875
510.1006875
124.1811953125
142.712359375
242.71065625
206.03215625
321.14071875
445.60653125
249.3423125
156.926953125
320.7519375
267.466
279.10303125
74.9421953125
100.948171875
264.2666875
305.425
167.964421875
406.62196875
201.53140625
150.559125
190.306359375
33.673765625
262.22159375
106.9464375
177.775625
74.0887109375
106.13490625
169.601140625
173.893953125
244.5486875
443.11665625
218.315203125
468.3075625
67.7514296875
399.79471875
180.584484375
122.4277890625
316.6474375
155.2585625
86.21565625
149.66678125
414.79596875
64.080578125
148.17084375
149.15303125
422.74078125
454.0913125
67.51946875
182.5514375
115.1025078125
246.04446875
221.56575
85.7353046875
368.90825
128.881578125
186.730921875
101.0762890625
54.420828125
95.347390625
228.214859375
317.0569375
144.648328125
292.035125
96.6494375
359.2625
21.05290234375
134.72928125
39.3337109375
264.4844375
340.99284375
243.91471875
244.557921875
363.28446875
119.339921875
196.463359375
252.598203125
297.75959375
95.1685546875
247.793109375
161.45175
101.060703125
171.548859375
249.5009375
205.87628125
158.599859375
143.49284375
178.2443125
232.388296875
106.78746875
301.43678125
332.8399375
354.914125
191.84865625
138.6551875
149.672
60.16245703125
305.753375
313.2645625
385.0230625
177.76259375
300.471875
417.53396875
137.0573125
182.778171875
478.9098125
201.0053125
282.9023125
119.79075
306.22659375
278.132125
399.17703125
323.65946875
213.87609375
133.119359375
493.5445
110.89509375
196.655703125
212.910140625
228.29690625
185.6750625
157.16246875
119.8865703125
279.838125
69.241328125
204.4464375
100.8708203125
149.9163125
76.8984296875
3.054406005859375
260.828234375
56.76834375
38.46950390625
27.070580078125
187.801328125
219.4300625
328.445375
490.9005625
315.5191875
46.40953125
76.130109375
283.0915625
447.352
198.440265625
249.92840625
342.2350625
75.6190078125
126.3140234375
198.427078125
358.48734375
293.46440625
381.37321875
359.71778125
171.9424375
231.0475
132.268078125
86.0883046875
90.923859375
102.4346171875
256.58103125
217.517765625
345.204375
118.1454609375
109.813875
119.771671875
296.86446875
341.6756875
282.4160625
475.15275
129.8411484375
114.5331875
212.3200625
153.735203125
137.0599375
271.02984375
266.46434375
238.6771875
177.065046875
295.39221875
198.040125
440.99125
187.658109375
60.6815234375
210.88384375
42.2703984375
89.0129140625
244.47615625
251.1851875
387.3265
115.6408046875
403.51228125
199.494578125
433.291875
159.973953125
161.77871875
185.85215625
391.87453125
294.3843125
299.2579375
28.957560546875
104.0084609375
197.62596875
87.179
216.94134375
148.05340625
190.3501875
94.0488828125
253.436484375
