896.24275
804.353
906.4070625
771.51375
765.665
739.206875
940.5346875
741.3526875
703.734875
786.7671875
733.8168125
765.6901875
803.8516875
935.333625
749.6350625
766.877875
743.0343125
702.571125
780.428625
820.13225
771.1463125
746.7848125
774.1439375
786.8914375
854.0334375
812.551625
791.5905
714.2129375
824.891375
722.4999375
673.5796875
748.2475625
757.1735625
742.764125
902.000625
763.593875
745.7445
700.1589375
759.3778125
726.09675
784.04125
757.46975
741.2418125
707.1264375
754.53225
760.353375
828.6291875
739.855625
788.2773125
818.8478125
945.6173125
746.60425
819.9775
783.9905
731.43
735.1359375
733.075
783.105375
781.81425
743.7154375
701.169125
770.60275
912.3775625
725.579125
733.6636875
731.55275
755.1705
706.402375
756.4953125
748.428625
733.33675
885.59475
752.2464375
706.87525
860.3931875
734.5869375
775.61
729.592
920.454625
723.9924375
873.1275
718.03175
784.6893125
724.695625
741.98225
714.777625
801.7721875
775.539625
943.2818125
864.885
740.2429375
793.8551875
709.9505625
777.543
703.5166875
1027.5526875
800.065625
731.3630625
773.922625
755.1624375
706.840375
687.6774375
759.2806875
742.4999375
826.912875
706.9778125
735.6769375
716.4776875
802.9519375
758.6999375
818.10725
771.725
708.9011875
824.297125
744.605
977.1475
768.81875
978.0384375
728.6336875
787.571875
751.237125
760.5715625
738.2485625
819.915375
707.8833125
745.7905
773.2621875
735.5920625
726.718375
776.3145
905.7855
748.029
748.9408125
809.052375
720.489375
844.3936875
728.6979375
830.47175
940.43125
799.8119375
775.7559375
736.9043125
725.0079375
733.3635
751.1960625
900.0363125
863.1109375
730.446875
795.238875
703.7895625
778.0853125
755.2146875
785.45575
760.7364375
805.1330625
826.3539375
714.8438125
669.3951875
790.1501875
862.5015
719.322625
731.7274375
697.360125
714.284875
732.46925
794.056875
798.235875
761.036875
803.00225
703.041875
762.847875
706.0831875
739.802375
836.6501875
749.4158125
722.5428125
777.1588125
670.2735
719.41175
770.664375
760.4725625
775.35675
847.7020625
763.7508125
753.7535
824.7009375
796.801875
855.2469375
738.866875
785.3856875
735.9281875
752.0950625
717.42325
710.027
742.6864375
807.8161875
744.882375
715.59125
704.675375
806.163125
807.6634375
735.6598125
741.795625
742.8921875
772.8966875
711.234375
942.52175
755.363125
725.6474375
703.7245
767.1458125
710.6585
760.546875
779.5221875
695.10575
774.953
765.3535625
784.166125
721.7843125
823.7939375
818.9476875
711.05575
795.16175
778.7196875
745.3305625
722.6339375
807.5745625
768.522125
752.29
735.6889375
749.187125
751.4541875
736.4073125
740.5655625
740.1154375
703.8898125
703.0504375
768.3938125
747.34025
737.929125
707.077
829.7716875
763.964625
745.2513125
871.387875
870.043625
768.1768125
883.3763125
736.7798125
812.308
672.8810625
741.1145625
767.152875
804.366875
783.695
703.126125
809.226
802.5870625
712.515125
702.6613125
776.1435
866.7023125
722.1145625
711.413375
702.4331875
784.851
731.51925
774.393125
745.4295625
798.864
794.1960625
717.466
706.0210625
826.1940625
734.365875
749.3000625
742.8321875
716.1021875
760.9505
737.119875
721.7413125
715.7405
821.0388125
696.6340625
745.650875
808.37125
761.7898125
807.32925
764.0985
807.1820625
713.307125
847.1860625
800.682625
727.645125
760.773625
732.278125
936.9926875
784.52975
771.5844375
865.4161875
754.3694375
840.2505
807.16525
749.8636875
721.438375
709.533375
821.520375
756.5215625
774.1465625
744.845125
765.143875
723.1169375
715.9919375
839.598375
767.578625
725.2014375
889.3320625
776.099
714.8445
853.276625
706.89625
716.6549375
708.6683125
789.3704375
786.469125
760.97
747.09675
995.8833125
778.0305625
773.312
765.0715625
873.833625
779.46675
711.7055625
787.8725625
753.122875
727.6555625
791.3079375
828.68325
766.926625
840.52275
770.3665625
779.0905
1001.600625
698.00375
693.1760625
784.4423125
704.7439375
794.902125
782.664625
736.4066875
713.8685
755.0928125
726.2149375
672.80275
721.0243125
906.460875
739.4160625
770.679
899.604125
742.8864375
781.2421875
709.1295625
746.207
882.562125
807.8448125
822.7411875
801.01825
744.6261875
753.3733125
771.011
716.9924375
795.2654375
767.602125
764.691375
967.52675
732.4866875
702.4528125
890.6383125
655.835375
755.6629375
792.480875
725.6883125
901.677625
763.5420625
768.1351875
782.6388125
730.8968125
867.267125
800.178625
780.399125
750.8996875
684.352625
963.181875
796.1760625
683.008875
859.769
728.27725
765.9645
716.740625
788.6631875
840.4988125
716.4071875
848.9394375
728.3159375
768.03875
815.297125
802.49175
747.4150625
722.0884375
731.341375
715.4644375
755.600125
720.122875
757.689625
728.043625
910.533
854.8769375
752.534875
704.549625
778.1745625
828.9716875
736.3098125
713.4700625
750.007625
742.00425
754.8074375
960.03925
721.2149375
847.5690625
739.6366875
787.6906875
946.9818125
748.4565625
719.85925
772.418875
803.736
757.597625
700.15
747.7635
880.6981875
783.542375
848.862125
807.748625
748.9851875
723.852125
762.5386875
823.910375
868.4106875
749.7125
796.6415625
814.1841875
703.0230625
877.1478125
702.1291875
873.4833125
647.454625
784.9474375
751.42075
751.012875
798.4545
709.49125
715.673125
744.7523125
683.58575
807.393375
713.8925
744.1245625
770.425125
762.53475
827.616125
703.3458125
828.0368125
706.7714375
638.848125
742.6811875
827.7915
605.0894375
742.4411875
802.771625
797.771625
702.863625
770.605875
809.824375
681.8345
745.996
757.540875
744.37
820.131875
839.584875
726.7443125
747.0884375
891.58575
732.1804375
811.503875
837.9415625
810.0811875
730.3446875
795.05025
714.7614375
707.14275
793.3700625
754.0210625
759.17325
722.769625
747.2275625
753.21775
753.274625
840.384625
922.85975
710.5254375
756.147
869.4444375
730.517375
819.1506875
767.9506875
836.0778125
640.9088125
728.7946875
667.166375
739.6135625
736.6064375
788.6318125
725.9645625
741.0395625
938.8948125
802.8484375
729.4221875
784.0399375
752.151375
777.4190625
715.322625
791.211875
716.5044375
850.2401875
754.9664375
795.0993125
749.7903125
698.3845
790.939625
787.0495625
752.7786875
747.410875
801.9655
746.4853125
705.6565625
788.807
795.18725
831.7870625
755.24025
679.8085
731.8443125
857.2703125
741.398875
741.0165
716.6844375
715.5138125
751.0708125
719.6104375
775.3674375
713.0771875
725.3395625
738.4941875
710.2845625
831.665375
1021.384875
767.9034375
821.6835
668.336625
789.8428125
726.843875
803.99225
724.0940625
808.7601875
921.596125
647.4178125
837.353375
862.0030625
788.2489375
782.58125
795.97725
710.129625
769.032875
767.9125
690.651875
728.095
748.3370625
690.7660625
797.352625
756.4520625
766.2636875
1029.8929375
742.7133125
819.623
767.184125
811.789875
734.7973125
724.70025
773.0496875
865.581375
928.74425
758.1034375
814.7573125
710.4921875
749.1726875
706.721375
865.834625
721.282
736.0526875
801.222875
789.7168125
716.3718125
709.139375
745.545375
890.7600625
714.7215
743.474625
741.28325
952.9013125
751.05225
882.7123125
800.431625
784.8483125
719.8105
884.907125
755.93725
708.238625
714.162875
700.24475
827.9400625
695.1691875
889.9835625
874.4574375
758.937
859.9326875
801.8308125
738.5549375
707.9211875
742.2305
741.7343125
793.3943125
768.904875
774.0041875
763.0321875
747.2461875
730.757375
685.14775
701.6045625
733.0908125
731.88425
755.1418125
789.0643125
700.5549375
810.0315
760.3038125
777.81225
778.020375
726.9679375
884.7653125
1081.299375
805.1580625
658.2543125
720.2636875
722.068625
794.003
748.908125
755.197375
767.1655625
703.8283125
814.3559375
700.8291875
707.7694375
717.281
797.9834375
726.39175
763.5478125
723.5311875
662.8938125
821.0823125
787.0005625
767.600125
727.837125
745.406625
770.110375
748.7890625
730.5330625
956.2590625
1445.981625
777.404375
730.6964375
706.8346875
723.4380625
715.9821875
871.55325
771.748375
743.8245
821.1621875
745.760625
984.599375
894.34675
887.1360625
704.772375
815.538125
776.9153125
751.0781875
615.3175
768.78675
776.0246875
780.5808125
807.9558125
868.048
790.129125
770.14775
927.5849375
755.5015
781.8710625
731.38525
811.6735625
682.697375
725.179375
918.4579375
752.7715
931.818375
730.7735
765.773375
699.088875
1011.0425
766.92275
813.4056875
744.98425
871.5423125
666.6724375
801.0808125
767.38175
745.7598125
734.165125
733.7939375
710.93325
743.2323125
742.4551875
794.5533125
724.8140625
790.95775
805.7341875
691.6800625
901.274125
769.6718125
711.1868125
859.32575
706.7025625
719.8925
807.8438125
767.123
802.9479375
726.501875
733.501
772.046875
717.92325
747.144125
879.789375
660.794625
732.166875
917.828375
828.25275
757.95525
721.335625
730.9284375
671.219375
727.854375
714.5649375
769.1078125
723.8319375
741.194875
777.6666875
804.537625
699.440875
714.977375
844.2793125
745.704
735.6706875
706.5883125
718.0966875
874.5161875
857.9945625
741.211375
734.251125
783.1936875
814.7084375
817.6609375
758.3389375
793.49275
720.16725
786.7020625
1027.697125
718.8176875
702.2683125
826.695625
747.5184375
962.3719375
971.4678125
885.8491875
707.2993125
839.379
743.08925
701.986875
705.0670625
748.505125
687.2445625
712.8711875
916.60525
765.65875
702.632
847.169625
753.3930625
719.9106875
862.9271875
842.999125
776.1254375
739.4706875
795.381125
687.414125
755.2025
704.3213125
695.247125
768.601875
782.4570625
762.7403125
694.0095625
769.7996875
715.8814375
746.10225
770.772125
686.097375
747.9093125
765.8345
720.861
710.9515
742.081375
752.019875
893.419625
764.9668125
739.7226875
875.2036875
717.5771875
754.1335
741.57525
786.063
734.635375
696.5640625
654.2149375
827.0955
717.9846875
817.6410625
779.73775
880.57025
821.992125
775.166875
716.520625
741.1386875
750.909875
788.32075
745.01675
719.865
785.7560625
741.4899375
797.8583125
781.3589375
763.0553125
771.732
846.1548125
773.3254375
757.0385
716.43225
779.0843125
878.9610625
621.6025
765.3616875
777.6516875
817.27875
877.5715
759.146875
689.056
949.2935
717.4274375
777.9713125
754.411125
707.4578125
678.1660625
815.466875
1087.519375
782.9020625
713.4105
807.6406875
780.9553125
836.8863125
754.51525
675.05925
735.2655
716.6435
845.28425
669.2306875
737.2570625
784.9520625
748.6110625
744.862375
871.6519375
730.05975
736.43175
693.2284375
748.9409375
751.2451875
742.2441875
760.5459375
745.1015
851.228625
778.8589375
836.5419375
730.8986875
864.8975625
806.11875
835.7974375
705.0645625
787.7469375
704.342375
810.931125
766.009
717.7245
700.064625
743.795125
763.249625
953.71975
793.4728125
779.16325
676.8943125
810.03425
843.2965
726.91525
762.1670625
680.5489375
776.201875
846.9785625
874.541375
818.180375
840.6600625
900.84
893.010875
726.862125
744.307625
979.1979375
787.8881875
703.4120625
713.784875
778.97325
732.9381875
747.995625
708.9186875
779.3593125
788.920625
708.3914375
803.8471875
744.01825
656.002375
747.9234375
721.0188125
794.7803125
753.8605
693.4936875
820.836625
832.1254375
825.724125
734.89525
807.8708125
729.586
698.6450625
720.148625
852.3210625
927.6518125
757.160875
1070.505375
773.07325
714.8293125
743.414375
821.310125
708.6330625
733.0785625
822.173375
850.8398125
789.738375
736.6216875
733.6688125
883.181875
732.896375
785.688875
829.1680625
759.375625
734.392875
954.6723125
748.9473125
707.581
775.0644375
795.9608125
782.633625
736.385375
774.9978125
914.037
959.1978125
743.0514375
802.46725
752.9498125
781.2155625
715.73725
724.05025
782.273125
743.592125
705.986625
707.5440625
875.8923125
733.1303125
753.618625
732.0584375
776.8815625
795.352375
726.8545
798.916875
839.694375
766.0381875
832.557625
772.006
796.2519375
729.951
751.918875
762.0705625
885.671375
728.9995
738.7601875
747.189875
740.9335
704.0174375
801.0715
700.9861875
733.7348125
710.8724375
861.9405625
742.7889375
707.2390625
702.271875
789.932875
919.231125
720.4000625
1146.85725
764.6789375
707.72675
684.1574375
720.3398125
721.019125
831.57925
736.9594375
777.2404375
780.0591875
694.4253125
817.070625
703.862875
747.34625
737.353875
832.3988125
718.0565
829.349125
879.7381875
863.6744375
780.619875
741.203625
758.22675
1276.24625
706.4239375
859.4613125
782.7635
833.6536875
673.5150625
748.73025
814.5568125
862.309625
871.000375
733.610375
734.3485625
736.37475
1062.10975
761.8221875
745.93725
740.5063125
786.0426875
724.0583125
707.70525
1022.09025
858.303
734.544125
656.94675
756.0723125
811.6325625
786.354375
674.9740625
753.91725
811.867375
783.543
743.920125
723.3535625
878.15925
791.0055625
836.564
848.0505
802.7965625
729.9205625
760.326375
810.233375
736.4181875
782.71475
705.234375
737.87075
718.4884375
831.4994375
731.12625
707.3243125
762.7408125
741.1794375
746.52575
680.5873125
643.6030625
701.37625
737.254375
808.0174375
905.471125
753.8389375
754.092875
787.1764375
776.436625
726.6265625
741.9811875
868.7036875
706.2391875
717.0771875
1031.8743125
766.036875
885.055625
752.95325
718.43775
789.677375
659.47275
844.56525
871.072625
722.251625
701.0459375
738.2533125
779.2996875
739.475625
723.3454375
765.8223125
761.1836875
708.61025
707.06525
707.7965625
825.1915625
879.056875
730.6955625
824.911625
675.3840625
769.9335625
793.6141875
691.2191875
723.13475
796.328625
733.142625
800.302625
741.0969375
774.7139375
764.2746875
731.8655625
681.672875
764.5306875
753.6840625
774.593875
775.3979375
735.5066875
730.3048125
790.484125
804.3080625
762.50025
849.1450625
681.9271875
796.62225
771.325125
840.7793125
740.019125
733.737375
742.768875
739.098375
733.650875
716.2555
846.052625
764.2595
690.87375
774.02625
693.848625
798.37275
734.50275
785.2715
742.6154375
1064.002625
723.7691875
803.3730625
831.42825
1031.300625
734.0275
797.471
782.926375
707.8741875
680.02275
714.934125
779.2586875
929.105125
782.12675
848.57425
728.7730625
735.1620625
897.9523125
828.49825
696.3364375
741.553625
757.06875
733.0394375
754.217875
797.957875
860.889375
848.33675
764.2768125
817.605125
782.031375
753.954375
810.5685625
770.214125
863.9510625
758.8813125
726.93425
826.317125
774.423375
888.1806875
744.3981875
746.941875
824.2345
838.427125
729.0340625
739.8178125
695.3694375
772.13375
796.1224375
707.296
717.1279375
725.321
779.4005
711.91325
710.186875
728.0955
742.42375
718.6338125
783.1741875
707.879625
810.5518125
804.053
714.7553125
741.0765
905.5159375
762.6431875
777.5643125
1171.286875
732.0274375
735.8775
807.2384375
790.5675
808.2424375
722.91875
700.70675
747.0731875
816.751
807.9293125
680.5215
726.920625
738.3701875
696.61625
700.0826875
746.8220625
726.9916875
738.97575
785.766875
746.446875
714.6978125
787.6236875
774.386375
698.5725
692.5236875
884.0826875
776.6661875
690.157125
810.568125
686.1758125
725.263
752.2408125
779.325375
719.42875
792.1631875
712.5456875
853.288625
742.6538125
778.161125
712.96875
728.516
715.296
709.2808125
774.0753125
757.4236875
779.943875
725.9411875
777.0353125
824.6371875
849.4508125
867.941875
687.525375
702.1184375
730.43175
786.4665
731.6055
794.978625
774.747125
667.282
820.716125
776.8023125
794.79675
800.4795
724.50575
826.4074375
759.5109375
701.21825
732.2580625
694.728125
760.753125
792.2041875
737.81425
727.365875
772.5913125
825.95925
751.6425625
786.1165
716.769875
724.4109375
789.1245
760.413625
980.6061875
761.9553125
709.0650625
791.3250625
817.594
838.044375
736.9464375
719.603125
747.0545625
728.54325
838.0711875
744.3285625
806.261125
769.7435625
732.35875
712.1030625
865.776125
1005.3844375
706.0261875
781.413
740.88475
774.14225
738.5030625
758.9341875
726.145
768.0145
744.085625
737.3980625
737.2165625
738.05825
726.0605
792.6923125
801.5595625
768.0395625
833.967625
749.5134375
803.0944375
748.042875
736.48525
740.5121875
718.3674375
843.6904375
829.1050625
727.4805
757.184
774.1363125
815.96975
720.3465
727.5745
756.52575
813.004875
746.9908125
715.9215
654.8965
705.46725
703.09325
721.0245625
724.69275
729.78325
776.7155
736.4756875
778.458875
695.757625
725.6435625
745.0604375
741.5513125
679.6588125
793.42325
714.58925
859.0664375
767.0778125
797.4005625
782.521875
775.4853125
714.1589375
773.764625
726.302125
937.766
743.544
704.5121875
871.7436875
811.1124375
717.1104375
737.566375
722.4511875
855.695875
738.7066875
740.1073125
926.5840625
725.398
766.9343125
704.6658125
679.8760625
716.588
723.234125
739.03675
782.437625
790.4240625
832.5163125
722.6095625
776.8229375
761.756125
723.188875
837.1515625
728.922375
787.1563125
700.4431875
763.1086875
847.3436875
770.57125
759.9903125
789.621875
812.7786875
776.93075
762.0945
820.0991875
763.554625
775.6033125
687.877625
716.758625
691.494625
725.5764375
765.4079375
779.5045
759.4528125
726.2953125
728.902625
762.9496875
713.8578125
787.6325
814.1569375
806.7240625
721.053625
673.1793125
857.19225
741.2236875
789.884
784.516625
876.3134375
768.8231875
846.5133125
751.0890625
798.2175
745.6455
679.427
673.01075
728.79925
722.865375
867.23575
769.6453125
828.8360625
718.5165625
739.641125
744.0359375
745.3858125
723.3893125
739.75325
779.2983125
841.6409375
732.1855
758.183875
784.640625
847.92125
1000.4955
728.536
742.0518125
793.26975
759.569625
833.1811875
735.4823125
778.43825
722.7354375
693.6291875
724.775
721.7863125
701.18225
785.28275
734.4591875
703.039125
766.362
700.411875
677.978125
735.5098125
734.246625
741.4310625
713.14625
715.8115625
776.2624375
797.53675
822.803875
853.193375
729.5075625
703.974
895.1571875
734.7686875
728.3496875
680.7524375
784.740625
737.91975
713.57825
837.7565625
779.1046875
786.51925
854.548
750.95425
793.954625
785.1755
740.7994375
841.31525
783.0479375
779.076
811.8705
822.645375
682.4068125
847.3821875
809.67875
758.8405
737.0178125
704.7920625
837.1908125
749.869625
694.0754375
749.203
691.495875
781.669625
758.895875
768.6823125
764.524
785.4031875
739.090125
753.6664375
786.084875
719.028
758.935375
792.46675
727.896
804.4813125
730.188375
784.8056875
774.42475
666.2446875
743.17675
782.416875
920.3989375
755.803375
674.16725
825.9194375
850.9598125
744.351
764.464375
841.254
673.566
707.68075
829.5345
769.808
855.2039375
961.76425
951.9885
759.438125
730.6388125
906.6345
689.261
744.2818125
708.641375
737.9844375
775.01725
712.2905625
814.629875
723.0073125
765.3540625
798.1205625
868.894375
776.2999375
720.843625
738.2580625
768.654
789.058875
956.6178125
747.8933125
729.228875
817.5309375
746.2844375
877.43425
770.878625
985.4759375
806.632875
787.4254375
711.993
771.238375
830.5681875
675.0483125
767.9371875
700.75925
768.815
717.8110625
1043.5368125
1010.4801875
778.2929375
731.58675
675.919875
924.75675
742.8259375
738.820125
740.6155
708.0720625
721.363625
868.7721875
706.86575
731.9925625
1000.221625
763.562875
887.2405
728.0375
826.287375
814.901125
761.74375
814.792125
915.439125
752.3019375
729.2728125
711.55975
767.7373125
775.974125
695.10325
838.5033125
796.02825
729.7230625
702.1939375
815.900375
794.562
729.5080625
953.4356875
722.3826875
769.4755
795.4675
731.7224375
1035.1844375
721.130125
691.06975
675.5694375
664.2288125
783.0029375
782.6110625
725.8221875
795.7688125
788.481
789.144875
734.0780625
775.035
868.8471875
756.147875
788.657
880.8178125
737.331
725.391875
760.9139375
701.758875
666.953125
760.7430625
718.8179375
770.8031875
762.1131875
729.785625
902.103125
805.8591875
809.585875
754.396625
765.7750625
745.4010625
770.9538125
794.2235
723.4564375
778.4405625
680.8411875
806.619625
747.4816875
763.817625
802.3373125
714.1061875
792.396125
776.29325
829.9795
729.700875
730.8726875
871.9461875
842.2489375
758.8736875
808.8584375
809.32125
675.727375
786.302
821.1886875
710.3690625
964.0690625
808.494875
706.3049375
746.268125
754.2424375
751.2059375
713.705
725.12475
910.602875
625.367375
732.398
751.3579375
709.0845625
753.21425
884.53675
849.7571875
787.1134375
761.763
761.3769375
691.91225
784.4205625
674.6374375
805.2429375
743.134375
707.094375
708.4829375
701.0731875
709.9401875
760.584625
721.774
930.344
721.8774375
705.3601875
910.8069375
820.852625
819.494625
688.187125
717.22425
721.404625
759.3371875
734.5238125
705.1039375
678.6264375
811.6438125
748.881625
683.4555625
727.4195
751.9316875
690.078125
728.9151875
745.721875
766.9116875
883.7535
855.1955
913.6724375
759.3805
733.1695625
725.3226875
754.7489375
716.465375
822.9435625
779.861
783.8406875
738.4785625
952.9461875
751.155875
751.2698125
669.7396875
733.0216875
751.082125
729.5435625
855.7091875
798.91625
729.3794375
820.610625
729.4094375
735.5638125
705.722625
775.276
800.812
744.2103125
735.314625
743.124875
765.3139375
732.9124375
708.7849375
755.5328125
786.9345
880.6838125
847.2063125
715.1058125
720.4891875
743.1706875
736.8599375
740.5741875
738.2765625
699.500875
760.122125
948.1988125
762.830625
745.0471875
775.3338125
896.1400625
724.4076875
785.384125
816.919375
747.5299375
1097.919
719.3976875
774.8915
772.1123125
766.670875
750.2685
826.1080625
734.00475
823.8901875
766.5845
721.2288125
761.35275
730.9019375
746.9539375
703.6379375
754.769625
761.3321875
816.1543125
820.8599375
839.85775
972.676875
752.73175
729.1598125
750.946
700.2401875
718.538125
763.724
728.9808125
797.0138125
728.7694375
812.968125
721.678875
774.3805
748.077625
751.4414375
870.7545
722.6863125
723.02175
781.4688125
727.24
765.2098125
731.7001875
767.2820625
739.7651875
739.50025
714.557625
677.817125
820.8096875
824.7261875
703.1256875
832.4831875
710.4049375
707.1660625
724.9364375
726.8939375
868.01775
789.82525
801.3381875
726.493125
716.75875
742.9706875
748.393625
756.9046875
764.287
701.0911875
786.6576875
736.6638125
715.52325
759.0693125
722.111875
844.003
773.4465
753.694625
720.7744375
763.5776875
705.7861875
754.56375
743.3570625
744.613625
761.4210625
800.6189375
682.0825
695.4245625
746.369375
695.0929375
834.3614375
717.96025
733.8941875
680.254
772.5819375
772.7955
788.2276875
690.884625
795.570625
774.633875
713.2774375
739.9114375
824.5800625
778.963875
700.8326875
735.1976875
840.92075
755.451375
796.7966875
952.257
723.9618125
789.949375
830.8570625
710.648375
1015.8488125
835.0795625
713.0155625
746.4101875
758.3821875
739.3838125
765.9604375
786.6406875
716.871125
720.9145625
735.3949375
805.7210625
807.514875
729.3901875
808.7369375
773.720875
727.321625
720.136125
729.055625
708.3134375
697.814625
801.44125
898.14175
761.861125
864.51925
777.92275
858.369125
703.4648125
784.9985
763.6766875
910.0886875
761.9998125
900.6505625
878.3741875
752.708125
735.310125
952.73325
773.0970625
711.58575
717.797625
726.792625
805.071125
782.448
727.378875
744.15475
712.217125
876.196125
738.661125
816.3039375
654.8948125
716.863875
769.0088125
967.5650625
721.84975
790.0365
770.0895625
752.8955
884.5916875
742.348125
704.0411875
732.2505
770.0400625
743.254625
779.4724375
748.422875
756.303125
960.690875
772.6710625
750.2739375
790.7518125
702.5686875
748.78925
743.579375
852.53325
868.647875
760.464625
769.59625
774.9523125
743.0496875
738.2210625
748.0928125
759.4506875
749.0905625
807.634125
703.409375
692.3906875
955.764625
732.31525
707.8040625
793.077875
720.802125
740.92225
781.0223125
767.4129375
763.250875
729.24875
702.0295
723.618125
792.1491875
779.6529375
761.137625
726.2853125
917.452625
888.4018125
701.4155
817.3923125
718.73725
862.23925
886.1885625
765.637125
732.5541875
729.92075
780.9121875
775.06125
719.7255625
702.5956875
794.9563125
697.427125
721.9301875
776.5365625
655.593875
749.3385
838.514625
801.690375
801.1765625
740.604625
749.50575
857.35125
699.5011875
704.7040625
769.909625
737.19525
753.1166875
782.464375
746.9566875
711.891625
735.3179375
726.7869375
835.3049375
785.049625
994.74225
714.72625
766.717625
705.870625
798.45775
939.969625
1022.80725
813.9100625
752.001
794.5976875
751.3649375
705.54075
765.005875
762.9543125
731.892125
712.4421875
759.86225
789.47225
726.5294375
709.787875
732.2105
675.033125
782.904875
771.066125
760.0824375
711.4163125
733.16075
732.2055
748.218375
776.3456875
863.176125
702.0718125
779.0615625
894.7285
816.7561875
1041.38325
900.768875
885.506875
708.11025
918.137
729.99825
779.9556875
784.778
721.6969375
703.3388125
908.5686875
763.62075
768.66825
814.5006875
953.2185625
762.2108125
682.839875
879.130375
735.984
780.9189375
773.7895625
738.9895
719.94125
895.6005625
1084.213
746.836
755.0914375
776.0575
780.283
884.64175
749.4784375
744.659375
820.5816875
706.343
706.695375
764.1764375
752.9483125
857.78675
760.959375
712.0584375
818.1590625
733.9179375
732.568875
709.404125
755.87825
697.4890625
761.4
752.959625
805.6270625
902.4134375
870.2024375
678.291
726.7751875
907.268
759.457375
740.1161875
739.89825
742.62675
678.037375
729.6958125
733.9169375
782.213
1047.8764375
688.634125
679.354375
980.4140625
730.9019375
724.706875
706.18025
768.164375
773.03425
668.876125
753.877875
732.578875
772.886875
808.269875
856.4914375
787.583
817.0356875
954.205
762.6390625
745.67775
707.937125
792.5634375
724.0811875
794.8554375
811.235875
1095.2475
648.012125
786.6320625
694.362375
747.9204375
924.2406875
911.2391875
835.2108125
780.91775
743.339875
766.453875
711.865
747.0455625
785.01375
712.2285
802.915875
721.57
900.235625
895.00075
696.550125
1119.091625
722.6205
712.2865
738.5606875
765.2358125
800.26375
827.161125
720.0310625
762.2611875
759.96625
760.9339375
693.1054375
717.2718125
750.70575
702.376125
785.720875
782.1280625
984.5255625
751.2536875
781.238875
714.7974375
749.6333125
855.3695625
748.9755625
706.8909375
723.32325
748.41475
1125.1945
773.306625
845.085125
758.182875
716.378125
702.269625
707.80275
743.5793125
880.55175
1054.593375
726.4356875
702.1949375
785.9843125
814.52625
734.8045
739.868625
769.685
803.5430625
729.9715625
711.124
790.171625
711.1865625
702.8718125
873.9563125
712.5104375
745.2003125
734.9128125
837.04075
718.038875
736.617875
720.2676875
769.7764375
888.314125
740.8034375
783.8570625
743.2718125
751.4655
789.9473125
795.803
787.7185625
754.9196875
686.553375
774.477
745.533625
765.7029375
724.1765625
794.8189375
724.506125
757.9944375
744.3945
839.90225
780.62625
712.630125
715.2585625
710.3514375
699.4169375
736.84625
872.4716875
772.2323125
678.7571875
699.4715
748.5916875
720.7494375
692.2718125
690.88975
742.1096875
773.386
751.923125
769.6268125
859.9130625
781.438
722.1251875
779.8889375
927.5781875
723.6285
727.976125
756.261
922.8038125
756.607
759.5001875
730.7210625
775.532125
737.19725
842.9884375
728.7399375
730.3471875
832.548125
788.609375
732.117625
779.6330625
833.700375
797.26325
730.655625
802.4474375
754.7726875
710.838875
788.4755
698.7770625
945.1408125
751.1120625
812.2755625
689.3773125
757.647625
771.2318125
764.601375
749.3789375
758.5215
748.5321875
706.343875
732.6505
691.978125
898.5995
699.9978125
891.2526875
881.0898125
706.8818125
789.5234375
772.7645
826.943125
790.497875
817.2315
723.365625
751.8855
681.7625625
797.330375
733.3074375
818.3224375
907.5364375
703.9339375
774.88425
765.982875
644.1945
842.6365625
725.4086875
757.0745
838.0038125
760.5886875
750.155125
670.7375
766.1393125
690.8456875
770.6626875
788.831875
762.403875
726.298875
839.32075
718.84825
701.70375
956.9423125
757.549875
892.6414375
844.266125
725.559375
809.31475
722.7255625
853.687125
723.8238125
789.2244375
751.846
734.32
801.645875
712.2498125
877.4855
756.6348125
702.9789375
794.01475
784.2809375
699.1375625
765.6001875
773.0540625
723.211625
801.2906875
765.547625
712.242375
719.6246875
747.209
770.4870625
738.305125
748.980625
812.3215
893.3726875
884.740875
702.2415
827.31625
820.9084375
696.1964375
703.6664375
713.238
785.4351875
788.1799375
856.255875
751.4021875
814.503125
772.904375
1132.643
702.9400625
725.9805
721.58075
727.1039375
731.884
782.2903125
766.817375
769.487875
803.8750625
722.0744375
728.2999375
772.10225
753.6803125
831.72125
750.9085
759.8171875
871.923375
883.695875
754.3509375
757.2658125
764.9438125
751.7609375
740.69575
825.125875
793.7915
745.18425
711.74475
801.962625
798.803375
796.9235
727.94025
819.4535625
725.8954375
751.8915625
750.5931875
818.0191875
738.9883125
810.4205
721.1008125
706.2335
751.8920625
718.634875
877.34625
752.4298125
733.7979375
756.8158125
900.1533125
793.6676875
984.2595625
728.9231875
784.5175
737.290125
657.2659375
747.14
765.272125
731.9004375
784.1961875
786.6993125
761.4630625
746.8419375
694.5634375
787.4751875
774.7018125
736.275875
784.6481875
885.23575
739.198625
722.8588125
729.62775
751.370125
815.0353125
765.942375
806.9230625
876.4894375
696.31425
901.4643125
754.456125
723.0843125
750.351625
761.214125
1075.82875
860.286125
789.3426875
687.6565625
782.3099375
728.60625
706.4578125
786.5736875
738.3234375
737.2581875
808.0659375
737.8660625
803.455625
800.28025
756.374375
704.0291875
843.826625
745.9715
780.78325
1032.6358125
778.5080625
726.7158125
728.6578125
740.1440625
774.7120625
1165.007125
721.419
811.0744375
747.762
801.968875
762.6515625
701.9025625
732.3964375
706.0335
910.2661875
717.7368125
1090.34825
780.5820625
747.20975
713.08025
794.29725
731.5354375
668.3064375
757.434875
707.1958125
776.7043125
719.690625
827.4355
707.350875
824.1926875
687.5016875
892.8059375
738.615625
778.221875
814.93175
721.5479375
773.4454375
790.057
859.7485625
728.422125
813.601625
709.0145625
621.473375
649.165625
784.234875
821.6236875
755.270875
740.14125
783.2183125
750.079375
800.248875
674.229875
836.0691875
932.2943125
667.6840625
712.2439375
752.11825
708.436125
739.246125
694.1025625
1034.2513125
736.1718125
670.556125
720.509625
706.4198125
774.276875
735.6561875
913.1989375
683.0156875
765.6033125
805.724875
796.740625
747.4549375
790.1341875
712.2701875
749.222875
731.1975
719.58375
728.76
921.798125
725.6269375
718.28275
679.792125
683.113
795.9753125
777.7653125
744.360125
852.6861875
703.512
800.5198125
761.717875
818.977625
724.3131875
754.130125
738.7021875
667.4715
751.210375
750.9708125
758.2275
730.07525
752.3449375
711.07
736.413125
693.4738125
754.8735625
805.760375
850.1434375
763.6853125
687.66675
744.2503125
734.5606875
828.5129375
630.667375
703.69475
764.34825
702.623375
788.5515
688.2415625
730.5973125
719.37175
766.7984375
832.4356875
690.9583125
740.435125
760.5240625
809.888
694.358125
846.471375
784.52475
776.821375
845.1789375
717.243
738.959875
744.1785625
722.7985625
870.6240625
803.1514375
784.3084375
893.782375
716.9998125
685.7878125
742.425375
734.4429375
764.8255625
673.338625
939.8798125
710.6855
883.704625
1020.7743125
882.503375
742.633375
737.8224375
799.673875
697.2275
771.0903125
779.92
656.9483125
821.64775
699.8
779.506875
750.644375
748.2281875
817.6528125
798.9311875
666.9771875
874.296375
752.2255
961.055125
725.08675
827.964
792.1225
720.8840625
807.1404375
729.92975
824.723625
771.8693125
727.9045
746.56525
724.5036875
772.5346875
751.951625
701.5539375
714.8234375
963.3410625
884.32725
939.6303125
778.0733125
815.7195625
690.7455
837.146125
698.5640625
818.59225
836.59075
749.0311875
741.3345
747.52925
840.282375
751.34225
810.26625
876.5849375
789.2085
721.52025
830.98475
729.0715625
866.470625
724.266625
759.8735
710.2909375
769.3298125
779.1751875
720.888375
724.1284375
758.40975
672.9668125
749.94725
1155.231125
739.548625
821.9064375
719.56375
823.1579375
775.7183125
752.7965
716.433875
694.9018125
727.574
803.9478125
874.1406875
777.4455
818.9695
805.709875
708.9945
678.0034375
665.15625
804.5725
731.009
802.9423125
771.83025
722.5430625
859.929
850.8485625
796.8131875
755.46925
770.3451875
1106.4975
749.1873125
781.182
1036.56075
740.3289375
749.6040625
717.9405625
873.9548125
768.6611875
763.028875
722.3255
828.0269375
791.15575
1054.08575
689.48575
779.642625
763.448125
711.9475625
751.524875
694.8635625
689.38075
698.1753125
916.9581875
727.861125
713.478875
709.695125
779.1301875
786.565375
888.559
831.2391875
746.8455625
831.5578125
853.4083125
758.894375
734.8314375
792.430125
773.10725
724.8345625
800.6216875
785.3041875
784.89225
767.073625
871.6784375
749.1173125
788.099625
764.7160625
756.009375
706.5946875
798.5366875
718.7675625
673.9105
749.884625
804.8389375
741.986125
729.65175
817.494625
742.7725
757.250125
750.173125
985.6130625
723.8063125
707.954125
732.249625
775.61525
746.9255
707.42025
761.456875
771.8560625
1063.346
729.418125
747.904125
764.8324375
787.3630625
690.1490625
678.519125
718.7314375
733.2275625
740.0573125
777.571
739.909125
755.0435
688.04225
714.48425
732.9883125
728.18025
993.0851875
766.9861875
811.49525
768.5208125
784.1585
734.0549375
746.6205625
720.6129375
736.6911875
743.1080625
813.2739375
661.845875
796.065375
759.8915
721.814625
834.1998125
745.4814375
929.295375
714.8955
808.6576875
682.1814375
707.6510625
807.8479375
762.5323125
719.0419375
869.6569375
720.623
760.93425
778.2604375
797.6335
920.5475625
751.6031875
777.3604375
758.927
732.1855
716.7629375
764.289875
797.1258125
768.5050625
727.0569375
672.889375
846.293375
693.6756875
718.3014375
685.7946875
739.326375
1215.99275
738.7119375
1045.5390625
748.0625625
678.9665
700.119875
825.832625
743.7479375
697.8390625
796.9353125
837.404625
807.533625
720.7106875
759.8044375
768.7065
761.7000625
763.285875
1226.337875
746.017
794.615625
787.8520625
786.1504375
810.95925
761.5858125
690.154
771.536
770.327125
774.760375
642.1726875
702.4316875
755.7795
839.0508125
814.104125
798.46675
710.373125
840.971875
751.070625
683.864125
710.7831875
676.3005625
797.0295625
743.50475
888.7370625
711.1398125
860.06375
728.746
789.7233125
875.712125
708.9851875
828.1495
700.11225
766.046625
873.8306875
931.52
787.945875
738.50375
591.121125
789.145875
835.371375
692.3520625
