733.4030625
684.64375
861.5774375
766.751625
767.793625
751.1651875
730.8699375
743.0068125
1071.888125
730.6983125
617.759875
767.851625
743.2984375
813.4940625
704.3326875
683.791375
771.6189375
959.367
768.3189375
767.0618125
759.7971875
906.264125
890.189625
827.1394375
722.3953125
671.11125
744.4704375
746.8913125
721.99975
800.0075
666.0840625
1001.0176875
663.200125
833.51025
693.03725
771.2075
744.2154375
912.2899375
733.8558125
757.4133125
772.334625
783.25925
740.6138125
686.41275
700.0535625
770.65725
729.7086875
775.5755
788.7715625
695.4751875
736.78725
810.40825
767.604375
731.5635625
765.960625
765.74075
722.1249375
799.4921875
739.8065625
713.985125
724.5273125
675.9819375
983.1588125
811.713375
724.838375
848.917375
720.3005
751.4325
760.4748125
817.3839375
775.3925625
721.1565625
740.3403125
872.4305
709.57675
659.774375
693.60825
739.0556875
742.5679375
796.19025
716.1128125
733.0255
689.0660625
701.0190625
742.9733125
766.28575
772.15825
771.4903125
695.490875
729.6150625
770.9885
792.782
863.1419375
703.6368125
710.0985
689.126375
786.919125
747.2584375
772.9415
743.5779375
757.5004375
802.548375
846.19125
703.1351875
797.1034375
712.530625
702.6366875
1145.0125
725.1500625
777.554625
679.714875
776.621
676.4580625
850.108625
717.837
759.9876875
751.433375
809.0175625
812.38775
730.539625
805.309
715.44925
729.8859375
807.23275
722.5405625
965.5689375
726.284875
755.8551875
712.473375
829.8214375
741.35325
949.015875
782.343375
784.0283125
746.2981875
723.4843125
809.749625
739.62225
787.89275
781.5488125
724.2651875
722.4679375
752.8660625
717.1891875
805.278875
721.4001875
788.0325625
792.4808125
721.549125
780.8368125
880.36025
815.2989375
720.3564375
704.891625
842.738
708.5329375
744.1213125
704.252625
731.7101875
750.94
684.38775
688.8788125
698.039125
741.513
711.3049375
786.0035
719.265
721.398875
678.8276875
725.687875
754.1749375
724.16775
842.1738125
755.2524375
822.60425
697.8261875
778.7880625
757.8735625
716.9783125
810.31625
742.3965625
725.7985
778.571625
776.2596875
729.0108125
713.9915625
725.4709375
725.785125
699.7235625
832.843
742.1169375
872.6218125
703.6925
826.8565625
838.033875
773.66075
717.6795625
714.634125
806.045875
831.4250625
709.958125
724.5989375
718.455375
760.334875
733.4728125
874.0605
766.918125
828.0255
776.826875
794.2741875
728.4555
810.9516875
705.3238125
891.9254375
720.1459375
701.9650625
810.8571875
858.09625
694.40075
744.53675
747.385125
759.9619375
754.0368125
722.102625
757.5006875
801.214875
715.29025
763.3654375
782.9635
757.0293125
719.6186875
685.85825
683.5821875
706.0186875
753.85825
709.5250625
1049.60825
757.7070625
695.9495
689.15375
665.9325625
657.5493125
691.7185
734.119
762.2489375
766.709125
788.6759375
784.88775
725.317125
891.96025
729.417375
692.537125
766.7426875
725.5524375
722.636625
728.0756875
677.1525
1133.96425
750.022125
865.6825625
763.416375
749.0576875
782.1318125
726.60375
821.048125
784.41275
784.0144375
717.63475
781.1989375
793.9326875
826.1756875
709.0830625
801.5761875
701.0235625
764.8048125
811.707
741.4091875
802.774
728.928875
788.89725
700.0775
805.84375
762.5181875
891.866125
932.702125
721.6724375
869.3506875
725.41025
664.8255
742.7300625
788.1676875
671.7114375
692.0163125
875.267
701.9914375
769.9635625
666.9378125
715.6785625
663.8278125
734.8805
732.7570625
758.178125
826.062125
775.918625
809.651625
868.3574375
743.9196875
739.827
766.234875
818.521125
740.9449375
784.0594375
811.936125
748.6498125
743.8805625
755.392875
718.213875
715.28125
730.4769375
794.9519375
777.5066875
709.332625
781.535
691.3895625
686.9691875
771.3668125
686.44525
774.444625
845.0913125
841.998
876.010375
777.837
796.7938125
741.4628125
810.2449375
917.64925
713.836625
720.4496875
745.647125
718.6965625
792.1855
700.6935625
823.529625
884.2478125
795.4288125
797.9026875
918.330875
752.291375
942.6693125
730.0809375
745.8135
689.7769375
755.9455
766.44475
778.728375
754.207625
856.861875
790.18125
807.0950625
721.2079375
724.2854375
758.958625
860.3414375
737.94675
734.892875
773.7581875
782.239875
731.790875
748.077625
787.31675
820.0815
798.2931875
807.94225
732.627375
778.60175
715.6088125
741.06275
734.0286875
791.1864375
983.7109375
756.448875
762.424375
776.6811875
778.8230625
854.89375
709.7835625
822.455125
726.3255625
730.0916875
728.081125
762.890125
964.2085
756.09425
721.5655625
913.4283125
731.6184375
671.777875
747.1230625
755.253875
718.1665
718.8204375
856.7413125
678.7353125
698.3423125
804.4825625
716.135375
723.949125
695.5015
718.9371875
724.078375
781.4195625
782.32875
708.3659375
741.6636875
746.3510625
771.5746875
743.693875
823.6816875
871.150125
742.41575
704.1574375
764.292125
754.156875
767.5385625
723.2856875
1076.121875
741.052125
749.8346875
686.6929375
739.357625
843.549375
764.957875
738.9948125
734.3626875
711.657125
841.59075
750.2471875
706.6051875
772.110375
776.8424375
716.3479375
771.9300625
706.3279375
783.1175625
768.15775
691.695
857.264625
825.5139375
914.6279375
776.4015625
727.203875
691.1508125
793.340125
690.529375
947.6603125
745.349
734.0730625
997.28725
756.6899375
750.766875
792.70525
782.7228125
741.3908125
815.00575
762.8830625
829.531375
793.2591875
841.113
761.750625
823.6245625
793.1875
751.4826875
758.0799375
801.8544375
724.782375
760.9003125
738.852375
1147.29575
744.73775
779.235875
779.21125
810.375375
760.7511875
839.0425625
749.827
825.5904375
876.5956875
1117.708
802.5111875
700.5391875
772.3724375
915.4034375
764.7516875
732.7576875
785.53675
788.5976875
773.1951875
730.8953125
875.152875
676.288875
700.5736875
799.6403125
738.692875
909.9575625
859.4051875
680.5754375
728.42625
845.315
740.5621875
819.8809375
738.74125
763.973625
769.4784375
832.916625
713.4224375
749.663
743.474
946.2380625
661.392875
746.8235625
767.5725
689.00775
792.6638125
692.8135
886.726125
707.4933125
743.37025
922.8626875
759.309375
778.5420625
839.520875
788.900625
662.2403125
680.96625
769.4566875
712.9404375
767.1976875
793.0105
719.9975625
898.98
727.3729375
769.4185
738.2965625
791.7711875
776.8475625
756.15825
796.563875
876.4280625
918.8335
741.26875
753.3523125
960.3839375
791.506625
791.1655
779.3788125
844.2509375
739.983375
787.5513125
736.5471875
692.4635625
721.7701875
787.38625
799.3819375
681.1191875
689.2336875
730.2676875
768.66125
710.774375
921.431125
773.3458125
711.28725
694.33175
774.9865625
782.048625
744.9131875
737.31375
812.593375
740.031625
801.7640625
753.1469375
734.498875
861.2194375
850.511625
777.085625
716.606875
855.56125
760.15725
721.6011875
914.66125
964.5738125
718.8483125
856.156125
722.4056875
711.883875
802.9036875
749.427625
709.2649375
710.082375
775.708375
674.5595
775.093125
885.8204375
738.727125
743.1076875
775.2221875
770.3749375
776.4214375
916.4029375
797.733125
728.6319375
872.7923125
857.0545625
787.140125
738.5778125
843.14875
783.586125
792.235375
726.7179375
704.784375
761.632125
844.013375
703.9913125
877.3959375
721.108875
1052.467375
769.970625
709.131875
724.3104375
739.08525
762.7320625
814.8215625
759.267
800.4381875
788.36975
789.4355
714.4336875
772.16725
718.419375
852.963875
712.262875
774.5020625
729.90325
760.5359375
706.54325
747.8915625
863.1353125
861.42275
711.4906875
777.716875
787.74225
714.0295625
689.9823125
687.740125
754.33
729.717
711.569125
738.7095
722.9384375
707.5079375
867.4235
717.900875
870.4894375
727.88125
728.7396875
811.977875
725.0515625
739.0840625
711.884125
747.852625
722.636625
761.43
764.8138125
714.7356875
701.1799375
1014.1001875
928.39575
686.455125
917.3930625
778.3235625
1098.32075
869.10175
869.5531875
708.79825
745.5015625
800.2155
751.4735
799.6745625
884.364625
780.89975
726.3084375
719.125625
705.0435
722.5384375
863.163125
781.1979375
773.3631875
760.528375
660.624625
770.977125
1163.094125
757.7953125
836.0418125
798.2301875
712.9110625
796.0665625
761.520375
774.747
729.6396875
805.294875
776.361
783.33425
796.0915625
758.9685
751.333
696.24725
668.3568125
836.571375
741.244875
737.2265625
855.33325
799.12775
741.898875
714.764125
709.8929375
779.873875
710.1353125
849.231
746.12375
833.0724375
703.3069375
848.0483125
722.4390625
722.2224375
664.252875
759.57425
717.496875
732.1770625
752.5544375
828.054125
745.7421875
752.1360625
830.8115625
760.3923125
705.1416875
746.2985625
853.3223125
727.57225
747.2018125
737.79875
744.4521875
764.378
796.661625
825.7198125
908.6250625
999.23425
740.643875
1099.780625
795.0376875
843.380625
781.279375
711.79825
763.9664375
640.468125
1007.61675
695.1735625
979.914625
886.2465
694.9605
782.9523125
709.7396875
893.31725
805.8961875
772.9793125
755.48275
847.6963125
712.33775
634.1341875
712.1314375
724.8240625
759.0420625
731.4399375
838.8388125
703.4074375
783.8353125
780.795625
751.87675
715.0381875
727.6800625
871.94675
780.3406875
753.4418125
783.6169375
748.0861875
799.7339375
718.9808125
747.55775
885.663125
746.9059375
809.05575
819.92775
754.68475
712.70875
753.1218125
735.9379375
769.2543125
746.833875
719.984375
939.2409375
714.93075
786.5789375
707.2724375
867.0710625
752.0088125
711.213875
744.7691875
896.8119375
773.437875
751.0716875
825.2685625
694.3098125
780.91575
712.321625
820.884
743.04075
826.762375
769.8676875
764.3425
791.8468125
716.965125
728.625375
751.894625
702.1885625
713.593375
752.742375
739.4006875
757.7471875
742.4858125
753.101875
749.0144375
697.4996875
829.9149375
873.9170625
759.1629375
884.0555
840.7304375
715.4965625
1093.512625
985.3535625
734.47675
733.31725
791.6285
768.0378125
745.4020625
847.7396875
699.723125
695.14825
700.7038125
747.275
748.7924375
808.766125
668.2310625
813.3553125
717.3185
786.5500625
728.1149375
776.848625
992.3676875
764.1093125
753.4424375
972.2929375
693.029875
858.6456875
866.7624375
704.3835625
724.3528125
824.4988125
790.005
724.72675
797.9573125
718.3860625
855.832
767.289125
806.2556875
740.301
800.0033125
792.790375
790.3970625
721.52875
717.2330625
765.2135625
821.5263125
864.6760625
804.4961875
779.7870625
840.1021875
867.22525
722.8598125
667.286
736.8098125
718.4325
757.8648125
858.0265625
879.59825
803.0195
787.091125
699.612375
777.2404375
741.47925
671.134375
767.62825
786.8805625
902.797375
709.0890625
730.928
817.264625
746.4936875
795.8774375
761.0733125
732.126
738.8704375
753.6675625
750.6221875
759.7654375
794.829
847.9656875
819.680125
774.7064375
913.3646875
749.567125
717.271125
747.390625
696.9089375
704.9103125
744.1005625
733.155375
753.290875
866.514375
750.604625
741.2054375
751.783125
741.5598125
820.4605625
733.6570625
821.9865
741.60575
689.2665
891.427375
742.828125
776.69025
757.848625
771.2848125
716.3939375
833.146375
858.2294375
708.068125
728.374375
714.74375
708.5305
675.802125
871.140125
750.48675
887.4976875
762.3349375
724.2595
700.836125
719.78875
695.6235625
856.72775
792.2585
784.437875
777.03875
711.4821875
737.3195625
692.42675
747.3845
720.1385
661.9609375
788.1735
743.256875
732.435375
734.2165625
712.7331875
825.0475625
774.775375
791.50325
818.189125
783.426
784.0545625
729.66275
737.1354375
711.7548125
775.671375
806.0948125
744.129375
732.37625
866.5876875
820.4331875
768.5086875
712.4011875
851.3065
802.906
828.3529375
780.0865625
719.83925
723.0785625
754.2624375
720.9465
719.08625
771.247125
886.200125
789.9923125
825.599125
959.801875
885.9850625
784.9713125
740.694375
691.5864375
744.0141875
818.172375
670.0391875
816.8493125
739.203375
686.6265
745.8670625
786.93525
728.0203125
724.68125
773.7223125
746.9006875
838.356625
795.21525
732.1403125
735.9343125
838.81375
784.5631875
751.5091875
726.3864375
721.94925
733.6418125
795.1208125
738.8925
769.926875
765.3373125
743.30925
741.3731875
719.3350625
788.05475
839.60725
906.932
759.664375
713.9851875
844.5664375
736.47175
729.3035625
746.7015
759.60125
798.267375
722.0739375
800.4963125
788.817875
720.83775
823.741875
708.4965
763.179375
856.4709375
771.92875
775.395125
756.093875
734.1894375
739.4954375
775.9615
694.018625
720.5768125
724.91475
753.255125
746.3790625
765.5299375
759.593375
744.7805
747.1095
765.77625
819.18025
748.914125
712.1103125
887.596375
793.543875
786.825625
814.7965
969.3234375
684.406625
776.8006875
922.285625
788.450625
762.912375
885.603875
722.616
760.4451875
698.2585
751.400625
772.494125
727.1326875
710.283125
691.273625
823.873875
826.5225
768.6895
711.5475625
705.0608125
714.24
722.7624375
775.2098125
790.7365625
815.905375
746.1275625
841.28225
769.2450625
768.56525
912.0511875
856.97775
814.9985625
715.9663125
761.0483125
774.4349375
757.3596875
802.3495625
812.3294375
825.299375
717.2943125
695.9461875
776.0433125
912.8280625
797.10675
808.978875
720.4509375
762.838125
698.720625
728.101625
803.6096875
766.5364375
732.037875
770.72
767.4355
844.2944375
740.98875
784.02325
749.4056875
746.662625
1004.9961875
761.5868125
700.9331875
754.65975
669.0995625
754.64175
715.3776875
729.33275
1055.96225
719.161625
715.09975
715.197875
735.6606875
828.7394375
720.2975
821.4121875
866.9054375
879.721625
740.9883125
759.8530625
775.666125
707.74725
851.931
720.889375
951.125125
853.229875
713.323125
726.0846875
853.7336875
714.767
736.8855
740.857125
688.91225
986.70025
809.8005
798.8020625
680.1295
682.6338125
788.816375
851.6861875
759.337
778.4863125
769.3061875
797.20925
739.408625
723.2229375
726.7548125
769.6165625
745.0315
775.062875
783.800375
739.8218125
691.237625
785.901375
779.2501875
720.53
741.7295625
750.3995
808.5185
810.334125
784.411875
769.5201875
737.1359375
742.4643125
769.42875
753.181
748.9305
733.851125
754.5214375
736.055625
739.313625
755.542125
804.021
719.4583125
762.6621875
795.2936875
849.0016875
711.6673125
1017.685375
741.41225
733.7009375
755.5881875
758.20075
698.4460625
817.4121875
756.471625
739.7786875
876.383875
780.4094375
697.7960625
712.79175
749.1138125
716.0171875
823.6201875
801.846125
802.944375
713.0873125
824.646125
808.0065
727.969375
781.4134375
694.9075
755.0686875
872.944625
767.4173125
789.1045625
823.14025
720.4348125
741.894
737.345375
877.9691875
829.438875
799.82275
821.203
749.5678125
759.28375
726.9886875
885.2855
761.6818125
751.1084375
755.95225
744.2515
761.715875
738.1943125
1081.026625
754.3528125
793.7505
715.6300625
835.3416875
756.9040625
797.387
700.9974375
742.723125
780.41925
761.20425
713.1125
843.8171875
732.669
707.425125
853.8695
790.73975
877.58575
714.546375
668.7641875
767.1390625
963.2036875
822.91075
752.3191875
737.552
704.3721875
756.01275
716.1995
750.72575
744.689875
761.8561875
720.2231875
687.5441875
742.3055625
741.2499375
718.259
734.552125
957.56125
753.96625
789.9441875
703.4839375
735.378625
749.2116875
716.1503125
764.07775
749.188875
792.1484375
732.5125
772.4581875
707.3925625
757.4544375
761.8418125
732.4255625
818.7266875
790.17925
735.2495
777.9955
729.1595625
714.897
907.8494375
771.1205
795.47375
814.9715
693.572875
719.249
845.5286875
871.21075
712.7305625
697.2649375
760.8791875
774.9389375
858.4358125
741.94025
682.6981875
801.3635625
764.14375
746.1705
691.7694375
730.6835
701.3826875
756.2019375
700.7253125
691.382875
834.076125
638.2551875
721.2225625
731.9388125
784.9246875
884.0256875
1036.13375
671.1270625
747.0869375
733.7128125
780.3745625
792.3419375
760.127625
729.208125
728.0050625
693.3004375
783.77225
1139.320875
758.80625
741.6666875
837.334625
696.5075
950.70175
721.1789375
762.7728125
738.8170625
737.88475
747.995
722.8633125
834.2264375
674.5111875
866.775375
711.9838125
709.359875
786.6309375
774.7939375
757.269875
735.6485625
794.129125
737.310125
800.176375
809.16875
691.2913125
842.2035
727.8285625
780.81
775.8288125
858.1391875
737.8505625
799.597625
807.8283125
827.930875
878.5129375
826.3059375
609.3653125
814.2624375
770.101125
728.2191875
786.8686875
715.8830625
783.01225
764.474125
771.92625
681.0106875
736.4403125
760.037375
709.6476875
712.9165
966.9831875
869.5593125
808.460875
753.645
719.9959375
735.1085625
767.94
791.23375
771.0890625
662.8486875
718.3215625
804.819
848.6155625
708.8726875
755.5990625
786.8003125
726.5816875
762.9159375
856.43925
688.2428125
724.85275
868.3166875
695.97225
753.967
708.6304375
763.6799375
747.8968125
938.0206875
708.876125
743.7278125
999.6790625
733.272
765.201375
819.7493125
763.2785625
773.701375
806.676375
742.64
708.8873125
812.1738125
744.431875
727.901625
846.4025625
703.481
769.8285625
719.228875
736.2511875
706.0559375
816.722125
806.0410625
778.666375
742.27725
725.5645
753.0689375
722.1139375
779.7025
950.337375
725.8845625
829.9745
837.309375
888.0403125
772.9481875
702.1023125
756.40125
724.9900625
924.52875
774.0783125
664.9008125
709.88425
712.674625
860.2611875
781.667
802.1995625
815.33025
668.1275625
715.199625
883.38925
756.0386875
893.1640625
728.3238125
778.5573125
762.610375
706.3045
767.9210625
728.651
894.7421875
740.8973125
801.7244375
753.46525
802.7415
893.249125
741.733
709.95025
787.384375
782.4634375
782.1603125
824.1070625
700.5038125
904.233
802.4051875
706.881375
681.078875
765.0694375
754.1675625
773.1091875
799.8644375
753.430875
745.3206875
832.0799375
757.800375
826.1936875
723.04275
745.5410625
764.379375
762.91075
715.7175625
707.634375
745.90125
820.476875
705.0225625
754.312
1009.91125
723.179875
743.0688125
790.7669375
797.9488125
1016.28825
907.6831875
744.3364375
799.0608125
777.294625
796.0755
750.0394375
681.7919375
815.5508125
850.4165625
752.7811875
778.491125
727.397125
723.9898125
757.9931875
762.4410625
820.37175
733.0976875
702.9525625
717.1215
904.025875
726.2715625
823.319
949.6648125
758.88425
818.0865
719.1205625
762.409125
705.865125
723.310125
687.67175
789.77275
883.142625
718.578875
730.6904375
1071.31625
761.3661875
707.3155
718.2118125
836.4986875
757.910125
723.946375
707.9185
828.58125
679.684
794.735875
762.11575
706.16375
751.1108125
748.944
755.3909375
843.1364375
786.693625
855.426
687.32025
1027.5945625
800.9303125
957.8016875
777.6213125
748.331125
748.39825
772.4145625
809.75275
773.9263125
843.9345625
733.206375
784.1404375
725.2039375
792.944125
761.3154375
1085.02125
758.787
738.684375
745.62875
964.592375
777.3951875
1017.76225
718.883125
759.8559375
738.1904375
756.921
777.802375
785.386625
739.5284375
774.1918125
709.069
758.948875
719.189125
744.887
810.015375
925.5738125
771.6656875
889.8359375
733.11775
709.7529375
902.7523125
775.0555625
722.818
615.93475
771.1753125
797.4435625
767.86925
889.863875
794.32425
692.490625
781.54
760.619625
720.3685625
773.16425
704.4524375
759.44875
749.481625
727.739875
726.7573125
680.2503125
812.011875
984.974375
794.0190625
938.431125
802.4093125
753.9429375
771.451875
844.7938125
740.9095
705.469
726.309125
789.789875
725.59325
706.251125
754.644375
757.4825
800.171
727.3025
758.4196875
760.2145625
738.5125
772.0020625
817.1984375
795.9881875
723.6923125
798.781875
745.396
783.31525
788.5398125
746.1866875
757.0498125
735.96125
747.1585
701.162125
845.13875
833.426125
739.649875
849.7706875
791.088875
811.619125
736.7931875
835.834875
701.79925
991.4621875
741.949875
718.584
752.3921875
825.66375
694.1714375
826.1940625
734.1001875
721.703625
783.900875
773.0746875
681.2826875
736.7735625
732.473125
739.7879375
819.1950625
725.6961875
796.019875
772.5680625
1143.076625
777.9660625
779.91975
755.2916875
952.5925625
760.9576875
720.814625
668.792125
746.2191875
769.135625
732.28575
749.399
729.918375
702.6636875
726.7481875
778.8708125
724.5743125
727.051375
736.946125
888.261625
749.1425625
724.8079375
751.4134375
759.9831875
813.772375
810.1370625
753.7596875
728.3805
989.364875
949.9483125
755.202
820.2611875
815.456375
745.564
756.19025
888.0210625
698.940375
881.8066875
760.4496875
752.7096875
745.97375
711.801
791.4243125
678.6016875
850.343
699.4308125
682.9355
755.32325
762.8358125
720.7848125
747.0463125
827.8080625
780.48875
719.49225
701.214625
693.88
728.044375
757.9528125
752.9976875
709.097875
744.876125
749.9971875
751.21425
872.403
769.2049375
914.8309375
785.3335
762.620375
799.6765625
723.9530625
792.1166875
907.27525
765.08375
748.0900625
706.5346875
790.88525
882.536375
689.82475
705.692
706.8749375
785.636
765.25725
743.7654375
723.7024375
1001.4216875
836.592875
710.3301875
793.6558125
746.3598125
759.4378125
774.975375
776.626625
704.87175
694.2080625
769.1623125
712.05675
944.5195
726.5568125
785.0035
799.312125
757.4574375
818.823875
737.694
734.23975
782.7749375
690.525625
705.0260625
764.8815625
795.4343125
864.587125
654.3765
723.495875
761.1295
754.0339375
641.9389375
748.5915625
749.651125
732.141
750.80825
770.2001875
779.7631875
785.2491875
750.8375625
788.6458125
781.93225
756.3145
795.1873125
807.991625
725.3864375
770.189625
711.6633125
805.904375
722.3190625
744.199875
816.804375
801.3273125
819.491125
849.6525
696.3259375
788.578875
691.8876875
781.48275
739.68225
777.8103125
752.74575
717.644
798.6580625
798.8381875
730.653
770.8933125
673.6503125
690.64125
678.786625
813.6795
730.051625
738.93375
765.191125
700.481
706.95525
880.067875
733.568125
934.1358125
724.082625
814.0924375
691.90675
799.8233125
670.854875
764.724375
755.913125
721.52625
679.25975
739.49575
751.4871875
685.789375
889.831
1011.3926875
834.6204375
708.7475
726.8675
768.1204375
741.93675
886.8694375
851.2335625
881.5479375
743.4943125
763.013875
688.6525625
836.40125
827.78725
873.086625
670.5096875
691.0200625
720.635375
780.3256875
704.205125
746.27525
756.40375
705.0539375
799.4868125
641.5051875
755.6788125
763.7578125
724.52475
734.9646875
737.052125
695.3078125
700.8525
957.6963125
715.3035
746.4566875
774.0005625
769.7116875
729.8300625
717.2244375
782.903125
669.895625
744.1501875
812.2358125
815.0965625
789.3171875
808.1541875
895.2265
710.0641875
656.4809375
751.1805625
756.7253125
742.1315625
754.9121875
856.10125
733.12475
742.56975
776.391
758.929875
905.1715
711.66175
685.462625
742.1390625
720.5721875
729.8880625
719.3476875
711.230875
689.6040625
990.372
734.6788125
689.74425
726.6155625
787.3265625
761.92725
694.8775
894.762
714.543875
880.0416875
763.148375
830.562375
730.32425
764.7818125
946.07875
697.6821875
879.7416875
718.5878125
834.758375
699.8819375
734.0299375
778.9156875
736.4505
788.2183125
916.728375
804.460875
738.190125
820.474375
717.655875
768.347375
910.4225
738.893875
760.4661875
