120.3100703125
67.7833203125
46.210046875
60.32486328125
68.6752578125
3.095577880859375
66.2896796875
15.5772685546875
79.1030078125
11.787478515625
71.40634375
26.806359375
13.7952236328125
8.5929326171875
42.93230859375
4.99740625
18.919650390625
76.9101171875
40.37440234375
11.45566796875
85.8352890625
27.51694921875
60.8932265625
31.9385390625
38.6466953125
15.791642578125
133.279203125
95.53671875
13.6855576171875
24.803146484375
2.546731201171875
17.685234375
13.4761357421875
13.2344345703125
127.2028359375
66.1261640625
54.31855859375
45.699109375
28.85908984375
31.902626953125
72.78940625
24.724765625
34.6458671875
62.823703125
152.058015625
84.4436953125
27.081087890625
87.09528125
68.9232109375
93.91590625
79.216265625
72.4559765625
70.5952265625
19.237060546875
18.4332578125
25.895064453125
262.963875
10.153998046875
240.318640625
30.86462890625
16.47062109375
28.20666015625
271.0585625
21.527146484375
16.989177734375
43.2412578125
109.2918515625
42.2165234375
68.6952265625
49.5046484375
47.48237109375
8.7246953125
15.08005859375
60.9756640625
11.5681796875
38.29369921875
15.5167021484375
6.18437451171875
55.00494921875
8.8725703125
19.036369140625
56.97780859375
351.42196875
7.4571533203125
11.8756005859375
104.2820546875
55.7678203125
9.8210263671875
5.816033203125
23.98084765625
87.876421875
254.536578125
43.114953125
102.5577578125
51.62438671875
53.01651953125
86.143515625
49.43105859375
43.6356171875
23.730734375
9.5136044921875
9.401876953125
2.34779052734375
31.561681640625
30.954857421875
70.6262265625
23.6389609375
195.97509375
22.803326171875
22.822583984375
52.28825390625
10.14653515625
27.77655078125
16.951896484375
34.441921875
37.14653515625
124.8467109375
64.9546796875
47.22551171875
11.17349609375
34.9420859375
42.98139453125
7.6055537109375
29.42075390625
33.25909765625
18.11255859375
87.1416171875
49.04671875
39.91777734375
46.1592109375
37.33703515625
1.28975927734375
18.492591796875
43.84301953125
253.35015625
7.17495654296875
140.5473125
55.62950390625
6.36887890625
26.072416015625
149.275625
38.22010546875
31.190638671875
167.813
73.535453125
44.94271875
38.919890625
278.762
225.102921875
97.3874375
56.55469921875
92.4788046875
9.849611328125
75.7927265625
256.20178125
17.793173828125
125.2168125
42.65822265625
24.12718359375
34.1953828125
4.2451015625
71.546828125
16.2883974609375
40.99270703125
23.175771484375
50.5905
309.9350625
26.52728515625
48.57531640625
36.44427734375
182.377703125
134.830359375
83.8641171875
39.26098046875
32.170330078125
16.4544375
125.827078125
10.18549609375
4.79220703125
50.538078125
100.5753203125
12.52073828125
34.32586328125
202.236875
27.083583984375
28.964818359375
91.636765625
111.8017734375
100.2073359375
107.7545
21.16508984375
51.0954609375
4.038715576171875
36.80646484375
44.16308203125
116.5444765625
8.190201171875
109.8464296875
46.4218515625
134.27884375
105.9442734375
152.799953125
57.441109375
58.63520703125
27.6088984375
101.136625
47.482765625
125.9048125
32.96482421875
22.652953125
41.6807265625
211.81946875
26.611150390625
30.196017578125
95.910109375
23.831384765625
84.9534765625
47.1800234375
63.6994453125
31.23282421875
98.2569140625
36.620265625
18.15779296875
69.599515625
76.7667890625
18.685068359375
20.27486328125
46.5028359375
42.8799453125
21.40225390625
52.5981328125
36.5733515625
167.520578125
78.8952421875
31.95891015625
186.47234375
19.8138046875
42.44799609375
95.83125
27.068810546875
10.0546640625
24.219150390625
50.5611953125
33.64140234375
32.511255859375
67.35934375
26.186322265625
32.74193359375
74.38171875
131.6093125
108.698828125
37.8803203125
143.07890625
54.67755859375
38.450453125
41.3283671875
131.21290625
4.64931201171875
27.60652734375
31.899310546875
70.7056953125
37.31058203125
116.08971875
126.0030703125
92.0359765625
129.941421875
23.03181640625
61.31670703125
11.2290751953125
35.665
12.6114453125
81.901453125
76.0146640625
14.88607421875
46.93129296875
42.72790625
109.8568984375
57.1219609375
83.926796875
25.200802734375
21.15810546875
18.9949375
30.95540234375
46.87594921875
30.775578125
174.431765625
27.571224609375
78.0881640625
40.136671875
17.98729296875
57.05421875
83.753640625
126.79496875
89.1156796875
29.15745703125
54.36675390625
63.33602734375
55.23996875
3.998283203125
63.13846484375
5.66981640625
16.8782265625
74.810796875
61.71716015625
101.489078125
139.57846875
10.34366796875
46.99734375
138.4149375
147.9965
10.019474609375
47.6804921875
47.00653515625
16.9075078125
21.752912109375
160.54121875
9.2221826171875
54.4684453125
4.21073681640625
61.51405859375
90.8215859375
22.13373046875
26.347802734375
3.48868115234375
57.6441484375
4.3724833984375
2.38266357421875
154.075328125
65.27391015625
74.0636875
9.517591796875
133.848484375
66.9961328125
167.967703125
13.67341015625
73.945703125
3.02059716796875
41.1717421875
179.049734375
22.756099609375
5.499244140625
35.54896875
18.14634375
94.5143984375
86.56778125
56.6302734375
41.39197265625
31.667646484375
22.570880859375
20.018376953125
6.36884326171875
85.101859375
33.261015625
13.788412109375
23.65675
63.56990234375
51.83212109375
17.2027109375
7.4190478515625
56.46786328125
12.8157509765625
2.42807275390625
15.1976015625
8.8015830078125
23.41612109375
19.003609375
29.14015625
12.02766796875
15.5090009765625
239.665546875
43.43053125
2.39017919921875
19.25968359375
111.7646015625
89.029703125
45.3306484375
13.01300390625
11.01990625
35.7022890625
86.552875
74.2358046875
18.359318359375
105.404875
9.298240234375
87.945625
41.182796875
8.2438466796875
15.9440595703125
32.01492578125
11.6311259765625
88.2059921875
10.62232421875
18.660234375
56.59005078125
87.3350078125
127.1001953125
64.55360546875
0.0
6.4239140625
62.51692578125
35.4966796875
19.407546875
72.667890625
83.4913984375
74.5350625
235.375484375
14.602865234375
11.0918310546875
75.2782265625
58.5053125
98.167546875
20.21933203125
30.308513671875
38.0575546875
6.5527529296875
47.25948046875
52.11649609375
12.6730322265625
17.4234375
3.24801416015625
10.17733984375
25.347740234375
227.468
22.1689609375
96.143828125
3.696267333984375
82.2778828125
13.5469365234375
191.4381875
93.141203125
156.046328125
22.9784140625
51.30814453125
16.139083984375
63.46996484375
6.6747177734375
16.60983984375
66.7054453125
74.0258125
52.6710703125
4.11367529296875
98.8432578125
47.35080078125
16.312728515625
48.92735546875
3.6454404296875
63.00837109375
267.0474375
42.77081640625
28.741861328125
90.567796875
17.173779296875
21.60763671875
55.44289453125
83.809578125
61.5170234375
13.729197265625
126.7632421875
0.7247369384765625
19.38354296875
58.3895703125
35.57958984375
36.00605078125
5.8031201171875
6.39847705078125
100.3222734375
117.460046875
20.85647265625
91.252984375
8.6691923828125
28.432923828125
18.727822265625
50.13026171875
6.73436474609375
22.399076171875
17.733181640625
43.74847265625
48.84158203125
80.217875
114.839953125
115.1827890625
25.36605078125
9.256623046875
0.0
25.594884765625
12.312357421875
86.467203125
64.0675625
10.5182314453125
113.250234375
22.285326171875
106.40778125
45.59464453125
99.277578125
22.84034375
109.056828125
34.07958203125
30.30734375
136.5364375
17.14373828125
2.5235029296875
29.936517578125
15.29405078125
7.8219638671875
30.6910234375
15.721556640625
14.70534765625
62.0570703125
22.976365234375
46.7773125
74.151484375
14.947978515625
17.316990234375
75.6560625
149.375828125
26.52643359375
95.3515078125
68.7534375
70.8283828125
9.9341103515625
30.894908203125
52.11788671875
9.9440234375
147.14078125
105.0075078125
18.906384765625
52.3113359375
64.36894140625
0.0
19.7284609375
19.4808828125
39.84980859375
6.75723095703125
19.82021484375
24.300423828125
103.2559296875
80.7195234375
44.1770859375
53.24118359375
38.12790625
91.9120625
25.9658125
20.507470703125
103.3805859375
56.81106640625
4.63609619140625
70.053796875
28.714861328125
55.55533984375
297.103625
43.36534765625
20.808107421875
119.8782421875
68.702484375
26.4150546875
67.251625
143.99478125
220.09990625
102.475734375
21.92486328125
140.85053125
63.1513359375
50.90042578125
27.804802734375
20.773333984375
88.2012734375
63.80190234375
13.4457666015625
135.51696875
146.702046875
96.627921875
63.26502734375
41.0585546875
21.019646484375
116.011640625
26.30505078125
6.99984619140625
7.06337548828125
63.69878515625
31.416421875
248.090875
14.45318359375
2.0286055908203124
35.74964453125
90.0818359375
44.02326171875
37.2950546875
37.37508984375
126.94559375
8.2559169921875
62.6308203125
179.53196875
98.3922265625
11.008263671875
155.16784375
121.7006796875
23.578166015625
8.2100400390625
48.98776953125
18.941611328125
85.9080078125
33.77501953125
15.1532060546875
43.8606015625
92.8096328125
6.23101513671875
18.38108984375
83.3166171875
45.59203515625
55.8804453125
23.213689453125
8.0339755859375
62.98013671875
250.514859375
90.149078125
59.41912890625
10.20600390625
79.340890625
22.63526953125
22.75297265625
53.0658359375
161.42434375
62.05382421875
21.59669140625
18.456400390625
29.846625
43.87681640625
32.371509765625
66.455203125
160.7594375
140.6670625
13.499095703125
85.09396875
101.567984375
74.01746875
0.904153564453125
18.002671875
31.683765625
6.81156591796875
111.59328125
239.389109375
32.82867578125
12.5443369140625
123.07390625
39.55916015625
92.894359375
11.7183173828125
66.60453125
102.3661953125
58.87049609375
15.7310751953125
12.2588134765625
29.0724140625
40.896265625
34.45372265625
103.9483984375
20.871322265625
50.87265625
18.24323046875
277.69234375
18.93454296875
17.339140625
145.82296875
32.69513671875
137.896015625
75.469015625
55.232703125
25.46379296875
35.23148046875
46.171109375
25.1998984375
38.5125546875
42.95347265625
6.85936328125
28.3178125
189.317625
11.6420751953125
19.1834375
42.48010546875
68.611703125
60.70915234375
224.375609375
37.54547265625
157.539546875
109.8949296875
92.2703203125
27.01228125
48.69059375
17.711626953125
142.29778125
13.2403134765625
133.206546875
55.21197265625
34.6101796875
85.0415234375
93.984421875
2.95116650390625
88.7090546875
52.2674375
161.5345
20.912685546875
11.1588564453125
92.0086640625
30.43880078125
120.2447734375
47.45736328125
15.85138671875
12.887751953125
32.83163671875
16.41409375
36.76055859375
42.295859375
14.9416396484375
30.622283203125
21.941255859375
32.2456875
109.5866484375
31.536095703125
72.9348984375
74.1256640625
66.9343359375
144.77315625
36.60676953125
115.2020859375
24.57031640625
69.4943515625
41.18203515625
46.840390625
27.99616796875
11.2990927734375
74.9674453125
25.52164453125
75.670546875
15.248806640625
27.995580078125
161.449734375
45.8248984375
54.72250390625
8.19536328125
44.1322890625
12.6029814453125
6.25428564453125
61.31566015625
150.012671875
55.10733203125
13.2878203125
28.5056015625
19.031189453125
57.96494140625
61.40941796875
251.380375
58.80192578125
6.95409521484375
39.2192109375
71.2121328125
25.6525859375
7.76001904296875
69.0080703125
125.29353125
31.26224609375
10.8134072265625
40.54970703125
2.64243505859375
63.4505078125
38.30825390625
14.6248408203125
2.721953369140625
77.722109375
38.3416640625
51.96721875
200.46678125
197.932703125
3.13285888671875
24.767962890625
130.5439765625
43.05790625
33.20489453125
49.9263828125
166.322453125
167.472859375
152.53875
25.41101953125
10.7352001953125
38.67384765625
44.50129296875
56.79284375
7.6876748046875
173.1691875
64.19235546875
93.718234375
44.8713046875
54.46941015625
84.499671875
25.36515234375
38.2528125
7.9566689453125
98.3179375
33.89790234375
23.073837890625
9.53191015625
43.51620703125
8.6432001953125
29.38530078125
71.4053359375
4.817177734375
5.4136767578125
72.9307578125
17.302453125
95.229
11.56891015625
118.0432109375
42.73587109375
50.25262109375
75.7149375
123.5493359375
23.283720703125
28.22301171875
38.50658203125
31.73909765625
13.712048828125
77.830078125
11.740306640625
7.24009228515625
7.85689794921875
22.130626953125
15.4946865234375
31.80346875
5.213001953125
10.5358896484375
84.64915625
3.954830322265625
56.76718359375
16.4425703125
43.11821875
12.6935703125
185.376109375
67.737765625
11.2364453125
40.720015625
20.37519140625
18.49227734375
6.4734501953125
3.270964599609375
80.9910546875
26.714322265625
37.43484375
152.097921875
72.58565625
111.210484375
21.972880859375
138.224859375
51.00686328125
197.01959375
30.861494140625
55.9949765625
107.53346875
24.15257421875
11.5112578125
9.8244052734375
37.0928828125
26.28251171875
76.1979453125
38.11853515625
48.6361484375
21.282111328125
86.372390625
1.5505220947265625
58.62123828125
9.4377119140625
58.75338671875
166.48184375
24.348916015625
85.617796875
55.72291796875
56.15308203125
123.7711328125
16.1031357421875
20.769849609375
24.366783203125
37.5654453125
39.53166015625
30.270466796875
123.6868671875
160.84828125
25.500109375
141.522859375
76.235234375
6.78043017578125
16.855498046875
37.17772265625
31.2273125
44.49708984375
45.52087109375
74.532390625
16.2027548828125
35.83750390625
20.296185546875
39.94644140625
16.2656572265625
5.1513818359375
121.7847421875
14.8615751953125
62.97857421875
46.27829296875
0.0
8.11441845703125
90.437171875
10.4366845703125
21.45859765625
23.7498984375
28.97364453125
13.876884765625
20.42375390625
184.3508125
76.6055390625
82.5724765625
4.49152880859375
44.42939453125
10.2878544921875
179.54265625
28.540869140625
151.512109375
86.4861328125
21.67887109375
89.6650546875
207.514078125
77.7642578125
65.1191484375
75.7982109375
35.563109375
21.029193359375
68.7860546875
83.2134921875
33.560703125
16.1046904296875
13.6016103515625
44.39173046875
26.08289453125
73.76890625
28.6124765625
4.37841845703125
40.23152734375
20.7257109375
86.7205078125
9.5226015625
76.549
238.5303125
38.8881796875
8.805947265625
39.778
8.8224013671875
47.50815234375
10.290224609375
58.8475546875
28.725650390625
46.57328125
179.562203125
24.57725
105.640203125
28.688658203125
43.70030078125
14.82578125
34.200796875
18.345533203125
18.912876953125
146.211296875
23.435419921875
58.5190703125
0.8084484252929688
140.2215625
24.64815625
12.902220703125
36.60250390625
73.1917265625
144.2796875
7.51043896484375
87.6218046875
257.405078125
18.32385546875
219.251703125
15.323068359375
36.35745703125
86.440484375
42.441734375
87.441890625
57.40021875
78.2273359375
7.5363642578125
4.18255615234375
14.898103515625
179.21096875
145.21840625
12.724865234375
16.3309951171875
38.6838515625
27.340623046875
17.551908203125
61.09996484375
62.37623828125
55.85400390625
100.768125
13.583662109375
62.44321875
10.7903857421875
28.346125
21.89228515625
160.755703125
13.02551171875
122.68434375
5.12194384765625
52.40520703125
238.998078125
201.9205625
22.4074296875
233.7153125
11.451603515625
98.912734375
36.83253125
191.849875
72.557140625
11.293845703125
3.452510498046875
94.311578125
219.461484375
66.0194453125
26.499033203125
49.5472734375
38.97176953125
141.002734375
162.813109375
61.89641796875
76.974546875
19.114869140625
25.358875
69.1283203125
23.628767578125
133.717984375
72.1108203125
111.9461875
17.80169921875
47.17981640625
17.5275625
187.920515625
57.851515625
26.935115234375
75.183671875
23.741490234375
7.70873193359375
124.510359375
0.74065185546875
24.137630859375
43.8711015625
97.6568984375
115.2080546875
11.8484736328125
12.14494921875
72.1840390625
26.79607421875
92.1619453125
50.356875
119.894421875
16.952619140625
104.0514375
25.75258984375
61.36552734375
68.793609375
91.6933984375
108.028953125
2.787952392578125
51.6019765625
37.802875
53.140140625
109.0211015625
95.0181953125
43.4731328125
21.30966015625
3.298413818359375
79.866953125
25.703359375
3.39273486328125
22.7155546875
76.54821875
109.1135390625
4.45757861328125
89.7435
217.744203125
8.230287109375
124.563171875
26.16348046875
53.82136328125
18.643267578125
26.055359375
18.461166015625
61.69958203125
178.125125
83.008859375
21.485767578125
3.36560009765625
32.221298828125
93.26915625
39.36892578125
27.596451171875
33.71090234375
64.5596875
65.12887890625
16.73219921875
35.6982890625
18.499251953125
102.068203125
33.502078125
120.5485546875
28.800669921875
305.77134375
11.12128125
28.760525390625
44.820484375
119.046640625
59.95874609375
80.789375
97.52834375
6.6780419921875
39.75222265625
10.623537109375
38.9820390625
91.8384921875
27.488892578125
158.16240625
61.86084765625
8.8478603515625
57.54360546875
115.3293046875
22.27629296875
62.112703125
31.609189453125
80.7545703125
139.503484375
31.74612109375
135.652
19.572798828125
44.418546875
45.53467578125
3.136012939453125
70.7468125
83.7894609375
2.549855712890625
52.83336328125
60.8257109375
29.18538671875
124.542515625
151.337546875
20.917078125
62.5265703125
34.73120703125
8.303291015625
114.5306015625
70.5517109375
27.11334765625
35.50173046875
58.1520625
67.6270390625
111.1442734375
133.902484375
27.030921875
55.45976953125
57.8357109375
75.249046875
10.7148544921875
13.9403759765625
105.9291875
225.013828125
9.52353125
50.02221484375
60.60151953125
20.610845703125
256.764484375
143.047921875
11.5006142578125
143.34603125
22.814078125
95.5334140625
53.8904609375
40.0070234375
32.32765234375
37.804171875
106.497234375
95.4526328125
72.014375
14.801587890625
86.1473125
21.31980078125
18.136421875
48.9421484375
29.924771484375
135.957578125
73.8885234375
40.53916796875
16.155126953125
165.13915625
166.1190625
350.25140625
90.4433671875
9.53694140625
9.6976484375
42.97366796875
41.1507421875
59.16084375
9.37387890625
166.658453125
38.611421875
39.2981015625
143.471890625
191.325171875
220.42771875
53.71174609375
56.6028125
101.278953125
43.5375234375
28.870259765625
23.757009765625
74.5979140625
102.0666015625
61.06367578125
13.8292880859375
9.9405947265625
20.05146484375
63.89283203125
28.2866796875
78.8851484375
146.990296875
120.3857734375
52.50832421875
59.47927734375
68.6296875
86.480796875
13.79941015625
146.32278125
2.49410107421875
20.312609375
47.9423125
87.3410703125
83.2973125
53.69117578125
58.20098828125
171.66259375
56.75766796875
51.39655859375
100.5624765625
174.8119375
81.840125
129.3646640625
7.91621923828125
9.4110791015625
96.3176796875
93.5743203125
193.156015625
9.2938251953125
53.40789453125
29.13284765625
62.39536328125
41.22396875
17.638423828125
131.07271875
13.207783203125
29.47726953125
85.75490625
9.6744775390625
3.30230712890625
22.72857421875
18.026314453125
8.3235595703125
21.4914375
88.42340625
93.972421875
3.6203388671875
59.5561796875
58.33665625
60.2051640625
41.90899609375
111.685
148.53828125
129.5251796875
55.67491015625
76.759921875
97.0370390625
38.55715234375
254.430625
7.9909931640625
35.4049921875
45.0658359375
12.0266162109375
117.3288828125
34.769203125
6.2559609375
38.72079296875
10.526291015625
12.961095703125
29.16396875
13.163958984375
7.019236328125
50.959328125
38.90033203125
26.23941015625
96.300875
28.181529296875
179.7156875
98.1133203125
8.744732421875
5.86286767578125
24.53778125
156.472515625
119.7456953125
36.02989453125
14.022392578125
151.877265625
21.55040625
26.8278515625
45.51836328125
74.58428125
30.8300859375
44.134
8.9452060546875
144.6225
149.88390625
111.6464921875
89.1755703125
91.009828125
30.02444140625
40.290828125
39.83907421875
239.371734375
32.88231640625
139.93203125
82.374875
65.2141015625
102.7115
80.1346328125
10.0420166015625
124.319625
53.8481484375
70.827375
32.5814765625
175.544390625
2.06603857421875
24.084662109375
123.7139609375
178.457265625
55.78121875
114.1487578125
30.0023125
94.97615625
43.456109375
39.52344140625
21.491826171875
82.9127734375
56.581296875
125.905171875
14.2997626953125
17.334849609375
43.3825859375
32.221802734375
41.42478125
95.6334375
117.4363359375
68.2891953125
0.0
5.05695361328125
120.114703125
14.460095703125
24.971763671875
5.7001416015625
23.0281171875
27.2081484375
35.68745703125
15.0513896484375
28.59027734375
77.214984375
78.12546875
22.8758203125
118.1323984375
32.73068359375
60.37169921875
90.1152578125
48.87790234375
114.971796875
48.330125
8.556673828125
159.479921875
77.7929296875
125.2025390625
75.89096875
217.786140625
76.818
8.6431796875
168.26884375
99.418375
126.442546875
38.5762890625
33.11729296875
74.1072421875
38.08515234375
103.000046875
71.3407578125
27.26695703125
137.963046875
107.329890625
36.9686875
24.919228515625
59.9665
127.8853046875
10.2258896484375
56.0604140625
39.7503046875
30.649560546875
16.419580078125
57.60986328125
131.616171875
21.884419921875
23.45376953125
4.97249951171875
56.43270703125
65.35630859375
29.817966796875
5.41486962890625
99.38271875
124.117515625
129.599765625
8.739865234375
8.95008984375
31.12801171875
8.07433544921875
97.6118671875
29.476642578125
78.38528125
68.1168515625
36.17856640625
13.2744296875
82.5194765625
2.138897705078125
12.607005859375
18.030625
237.333875
46.73959375
39.1123359375
19.1109921875
14.4959990234375
34.611578125
116.543828125
115.3046640625
18.29296484375
34.68811328125
19.386505859375
56.82564453125
171.61284375
48.71458203125
124.100078125
33.11555078125
10.4549306640625
253.8200625
23.794494140625
15.1683974609375
152.056265625
246.33671875
28.51536328125
54.839984375
46.229109375
10.624826171875
59.33817578125
37.330265625
18.846927734375
136.941734375
15.8317021484375
55.023375
82.14628125
19.86987890625
45.2540234375
19.4934140625
100.4210078125
34.405421875
33.10001171875
56.15557421875
46.48118359375
50.265796875
32.310166015625
22.23911328125
33.56722265625
26.848552734375
13.791544921875
52.6305234375
112.4584765625
22.137025390625
131.693078125
17.797712890625
43.63101953125
10.0954365234375
102.658546875
39.57334375
109.438265625
7.242173828125
52.05905859375
155.709359375
40.977375
56.2554296875
126.61253125
72.620796875
19.9248671875
49.548703125
120.2484140625
88.6588515625
5.7253427734375
59.14506640625
77.718390625
28.7995
16.483533203125
91.7726484375
18.57826953125
14.3327802734375
124.2015625
85.7357890625
78.032046875
70.202
215.9121875
78.5168125
51.8215703125
109.1378515625
99.1616484375
102.497734375
46.752703125
33.83928125
61.516296875
68.4121328125
24.064076171875
64.5931171875
118.1608125
77.581640625
38.414296875
216.99025
15.666521484375
29.064564453125
201.3444375
92.44175
7.2638603515625
6.48062353515625
62.50146875
49.616359375
0.0
113.789328125
171.895765625
85.24046875
3.662684814453125
55.28293359375
163.749484375
34.01776953125
105.201546875
157.68584375
33.87562109375
11.6394130859375
41.7341640625
135.320046875
17.900779296875
20.23482421875
34.47093359375
56.015265625
20.505044921875
20.824650390625
1.98401513671875
9.4143603515625
13.3838134765625
58.098765625
70.4565546875
8.8685341796875
44.84760546875
48.8364140625
88.5088203125
25.532478515625
37.91277734375
6.59449072265625
115.7418046875
76.081234375
26.3576328125
38.6248359375
153.123125
18.54065625
14.5385625
100.966890625
26.80133984375
3.110921142578125
27.4690546875
110.0991171875
17.872193359375
96.2097109375
128.1497421875
76.5826328125
28.075857421875
35.400859375
180.983625
63.32059375
36.7254921875
201.771765625
30.509513671875
43.5814140625
99.53346875
15.0506787109375
200.04084375
11.264087890625
5.48863916015625
47.6571796875
114.1748046875
11.4230625
65.4857265625
109.099875
31.307220703125
57.13730078125
84.1826328125
13.0352275390625
34.65191796875
113.9545546875
94.709953125
91.069828125
71.5199296875
20.5085859375
5.5880322265625
23.802685546875
19.102716796875
17.35007421875
104.4778046875
68.4905
64.40708203125
2.47751806640625
49.34633203125
16.45359765625
63.04462890625
12.5596943359375
40.41015234375
109.6307265625
52.74846484375
109.6471328125
8.5844306640625
287.65321875
38.0171953125
21.925712890625
68.018765625
38.15670703125
47.58247265625
142.47175
84.8297421875
20.470619140625
110.723703125
40.3074296875
81.5876953125
81.000078125
14.955392578125
28.060259765625
68.1876796875
114.7037109375
36.30344921875
5.05251171875
49.76210546875
49.314953125
66.777921875
59.54871484375
235.366390625
14.324884765625
20.3625625
50.36322265625
52.55452734375
28.207580078125
96.6323515625
49.95496484375
35.31386328125
33.06475
96.8209921875
28.081759765625
10.2790751953125
23.88284375
46.352546875
66.4878359375
56.809359375
86.1053203125
237.389046875
39.31951953125
98.24665625
22.411041015625
41.7326015625
40.9933203125
52.71469140625
31.19095703125
86.29921875
80.2476796875
9.899349609375
140.618265625
15.9294140625
113.959828125
23.398517578125
35.643875
39.21066796875
17.040673828125
78.136625
20.70001171875
11.44159375
25.69692578125
74.7991875
83.1622265625
79.8495859375
55.9772109375
4.13800439453125
40.064234375
176.28303125
190.05125
17.823796875
160.504484375
25.933611328125
3.776312744140625
42.03925
39.7306015625
80.832609375
26.240162109375
44.62487890625
34.04925
45.4864375
106.0760703125
125.02465625
15.7793505859375
12.392947265625
21.4790390625
126.316953125
152.249015625
32.19724609375
26.6072109375
200.538484375
34.73371875
3.3984853515625
43.280234375
23.920013671875
66.3475
18.21651953125
130.3654375
19.521580078125
4.70852392578125
84.65690625
35.22526171875
18.9946171875
121.26840625
30.938529296875
6.18427880859375
117.904296875
76.86378125
128.0713125
23.048130859375
46.44042578125
79.220109375
11.280044921875
39.869296875
109.8427890625
17.69541796875
27.1803671875
79.55678125
7.95973779296875
148.746640625
28.92840234375
31.673326171875
7.42264208984375
3.08511669921875
18.1204140625
14.131060546875
84.054078125
7.3930654296875
28.753205078125
74.5463515625
84.2770703125
49.03809375
24.079478515625
51.75512109375
59.49468359375
13.6351220703125
115.93009375
8.62706640625
12.941998046875
23.87313671875
71.270296875
121.8743203125
28.71040234375
56.736234375
62.09537890625
26.872138671875
15.7891240234375
21.88815234375
30.196650390625
135.34965625
61.91267578125
19.7479453125
158.9396875
38.93655078125
19.036974609375
236.09821875
52.74123046875
27.397544921875
81.1041953125
76.910109375
11.688630859375
29.33287890625
19.429537109375
39.16148828125
18.0536171875
22.47779296875
24.709255859375
43.72690234375
53.93722265625
38.6349296875
77.311921875
133.69203125
28.20308203125
7.1815029296875
40.318125
30.89766796875
57.828546875
88.4906171875
95.9798359375
42.82559375
116.026453125
123.4109453125
18.223548828125
134.15928125
8.6028037109375
6.752841796875
165.756765625
32.046701171875
11.3975634765625
56.8288515625
55.68384375
46.68787890625
59.58526953125
3.193522216796875
126.547421875
38.7226171875
32.034033203125
13.6824892578125
169.115421875
8.2030849609375
87.187078125
125.97009375
100.4989765625
0.0
7.9393056640625
94.95471875
49.6149375
15.9235625
43.3492421875
68.1066875
55.14119921875
16.0548994140625
32.633626953125
89.2918125
29.961951171875
24.19616796875
28.501087890625
179.861984375
101.2062890625
57.6179296875
17.484935546875
45.9059765625
6.4725390625
38.53703125
40.58041015625
73.027265625
65.95684375
164.32275
69.160546875
174.094328125
189.990859375
81.7792109375
21.674552734375
129.5752109375
311.88221875
65.1476328125
122.90921875
18.738412109375
46.0272890625
12.5947978515625
28.726158203125
44.03545703125
103.1041796875
21.721912109375
11.8930673828125
170.59815625
181.3784375
37.43121875
64.25071484375
127.9213046875
86.43415625
5.47499462890625
245.094828125
42.16360546875
8.97359375
46.25150390625
19.50619140625
143.69734375
71.3775546875
184.45925
20.213037109375
76.9862421875
142.735953125
70.764765625
25.563169921875
108.296609375
158.9518125
8.3564404296875
33.8236796875
49.4020703125
31.60072265625
24.08169921875
33.044015625
38.73658203125
58.24319921875
42.16636328125
79.5465859375
44.39816015625
19.2226015625
25.283185546875
27.103580078125
140.313265625
103.963328125
53.02568359375
17.336970703125
194.87334375
24.47698828125
46.376125
162.69053125
36.39784765625
14.7922392578125
44.807
107.2245546875
55.98020703125
81.42153125
54.3734609375
10.848642578125
16.6773125
26.491716796875
39.3517734375
7.0454658203125
57.65515234375
58.44160546875
35.989234375
6.555998046875
68.7990234375
112.3580078125
109.72325
8.980095703125
9.367712890625
180.728125
82.3224765625
12.127814453125
54.58993359375
1.512912109375
37.29784765625
99.8470078125
17.045107421875
78.677
34.5518515625
26.03111328125
20.76242578125
11.1840625
71.3823671875
10.452396484375
103.7901875
44.723828125
61.54350390625
17.02650390625
72.6013828125
120.740796875
130.1634140625
6.05456982421875
6.88929150390625
64.2605546875
82.0213125
94.27225
39.96091796875
109.5427890625
35.69433203125
73.1779140625
40.87159765625
27.5123125
87.01253125
27.5069453125
51.24817578125
73.1849375
23.947515625
40.1221953125
70.720296875
19.6108984375
137.988203125
42.74271875
54.4941640625
125.431390625
15.8113779296875
44.52453515625
88.0945703125
44.164796875
23.295359375
90.2294375
23.99849609375
