67.2421640625
10.9411171875
29.671837890625
43.2227734375
129.6706328125
49.63060546875
70.7019453125
70.915515625
14.190556640625
128.1559140625
2.50083935546875
14.9636201171875
36.5589140625
9.63998828125
42.53074609375
189.216578125
22.3330546875
43.85880859375
32.73523046875
12.4698349609375
4.622361328125
15.6883076171875
125.61565625
121.822609375
7.9572431640625
13.5215791015625
6.42016357421875
71.74796875
3.757598876953125
59.2438671875
67.5591171875
27.19046875
29.89028515625
83.429890625
190.982703125
130.9755859375
80.4352890625
59.4121875
27.1886015625
45.165625
129.085640625
6.86633740234375
19.201931640625
88.5302421875
140.40334375
17.971953125
60.85118359375
142.29809375
11.8822841796875
48.2533828125
58.2557109375
39.05837109375
36.84169140625
3.5757509765625
14.8492470703125
39.10991796875
19.220966796875
34.42979296875
54.40554296875
31.07186328125
99.7820234375
9.1635439453125
48.57211328125
27.768140625
36.20490234375
48.38461328125
14.038794921875
158.243515625
42.0433671875
32.9037578125
7.48155908203125
21.055619140625
10.7868583984375
8.196873046875
17.18475390625
25.854541015625
56.73960546875
11.707638671875
170.04771875
188.6073125
120.118484375
32.20945703125
188.140078125
15.7756630859375
95.3274375
111.471875
35.05995703125
21.51192578125
72.6717109375
20.910130859375
23.189919921875
197.5691875
12.80827734375
38.89573046875
101.5361953125
5.2022626953125
21.765099609375
149.443828125
5.0433349609375
12.762732421875
21.56550390625
49.22430078125
166.448109375
69.3896796875
18.760583984375
91.5607265625
7.092830078125
19.710365234375
85.6039140625
59.92883203125
3.603580078125
48.2271953125
114.59365625
176.376796875
65.95678125
21.63998046875
63.5758984375
60.65087109375
78.482828125
2.44945166015625
76.84828125
33.3484765625
60.69215625
8.14522412109375
47.88825
9.1329794921875
21.546095703125
99.8831640625
37.731625
80.2996640625
82.418890625
181.847453125
13.5720146484375
18.57456640625
23.069466796875
115.7684765625
26.260236328125
16.548234375
69.412421875
76.1054609375
69.71071875
59.9871484375
103.77440625
16.425146484375
3.489216552734375
52.4998828125
10.844716796875
27.081037109375
56.7092109375
54.84334765625
55.26631640625
20.362912109375
132.344265625
8.39941015625
41.64848828125
18.2255546875
3.396940185546875
21.024470703125
41.599421875
200.484921875
345.2988125
78.0417109375
81.848234375
105.319359375
30.813158203125
73.3152890625
95.5658046875
52.8596484375
3.4618115234375
126.514
77.0454921875
16.059005859375
26.675576171875
70.73090625
15.5412421875
176.2923125
22.511125
97.91475
64.59120703125
97.628921875
16.19103125
40.275828125
225.313515625
86.19428125
30.935228515625
191.811703125
27.534822265625
79.7675390625
19.069849609375
8.427529296875
55.85475
61.26107421875
6.48574169921875
87.926328125
51.0159765625
93.8659375
54.2299765625
27.608302734375
38.40178515625
74.3096796875
36.0924296875
8.5444658203125
31.85058203125
237.451171875
185.833765625
114.859140625
10.969001953125
40.25823046875
5.31465185546875
11.191873046875
14.8392529296875
77.5930546875
39.3125
59.16743359375
76.735328125
42.96986328125
37.55004296875
78.9408984375
37.06448828125
63.1962578125
144.3516875
24.41383984375
58.1980078125
53.51140625
52.17983203125
36.12077734375
86.9603046875
20.894404296875
228.5725625
104.2695078125
168.420171875
75.585328125
85.455390625
30.795359375
13.1024677734375
184.28221875
167.434984375
29.1719453125
50.35198046875
59.89144921875
165.112484375
108.06884375
68.2885
17.30912109375
146.8814375
21.756998046875
173.105328125
54.27486328125
49.405875
2.431423583984375
23.2141015625
35.62739453125
15.7835537109375
77.7853671875
11.0055849609375
297.04628125
15.2233154296875
67.020171875
25.292927734375
28.900228515625
16.2820556640625
147.79525
69.1031875
64.26307421875
29.38374609375
48.1940703125
63.4480390625
9.7130869140625
10.5655068359375
190.435953125
99.9767109375
126.3932265625
58.599703125
98.797125
27.087919921875
92.6511171875
26.492005859375
10.2829072265625
25.753419921875
56.8460859375
1.988461669921875
71.8643046875
46.26853125
105.2224453125
33.32500390625
62.23119921875
5.77233740234375
18.393775390625
86.597921875
12.573787109375
127.570078125
200.911078125
21.283564453125
169.279453125
50.36308203125
44.31830078125
28.750333984375
125.013296875
16.6907890625
34.8093359375
31.2089765625
125.7574609375
64.23933984375
78.975171875
30.233833984375
27.263931640625
125.17978125
30.1703359375
20.673751953125
61.7104296875
2.06048388671875
47.46258203125
99.52959375
41.03958984375
4.75854638671875
76.4395078125
41.60365234375
120.139578125
38.1325234375
48.7779921875
273.5311875
53.83530859375
42.0340546875
43.4267265625
32.9464375
11.857966796875
8.971130859375
40.9978828125
178.069421875
17.20356640625
148.565625
49.44099609375
41.96967578125
52.4650390625
38.335390625
58.61313671875
31.846845703125
72.1027109375
133.493890625
115.3945078125
46.9681640625
170.255
40.07887890625
25.0820078125
14.7870126953125
197.799296875
19.99362109375
119.08525
54.30241015625
89.61090625
9.883400390625
107.2909375
52.423828125
18.53396484375
109.562796875
67.31790625
63.65653515625
49.87654296875
28.5703515625
6.85596728515625
48.8108203125
139.759390625
49.989703125
2.0231351318359376
8.265375
58.51352734375
48.671171875
65.07211328125
33.28715234375
30.018546875
28.609087890625
13.6947109375
11.3933984375
112.7676484375
50.469171875
82.94825
28.48565625
22.409751953125
107.98325
0.8423529052734375
75.1597890625
9.0578896484375
34.53864453125
28.98719140625
154.222578125
92.095890625
7.85709130859375
208.700203125
23.587708984375
1.771442138671875
50.8761328125
72.18209375
122.437625
87.9308828125
22.982279296875
24.588041015625
51.59871875
132.316359375
50.692328125
102.5085703125
6.06081396484375
69.624828125
5.0678037109375
131.49178125
37.6121640625
80.77728125
21.39776171875
77.3748828125
4.683166015625
69.1701953125
72.7409375
68.046015625
88.379125
245.05659375
27.45244921875
26.439857421875
12.6109267578125
24.903244140625
122.5618984375
23.05976953125
62.30523828125
17.636357421875
36.9622109375
134.378046875
10.616880859375
48.43678125
134.652515625
32.77123828125
53.5574375
2.63246630859375
135.197390625
62.109515625
37.8334140625
18.636330078125
9.104873046875
130.2341953125
1.2294588623046876
7.602138671875
24.15921875
11.0853876953125
15.6924169921875
23.44214453125
89.5831875
118.042203125
16.7842578125
13.9895458984375
84.0023125
93.6394375
49.6076953125
38.55853515625
37.579375
10.0973271484375
24.197638671875
22.144751953125
110.0316875
35.566796875
101.547765625
2.915857421875
15.0388896484375
172.275609375
30.15761328125
23.518607421875
13.0890068359375
136.999609375
55.97969921875
126.028984375
131.656609375
35.76659765625
130.9062109375
8.0911474609375
33.7370390625
85.6810546875
9.3440009765625
13.4593798828125
27.94565625
7.37399267578125
82.071984375
38.2478125
100.7642890625
76.7638828125
45.88841796875
16.702115234375
9.0118251953125
20.0381328125
105.9541953125
59.8636171875
2.405141845703125
61.59841015625
73.975265625
20.5463046875
101.6977109375
101.4959765625
68.5468671875
32.739048828125
17.566880859375
152.898828125
107.0213125
136.888765625
76.2384609375
121.598359375
42.07155859375
68.1145078125
3.380567138671875
8.32470703125
241.285546875
32.02443359375
26.467005859375
353.9414375
62.0164765625
23.763779296875
5.1727646484375
22.34927734375
54.7313984375
27.110853515625
30.856283203125
88.8271484375
23.206400390625
44.47849609375
125.3926796875
8.865419921875
13.1869873046875
190.118015625
46.57463671875
125.7396875
67.600078125
45.73433203125
29.030744140625
44.3846328125
62.25386328125
112.7744375
136.44534375
21.99513671875
5.71501513671875
117.771390625
79.304890625
45.08121875
52.4925703125
13.1945673828125
219.6639375
20.04955078125
78.030828125
81.813515625
8.052572265625
9.518552734375
23.527791015625
20.832486328125
21.34927734375
13.7507822265625
73.2346796875
35.20075390625
251.8710625
49.223921875
130.9420078125
14.831599609375
37.74493359375
60.366671875
47.284171875
169.797703125
14.724490234375
66.8033515625
109.448859375
157.162125
70.5296484375
33.71049609375
66.1369921875
42.967109375
36.005859375
41.8238046875
122.28078125
30.312421875
30.03439453125
47.98516796875
285.38621875
20.539546875
143.76625
56.7668359375
103.5992734375
34.612328125
96.4939765625
10.7166728515625
26.0303671875
56.00103515625
29.56585546875
83.3744609375
5.4219638671875
25.7634453125
78.1635
12.8155068359375
37.304828125
78.95525
46.5459375
51.23177734375
26.094419921875
48.67164453125
126.1415546875
25.412048828125
52.3583828125
53.51358203125
58.9365234375
114.0521171875
13.939921875
42.5862421875
14.032654296875
24.475755859375
50.04709765625
12.1486103515625
31.47609765625
12.41177734375
92.6124921875
11.1896142578125
16.934095703125
21.367392578125
39.87917578125
107.4959609375
20.14864453125
82.117921875
15.2715751953125
13.1274013671875
10.431611328125
5.63760986328125
49.992609375
4.2499521484375
196.60165625
25.938439453125
2.38166357421875
74.56296875
37.732234375
12.2787744140625
13.314041015625
72.125765625
6.5178095703125
26.31871875
27.798736328125
63.3819375
177.19853125
35.07746484375
18.595869140625
17.5924609375
4.53590087890625
202.60165625
5.74416552734375
16.9660234375
15.61863671875
24.6735546875
11.0005419921875
120.3834765625
15.69371875
76.9758984375
200.6549375
49.34466015625
233.49890625
18.972658203125
28.356017578125
48.822015625
16.07952734375
19.164720703125
31.549322265625
3.656033447265625
32.32599609375
37.04936328125
140.18390625
24.57823828125
69.373953125
39.5704453125
84.692296875
156.912046875
90.7369453125
137.771796875
55.8974375
36.3486484375
25.393587890625
151.97475
40.45073046875
34.39135546875
44.20650390625
106.7524765625
67.3838203125
241.044921875
22.86578125
133.95796875
61.1254609375
95.99128125
96.950046875
131.573953125
8.9663955078125
62.667828125
1.3236573486328125
20.63597265625
84.2741875
6.25057177734375
252.95175
20.620837890625
36.0252890625
61.48950390625
80.9754140625
59.37175
18.3338828125
46.9615390625
8.8445390625
187.11921875
7.788017578125
23.70417578125
41.72115625
15.8842607421875
14.3339482421875
57.17966015625
61.2700390625
55.0365859375
92.991828125
51.24997265625
5.56171484375
111.56409375
188.67453125
43.2781953125
144.666796875
34.86770703125
71.1781640625
40.54521484375
4.77008544921875
99.6190546875
56.47188671875
7.53600927734375
9.7720703125
0.71270068359375
32.308478515625
18.705033203125
21.39861328125
18.890248046875
13.964919921875
33.4047734375
20.6356953125
20.28375390625
3.824409912109375
27.114353515625
84.1688671875
2.472887451171875
9.095884765625
72.4057734375
16.883392578125
57.50856640625
25.215009765625
40.449421875
1.964464599609375
6.17322314453125
103.7144765625
42.32574609375
5.86036474609375
4.78163037109375
38.34616015625
80.258640625
53.59065234375
51.66300390625
55.495828125
21.14396875
43.87251171875
19.2036015625
58.7589765625
79.3183515625
48.89862890625
46.8005
59.38533203125
311.8258125
36.861546875
119.289890625
76.8537265625
84.8175546875
81.8221328125
10.4360947265625
34.48287890625
1.252408203125
39.09905859375
79.6559375
18.472103515625
22.365078125
6.7650751953125
35.9991953125
20.19308984375
69.44359375
28.354009765625
81.901296875
110.9875703125
24.028490234375
57.89171484375
66.1141015625
151.681390625
41.80171484375
142.72159375
44.55942578125
2.3833525390625
23.245373046875
85.304671875
42.98706640625
107.924
46.42138671875
16.84084375
28.793904296875
44.77014453125
121.7699765625
23.3674765625
29.566859375
21.36845703125
2.533202880859375
50.82328125
93.3578671875
88.046140625
12.9902861328125
16.3033095703125
20.889064453125
189.074359375
120.0643046875
40.36983984375
33.61325390625
161.1670625
75.2427734375
71.6973515625
40.01164453125
50.01557421875
5.83512451171875
96.186625
168.843578125
53.16734375
55.6175078125
9.884396484375
23.909984375
12.9879765625
26.54333203125
181.89903125
44.26275390625
2.54925
86.1069140625
54.499234375
22.531603515625
3.591312744140625
44.997
48.6641796875
29.880166015625
118.053515625
221.843171875
2.610107666015625
59.58138671875
139.08084375
2.16387548828125
73.4938515625
22.298236328125
73.2099140625
39.72798046875
28.1315625
232.62546875
10.1924287109375
127.3503046875
33.8674765625
45.3913359375
26.470736328125
113.4952734375
18.959060546875
111.1051484375
52.068890625
63.39429296875
118.6871328125
8.04949462890625
15.9264208984375
109.6829140625
19.372337890625
48.32991796875
50.84871484375
36.7251171875
92.0870546875
18.994798828125
68.920625
5.2533671875
22.8317109375
14.225681640625
11.82226953125
68.2747109375
33.0982109375
178.59671875
68.074359375
52.8106171875
19.55628125
65.1493828125
13.690173828125
29.126921875
61.77252734375
118.3184453125
177.472078125
65.4076484375
47.84855859375
4.5792216796875
84.4393359375
22.240490234375
187.551734375
15.9505498046875
105.3583671875
40.0046640625
77.0891953125
44.97968359375
43.832796875
47.34625390625
63.75427734375
41.64376171875
125.624015625
23.321416015625
1.4612100830078125
67.1801640625
30.032376953125
159.612015625
43.339140625
78.8918203125
41.4334609375
74.039609375
36.70487109375
73.4770078125
48.47789453125
158.364578125
54.00446875
17.2182890625
47.5874453125
17.42231640625
26.85494140625
33.5926875
16.43325390625
95.50715625
99.8215
45.132421875
34.75707421875
0.0
55.7522265625
8.439224609375
4.66115234375
27.006509765625
65.49294921875
45.27988671875
5.234201171875
33.58753515625
148.0448125
16.695509765625
142.49959375
16.3490068359375
51.27302734375
6.84338427734375
9.6286220703125
86.233390625
84.59065625
3.657068115234375
52.6276484375
20.312841796875
53.02204296875
23.638376953125
33.469625
114.043828125
7.05076806640625
31.680216796875
24.170357421875
56.5259296875
7.97004248046875
48.755640625
29.933357421875
35.8903203125
40.723375
89.4045859375
274.0055625
36.13513671875
153.87575
54.6256875
60.81734765625
41.6494140625
53.93571875
21.850009765625
7.1348662109375
24.71405078125
53.2157421875
52.93609765625
42.0203671875
20.528625
37.514921875
18.25958203125
41.69215625
7.62043701171875
66.7616796875
8.333904296875
94.3372734375
16.2010537109375
11.075009765625
4.6551162109375
171.137796875
85.366515625
20.192103515625
39.73465234375
11.6605263671875
7.00416845703125
27.52555859375
40.72069140625
32.712587890625
35.17258203125
111.2351328125
11.508439453125
86.0916015625
33.67557421875
132.227984375
10.1377509765625
18.463943359375
36.27959765625
115.7704375
27.56930859375
47.28603125
8.152296875
198.706171875
52.99768359375
28.706177734375
30.63321875
47.36348046875
37.95433984375
52.5338046875
61.5352734375
77.3610703125
19.175255859375
100.1798203125
107.6738515625
18.1135546875
20.941783203125
21.70591015625
44.03468359375
54.64705078125
15.9558828125
19.8213984375
55.69869140625
127.46053125
18.229361328125
26.55720703125
23.032041015625
85.8568359375
21.569994140625
121.168765625
47.36092578125
129.526671875
26.86684765625
62.5099765625
93.329375
27.7279765625
75.2063125
31.395607421875
64.30460546875
59.0420390625
15.776615234375
280.3378125
36.9916015625
83.37725
25.99939453125
52.7095703125
56.60416015625
298.3251875
53.77812109375
110.3706640625
64.0813203125
28.727771484375
46.3915703125
17.11790234375
137.378171875
22.86766796875
21.045009765625
10.7391826171875
29.73345703125
204.472546875
61.0023515625
18.3012421875
16.1228271484375
40.43058203125
32.8545703125
107.152265625
36.1268125
14.071005859375
11.9655537109375
36.62552734375
25.96466015625
42.56373828125
4.97798046875
126.1649453125
8.97214453125
153.124390625
137.511453125
9.2680361328125
81.3208125
137.383828125
207.806140625
114.6414296875
34.1690703125
3.76953173828125
72.349296875
95.73628125
72.4803984375
11.51247265625
12.7284384765625
5.06350537109375
57.79017578125
52.2513515625
42.89617578125
184.0935625
113.3212890625
35.16383203125
40.4034375
23.407861328125
46.04264453125
90.45990625
100.3899609375
49.25592578125
32.91216796875
32.655267578125
37.02513671875
66.3346796875
101.7513046875
50.79451953125
41.70242578125
241.212046875
32.15350390625
18.352810546875
36.0499765625
11.174166015625
52.29184375
12.4196455078125
105.9258046875
97.75121875
65.5824140625
67.7973359375
58.034703125
108.2710234375
19.243748046875
114.0442890625
9.334603515625
106.337359375
10.714724609375
158.2271875
128.1640234375
73.51740625
172.665453125
23.75803515625
34.5253515625
35.81652734375
9.665671875
31.6992734375
107.882875
12.1764951171875
12.0344775390625
115.86903125
39.90548046875
19.913423828125
6.85087451171875
12.20648828125
94.6006796875
94.8941015625
17.819984375
10.2907021484375
7.86191259765625
47.027125
32.36469921875
21.051888671875
51.86471875
72.666328125
65.14138671875
59.53430859375
67.171703125
44.93793359375
5.74560888671875
124.8452578125
71.9993125
10.0874052734375
37.36705859375
8.2158798828125
17.3567578125
38.001703125
51.85951953125
72.09421875
23.3665703125
45.61044921875
80.589140625
66.5890546875
82.8722578125
71.662984375
6.8408896484375
39.02839453125
46.4394453125
97.4690234375
172.155515625
6.547998046875
139.556484375
89.1276484375
18.515748046875
24.000068359375
35.21592578125
69.6734140625
18.555943359375
118.0271875
10.0113271484375
25.624041015625
15.72708984375
24.645115234375
19.669294921875
23.43418359375
35.92726171875
35.9604609375
87.5283359375
32.604548828125
21.086248046875
12.1214794921875
113.17640625
98.3075546875
24.4715703125
124.22553125
102.11446875
23.55278125
87.477421875
74.786703125
34.49555078125
46.67684765625
107.00528125
196.240609375
24.1165390625
31.838224609375
131.587125
63.0436328125
28.622462890625
117.1266953125
12.4955556640625
42.8756640625
173.46278125
0.0
26.05045703125
78.9418203125
49.15253515625
80.020703125
18.472759765625
86.052421875
52.2554453125
92.0633203125
88.466125
17.4729375
15.4123984375
53.4119296875
4.94500390625
32.082392578125
73.8757265625
40.71269140625
52.45917578125
120.9734765625
36.78793359375
56.0565234375
50.61297265625
11.686267578125
99.503921875
25.929193359375
9.63686328125
51.567765625
75.785234375
160.574921875
21.965923828125
20.15389453125
108.8518984375
30.29675
94.8392421875
78.71828125
3.6483291015625
112.259359375
39.14773828125
13.2908134765625
26.946583984375
8.873056640625
97.0480078125
172.7928125
17.38169921875
242.58659375
98.2320234375
24.10273046875
47.69603125
61.69700390625
1.550132568359375
28.229564453125
14.7700146484375
153.287140625
30.961369140625
34.2731171875
32.994046875
69.0808125
12.014326171875
10.682373046875
52.08152734375
79.57503125
32.683921875
28.860845703125
44.0526796875
7.155826171875
96.0842109375
192.294328125
64.92270703125
104.529296875
58.46549609375
24.20894921875
49.9080078125
46.958875
13.3837216796875
11.13182421875
176.358125
289.94053125
14.3481123046875
95.001734375
117.774921875
2.9733984375
80.3250390625
4.2780595703125
65.6036875
36.18121484375
4.047750244140625
38.76125
29.653875
34.97594140625
33.25191015625
5.43001953125
173.669359375
35.98491015625
47.7278984375
144.74940625
15.9886201171875
161.31403125
102.1690859375
29.613072265625
20.0419921875
19.0238515625
52.7643125
129.6803828125
60.450640625
12.4803408203125
11.8807802734375
17.64311328125
24.701296875
2.19877392578125
10.1842392578125
10.04637109375
53.54376953125
41.9597578125
5.23278857421875
54.7746484375
25.87501953125
24.268001953125
127.602109375
52.73092578125
71.2995546875
8.76065625
327.4680625
16.0202919921875
75.0920390625
39.15532421875
17.2414296875
99.746078125
32.190111328125
6.87015478515625
12.903978515625
165.6025
3.393240234375
240.4715
54.8203828125
7.53577001953125
103.120046875
159.814078125
119.7452890625
3.79395263671875
74.4875078125
38.02844921875
31.817458984375
168.465421875
99.614453125
8.8348603515625
92.0233046875
11.1476064453125
31.1976953125
66.2935859375
104.44925
38.95460546875
32.7949375
56.9059765625
47.41362109375
41.86221484375
337.3574375
126.0665078125
135.424125
34.42947265625
36.98838671875
32.718904296875
115.30328125
0.0
44.37271484375
21.12218359375
11.676197265625
12.9368291015625
52.59465234375
22.419130859375
89.153609375
16.805333984375
6.415740234375
23.578517578125
74.0695546875
29.564408203125
25.35883203125
247.23571875
94.2461015625
1.5945936279296875
45.24924609375
20.853189453125
119.8307890625
127.09753125
27.821810546875
126.0725625
7.54078564453125
4.36632763671875
113.9223046875
37.98378515625
75.8537890625
53.6768359375
10.23210546875
128.7098125
38.33311328125
43.72453125
54.7627421875
174.2445625
34.33999609375
39.8024453125
97.63346875
65.29332421875
115.496359375
79.9539140625
63.70139453125
125.92875
76.762875
8.1857158203125
34.0205390625
50.98057421875
56.577421875
132.902125
41.11794921875
52.20732421875
61.06137890625
108.73875
65.134375
28.775580078125
117.202546875
63.53833203125
8.218505859375
45.1284609375
12.327873046875
59.629296875
83.2443671875
75.4190234375
80.2365390625
168.13396875
143.9729375
190.697078125
130.5263203125
189.307859375
239.39165625
30.057111328125
42.6324453125
64.04976171875
68.413234375
90.1181875
0.78249609375
59.155453125
39.51716015625
7.1583505859375
23.849537109375
47.76943359375
2.655642333984375
7.71884765625
13.8890224609375
48.40575390625
132.021375
8.825765625
30.330712890625
18.320814453125
20.556517578125
44.15540234375
8.735892578125
98.6687578125
71.447640625
25.558279296875
90.6396640625
21.853484375
7.31914990234375
10.4354921875
96.111515625
18.726876953125
160.27165625
59.0847734375
69.6341171875
21.114017578125
38.56995703125
19.05951171875
7.82170263671875
89.4422421875
72.062125
44.3896328125
4.41453662109375
18.03215234375
3.4668984375
84.56915625
103.219078125
41.783484375
21.0088046875
25.23034375
134.95709375
45.04890234375
76.597703125
1.3105455322265624
57.57036328125
3.52151025390625
14.8696865234375
35.83659765625
74.3580625
28.91237890625
53.3737265625
11.5092333984375
183.2465
27.278208984375
244.12484375
74.2691953125
24.345609375
45.04802734375
73.1355546875
48.18741796875
66.2165234375
187.9198125
26.532404296875
61.32019921875
133.333984375
94.4630625
28.293724609375
144.122265625
13.5667412109375
100.0488359375
48.407671875
7.43858544921875
21.349556640625
5.49574658203125
310.38721875
50.7491640625
116.9811953125
95.7460703125
13.4634326171875
31.322796875
101.6962578125
23.2031875
52.82750390625
17.95696484375
39.87919140625
88.160703125
65.9572578125
18.961806640625
10.3708046875
13.689892578125
15.404279296875
28.740095703125
20.832791015625
7.29209765625
67.851421875
64.38873828125
101.553640625
22.793642578125
17.17303515625
18.277876953125
26.187279296875
23.542517578125
129.6758203125
61.5715546875
4.77532568359375
4.3795830078125
34.33554296875
97.9561015625
8.5633427734375
33.84257421875
141.415109375
25.47835546875
112.2543046875
111.164890625
6.07290576171875
125.8455625
45.9509921875
19.25376953125
72.5706640625
65.4122421875
23.037248046875
28.039513671875
35.14371875
246.23559375
33.8521953125
123.137015625
63.65259375
24.554021484375
200.609328125
101.0946328125
133.492265625
31.02869921875
59.622203125
10.6473525390625
7.03028271484375
132.03065625
68.6937109375
43.63947265625
162.979203125
96.0516875
19.56228125
119.7641328125
200.3833125
106.3966171875
12.446740234375
264.253625
34.5000078125
87.1560390625
52.3045546875
137.90453125
38.4994453125
37.15428125
7.59379345703125
45.11262890625
51.0842578125
9.0940556640625
104.533625
95.9346484375
13.8029169921875
54.09827734375
100.0169921875
28.564390625
19.294328125
26.399619140625
49.98525
122.20596875
61.13323046875
59.8793671875
20.827763671875
33.19483984375
15.533865234375
70.6196484375
3.395523681640625
60.01510546875
83.707453125
2.229828125
22.91130078125
58.59740625
66.4717265625
62.79390625
8.201236328125
86.9972265625
54.7715703125
103.062328125
117.3441875
95.40909375
12.102171875
27.8308046875
85.77559375
18.74277734375
10.0448125
59.89651953125
55.475390625
18.8028046875
45.85674609375
11.0713857421875
38.96105859375
10.0329033203125
104.09859375
33.70183984375
44.75896484375
50.2267265625
67.8426640625
4.70936474609375
90.22425
69.1979296875
13.34415234375
23.806013671875
33.71651953125
8.9077568359375
85.1866640625
141.2120625
94.91996875
167.02146875
35.0814296875
124.9120859375
7.33710107421875
44.43806640625
110.9839296875
80.566453125
30.196564453125
49.315203125
58.97702734375
45.9354453125
11.8699853515625
78.987796875
2.44378662109375
36.34571484375
30.688421875
29.2075
41.3845703125
43.0647265625
36.08951953125
74.1569375
15.04005859375
42.95664453125
31.766544921875
45.4138125
62.9247578125
124.8846875
107.0997578125
17.92953125
72.5083203125
233.827390625
44.48853515625
27.859126953125
56.45844921875
265.2735625
49.343484375
82.4978203125
17.39323046875
58.93345703125
10.421896484375
51.11350390625
52.1664375
100.0148125
38.41765234375
21.433890625
95.281375
19.326443359375
124.9781484375
35.6285390625
49.0913515625
41.63512890625
17.041412109375
27.643416015625
35.6795703125
31.622544921875
4.60543994140625
142.147953125
45.9251484375
48.439734375
16.97076953125
30.942857421875
106.971515625
83.566671875
40.0377734375
66.1336796875
48.80859765625
21.6576953125
55.68158203125
62.9222109375
35.903296875
39.23251171875
17.47845703125
20.44534375
60.51215234375
15.852279296875
14.37811328125
11.7653935546875
95.434796875
75.05353125
65.90775
177.011375
17.086267578125
2.431923583984375
22.23221875
28.872083984375
117.8591875
5.37567822265625
76.523796875
28.11019921875
5.22475244140625
32.29366796875
12.3048759765625
101.965
50.156703125
9.9124833984375
93.2303984375
77.0119609375
75.856984375
30.182203125
71.6371484375
73.0963359375
28.361130859375
77.806359375
107.6955390625
87.4212734375
30.49053515625
36.43540234375
40.63274609375
15.7323134765625
22.75294921875
82.3488515625
64.606
8.7256982421875
23.163318359375
49.03159375
15.7954755859375
26.23308203125
157.10484375
3.68760791015625
27.961345703125
9.0202958984375
7.6454287109375
8.05939404296875
14.9312958984375
22.447279296875
47.0687109375
13.5841611328125
13.600923828125
37.6645546875
5.2042919921875
43.70554296875
9.616357421875
55.6613515625
160.374515625
1.24040576171875
137.109234375
110.7970234375
10.1228115234375
49.93537109375
62.28998828125
15.121458984375
44.78806640625
30.142390625
36.740234375
13.717615234375
37.1619375
98.18684375
38.17921484375
5.58826953125
21.199748046875
14.599822265625
72.7721953125
74.2795390625
99.5102265625
136.7874375
21.7299140625
52.12311328125
236.619390625
20.82719140625
29.3183828125
60.4363515625
39.88812109375
124.1391328125
157.23925
77.8563203125
59.65315625
60.485453125
36.01584765625
18.81490625
169.982078125
2.145943359375
31.64072265625
43.70495703125
41.16320703125
121.71515625
33.69469140625
136.366546875
49.2331171875
89.44396875
162.2298125
57.8660078125
69.5148828125
98.0451015625
8.580951171875
179.542890625
7.530994140625
34.83733203125
0.0
34.7724296875
100.11809375
75.81190625
30.78087890625
216.74925
43.0934765625
36.3894453125
126.5781015625
154.899625
11.2073818359375
48.42684375
12.99591796875
72.36703125
156.8914375
3.315010498046875
119.2756953125
18.857923828125
31.015947265625
145.427578125
48.35305859375
34.32926171875
18.722056640625
26.457326171875
23.529423828125
27.7078984375
162.777046875
122.993390625
33.41570703125
106.174953125
86.0230234375
156.062625
86.7303671875
66.1162265625
68.6246328125
117.1065234375
15.3232490234375
7.31202587890625
147.653390625
54.57998828125
98.7213515625
51.63358984375
85.0050703125
89.1552265625
63.1074609375
28.043115234375
234.47828125
15.0479208984375
11.6309970703125
19.455681640625
42.52227734375
28.071080078125
58.640546875
131.547125
40.4503828125
5.81476123046875
2.71345849609375
12.034837890625
125.724546875
2.66666650390625
37.24721484375
86.20446875
24.808541015625
194.583421875
108.498375
49.298578125
76.0995
31.79834765625
85.449875
24.038015625
7.89115478515625
8.02366796875
41.9073671875
7.8916943359375
4.28981884765625
11.438474609375
26.0883671875
102.58365625
34.66726953125
41.46444921875
24.9333671875
331.2729375
141.90525
25.79251953125
51.32558984375
19.7657265625
45.68278125
17.45726171875
115.74759375
30.52519140625
46.93609375
47.6695546875
42.47724609375
9.031533203125
10.15937890625
37.5698125
60.6349453125
21.369888671875
34.85426953125
66.122953125
28.6997578125
43.96724609375
122.2197734375
5.206041015625
88.009984375
7.3181962890625
55.5146875
57.25586328125
30.004849609375
74.6171484375
12.992015625
32.95242578125
113.6219453125
81.18353125
27.28202734375
49.093546875
22.44178125
17.768314453125
74.815265625
129.138359375
149.050765625
4.73006884765625
29.585556640625
97.5389921875
10.81823046875
102.7547734375
67.5894921875
21.908375
28.205736328125
291.10528125
53.1571640625
11.1016787109375
161.280734375
105.6968203125
134.983765625
135.85584375
15.0448447265625
59.50616015625
33.75603515625
56.73753515625
64.28721875
74.293453125
23.182279296875
13.0817333984375
59.598375
74.5383046875
53.989609375
22.476876953125
269.05053125
8.15330615234375
11.3572412109375
94.4652265625
63.75446484375
14.4555458984375
26.94217578125
104.059265625
57.62818359375
37.5812421875
77.3111328125
28.98086328125
18.680189453125
2.3191396484375
61.45878515625
73.2322109375
0.0
23.072798828125
180.573828125
20.43046875
2.996310302734375
48.35674609375
69.929515625
20.1560546875
21.6281796875
36.0500859375
21.49368359375
99.5830859375
49.72916015625
72.418484375
123.8824375
140.6930625
13.0863203125
31.95055859375
92.272078125
3.791736328125
34.578
54.777421875
32.4084765625
106.1825234375
41.82064453125
98.098078125
32.09537890625
37.639765625
15.87766015625
182.0211875
29.443298828125
50.98923828125
11.9332041015625
53.64851953125
4.1020703125
37.6789921875
58.8660234375
44.75829296875
47.3904921875
185.42015625
11.8480341796875
127.0206953125
96.9974453125
27.2325234375
13.7548779296875
19.38412890625
45.4535078125
149.080375
50.76405078125
53.56669921875
99.3562734375
117.9528671875
30.330091796875
33.701125
82.9157578125
57.91571484375
39.9588984375
43.061359375
121.4377734375
51.98098828125
22.440203125
315.76046875
92.2717265625
66.1863125
141.673453125
6.94955224609375
223.36621875
36.6610390625
20.134271484375
61.78020703125
76.61453125
8.1505654296875
40.3105546875
14.27720703125
56.5542109375
18.523146484375
19.8578046875
82.299921875
119.82584375
6.5626240234375
43.22708984375
19.3133671875
17.227693359375
102.578265625
228.74653125
82.24553125
47.4847421875
58.8191015625
12.143318359375
47.36160546875
82.431734375
71.19359375
117.81546875
49.16548828125
19.20160546875
82.4991171875
11.6608759765625
229.29321875
93.13553125
17.714080078125
248.388359375
166.4818125
16.2527568359375
40.150203125
8.82826953125
50.19851171875
120.8555859375
65.5541875
52.6931640625
33.94803515625
27.430197265625
35.2918203125
26.8560390625
122.9773515625
103.287390625
27.96962109375
19.09519921875
28.657076171875
70.8700234375
107.2888515625
93.351859375
8.9602138671875
69.7374921875
51.4978359375
3.632435791015625
30.01208203125
70.86759375
18.709400390625
15.2101669921875
63.93549609375
8.93676171875
32.502173828125
3.4184658203125
16.55727734375
9.5490341796875
64.55289453125
20.965818359375
51.9891328125
21.857775390625
40.57704296875
49.84865234375
59.10787109375
0.8063568725585938
28.78384375
28.6413984375
16.2422822265625
49.19887109375
26.42025390625
72.1755546875
157.559421875
10.7027685546875
12.378046875
100.89478125
99.199484375
115.365703125
134.00184375
71.1692734375
21.528208984375
54.50085546875
87.4965625
12.4070732421875
108.311984375
130.42471875
74.621796875
185.9061875
97.038765625
76.2934765625
74.2358984375
35.52295703125
62.7042578125
31.723353515625
45.89312890625
42.13193359375
35.40412890625
9.2078896484375
9.8381279296875
217.442203125
51.65905859375
34.117890625
4.22703564453125
6.042294921875
55.83101171875
32.422498046875
74.947828125
92.8221015625
10.838041015625
12.0547080078125
32.892265625
71.617671875
22.24690625
58.557109375
37.19797265625
16.94962890625
17.9874765625
87.2735234375
71.924078125
5.23944775390625
41.93778125
44.520796875
36.6438828125
94.825125
47.48944921875
25.806580078125
2.86052685546875
107.22459375
36.46968359375
121.43184375
211.28528125
8.24580078125
3.735709228515625
10.6534560546875
31.39639453125
210.522734375
3.374764404296875
50.2979296875
0.0
85.3681171875
213.667796875
59.80076171875
95.816734375
81.42621875
64.57091796875
27.623033203125
15.7492880859375
67.6251015625
103.6821171875
34.88141796875
111.1514609375
27.254134765625
126.769703125
19.48288671875
128.6060703125
13.1095498046875
66.6664921875
39.33898046875
3.213935546875
40.878609375
37.96437890625
14.9683173828125
14.678705078125
16.785591796875
21.67465625
46.1427421875
6.87190185546875
56.14440234375
119.2839921875
2.974607177734375
81.1612890625
16.956833984375
31.24436328125
8.547361328125
246.971015625
50.43066015625
64.18996875
139.33434375
89.5676328125
14.4887783203125
163.114453125
20.66160546875
22.554201171875
188.3131875
12.2740517578125
39.88611328125
8.3623935546875
5.38075830078125
41.499609375
30.9293515625
6.1938671875
31.115564453125
129.5244140625
4.202880859375
7.41797021484375
34.1842578125
53.82084765625
79.9205234375
15.3244970703125
208.438015625
121.4916796875
65.27225
210.94621875
126.394625
29.887484375
38.5735703125
55.14595703125
12.973751953125
136.203765625
163.8204375
31.9309765625
34.15391796875
40.61460546875
5.3025244140625
113.904328125
61.6463125
56.53455078125
16.877126953125
4.89588818359375
62.91112109375
30.31294140625
136.97928125
244.151515625
87.9614765625
23.541396484375
58.39625390625
12.8454267578125
12.463775390625
55.85684765625
25.7466953125
91.9840234375
27.778150390625
10.7542373046875
51.1541953125
28.658416015625
15.1404404296875
19.24983984375
23.617115234375
35.7763046875
64.37817578125
84.9371015625
150.300953125
58.49766796875
31.394498046875
37.9452109375
40.9820234375
10.586361328125
166.56653125
21.772013671875
267.595125
100.6198125
5.86017724609375
64.14710546875
239.2853125
127.5484375
18.485490234375
40.53903125
76.6101953125
126.1800703125
11.1397822265625
42.0179453125
7.1088798828125
129.7485078125
43.30905859375
75.754375
18.413306640625
110.164578125
35.899203125
8.17378125
27.73727734375
25.95163671875
45.49041015625
16.0582802734375
10.6129482421875
5.22967431640625
33.91334765625
83.9473828125
25.592771484375
39.9633515625
59.85812109375
8.5795078125
78.3725625
211.5541875
11.3592060546875
39.42890234375
11.529685546875
52.02394921875
14.177806640625
7.9489716796875
8.722080078125
17.127083984375
14.279126953125
23.329513671875
21.0869765625
64.8838671875
121.398875
33.0509375
330.969625
228.4010625
4.2864423828125
155.471078125
37.28533203125
23.125328125
17.282453125
169.876203125
9.9796630859375
21.9456875
21.393603515625
2.794428466796875
56.174875
13.45363671875
50.53841796875
24.770240234375
180.39840625
85.27665625
91.4533828125
68.4640703125
76.8047265625
29.35275
38.40766796875
28.944271484375
69.6766640625
28.402330078125
21.58208203125
77.5533515625
17.28923046875
8.2245458984375
14.554439453125
168.83
110.961578125
63.9641171875
15.4136259765625
10.51587109375
102.2947421875
38.64751953125
108.301484375
39.98862890625
28.989041015625
44.4228828125
72.509296875
18.642302734375
18.564666015625
26.051423828125
15.6737744140625
8.145662109375
35.294796875
127.5079296875
115.8266875
181.62946875
99.8615859375
87.597921875
28.0497421875
17.5630859375
20.22700390625
5.2143388671875
54.55739453125
41.23071875
65.9427109375
302.1616875
105.2346796875
3.459397705078125
3.565828369140625
11.3906162109375
16.53690625
62.62991015625
45.10634375
78.0581953125
25.06069921875
19.400259765625
22.200244140625
21.020677734375
101.1810859375
87.4096015625
73.891
86.1747578125
106.7002265625
8.621599609375
22.10496484375
14.3175546875
10.9202373046875
10.4011259765625
96.6493984375
105.5611640625
30.822220703125
80.0450078125
3.99046923828125
69.6616640625
70.195796875
37.25254296875
46.6967421875
77.7478984375
10.8417646484375
45.92897265625
3.20233203125
3.487445556640625
34.10997265625
62.552109375
44.692984375
16.785798828125
27.415490234375
42.45530078125
66.1504609375
8.9842705078125
85.86728125
34.1116328125
69.6333203125
48.4314921875
86.7477265625
10.91482421875
79.059140625
197.47525
32.79987109375
186.913625
82.65671875
8.233744140625
141.633765625
40.39246484375
92.3811171875
33.9699375
10.485896484375
54.03766796875
26.96609765625
41.11737890625
17.5378046875
111.898921875
44.157484375
97.666046875
176.509140625
39.94775
48.4285234375
7.53565625
60.06689453125
40.95782421875
219.623828125
68.8631953125
11.2611796875
11.6129072265625
29.5290234375
29.49620703125
16.3490419921875
54.70550390625
38.79066796875
29.88070703125
55.99034375
10.171798828125
55.84725
38.53919140625
12.0118896484375
49.850359375
42.603640625
15.60945703125
4.62592138671875
17.40712109375
19.018205078125
15.3122646484375
35.99984765625
151.6231875
15.7259716796875
113.409578125
87.849921875
11.899943359375
66.637265625
26.93328515625
14.8760712890625
87.4637734375
37.0432734375
130.4993359375
80.6656015625
37.5698828125
9.1429873046875
50.19986328125
30.980451171875
17.493248046875
18.913330078125
45.8357421875
132.126
30.315470703125
36.02065625
101.7034765625
188.392765625
64.90347265625
211.9473125
80.3769140625
44.501703125
22.813861328125
2.47666845703125
20.1538125
176.345765625
43.13648046875
36.99936328125
21.54778515625
28.670220703125
108.7677890625
81.17503125
19.83418359375
32.542396484375
35.064203125
12.6512021484375
210.24925
31.94280859375
17.784669921875
56.9048046875
8.620927734375
30.60707421875
53.76549609375
39.46831640625
33.16463671875
148.427109375
170.882703125
74.8849375
165.904265625
45.03159375
28.01459375
63.41479296875
33.3670546875
31.372892578125
26.514083984375
94.8083359375
156.667484375
76.48725
142.39303125
127.2837734375
56.8663828125
9.1297314453125
7.80709912109375
65.12913671875
79.9041015625
59.35891015625
34.8625
71.517921875
119.5302734375
22.016984375
153.6403125
273.8710625
121.436953125
94.197328125
93.63253125
77.3099140625
132.447859375
47.4688203125
24.947634765625
46.85916015625
27.82565234375
73.0918828125
205.789484375
13.9625458984375
29.39655078125
31.4099609375
53.38575
135.3704375
25.517572265625
64.51353125
39.3174375
24.156751953125
42.3436484375
42.71228515625
148.614171875
35.27426953125
71.7254921875
25.451642578125
184.445359375
21.868037109375
101.2945546875
37.72887890625
16.0433056640625
5.8707578125
12.9938173828125
7.25711083984375
88.3068046875
4.97547119140625
60.82352734375
217.893484375
63.16878125
2.473791015625
52.06998828125
66.4793359375
31.76892578125
40.51633203125
34.13189453125
3.433227294921875
107.156203125
9.374814453125
41.28451171875
27.978837890625
27.7081796875
132.149046875
32.88798828125
66.1893828125
21.69428515625
190.123484375
16.350525390625
28.36980078125
33.3603046875
25.345927734375
38.1167890625
23.17019140625
39.043390625
7.33326611328125
28.63630078125
46.9538203125
162.154265625
54.57978515625
40.56881640625
83.1231015625
120.830875
12.230875
49.275625
54.524171875
87.0643359375
18.55805859375
40.6957734375
31.934916015625
116.33203125
16.62967578125
92.130125
6.53409765625
33.1337421875
19.717814453125
30.993150390625
11.763033203125
30.4885
182.441078125
93.4055
73.4792421875
9.355951171875
67.3591484375
89.4294296875
98.2861015625
62.09207421875
77.720421875
17.050671875
425.027125
38.95298046875
18.662654296875
46.7868671875
133.000703125
7.74327001953125
120.791640625
13.7194521484375
187.987546875
37.87308203125
111.0392890625
73.825734375
117.24084375
18.332021484375
42.75028125
161.3813125
7.66586376953125
42.44662890625
272.20453125
46.3964375
55.20727734375
17.945416015625
55.45689453125
9.698921875
34.3139375
18.03642578125
233.76371875
34.2944453125
32.42063671875
25.3821171875
24.554703125
18.3881484375
1.9801912841796876
73.825609375
59.678875
146.371734375
18.406685546875
38.48390234375
74.4817578125
89.0325546875
98.6356328125
102.32903125
31.60700390625
40.8035078125
11.1407265625
39.916015625
118.6517578125
79.8375625
80.1593671875
10.46685546875
36.31754296875
35.3898515625
9.665357421875
20.76087890625
36.3373359375
39.76835546875
157.959109375
44.1448515625
121.3744921875
120.1521484375
20.838380859375
31.4212890625
152.15746875
8.3932109375
41.19205859375
13.7265068359375
30.251015625
6.06624609375
4.6738564453125
38.66332421875
7.21249267578125
17.91165625
21.631599609375
31.653548828125
57.3402734375
12.5980341796875
76.3224296875
1.1949918212890625
146.4800625
6.32120947265625
160.4021875
149.3991875
5.17730517578125
108.2119140625
44.087890625
44.933453125
117.373078125
113.9379609375
125.8518828125
42.82203125
43.20679296875
189.4396875
14.384802734375
213.221125
5.7220830078125
87.9533046875
18.50748828125
0.7596055297851563
140.332171875
88.068515625
71.6586640625
43.949640625
23.109630859375
104.2536015625
47.08901171875
80.347875
34.01271875
22.794341796875
18.304658203125
54.0445390625
69.9450546875
75.2170078125
1.1158582763671876
60.67597265625
31.590228515625
39.54274609375
90.688828125
18.216388671875
50.75273828125
79.52121875
46.35880859375
68.9942578125
19.8056015625
10.695193359375
16.534548828125
28.87968359375
27.396689453125
71.044515625
46.20891015625
125.504796875
27.24419140625
1.1361102294921874
99.6264140625
49.7155
91.6534140625
147.03790625
6.23373193359375
32.746626953125
36.79918359375
77.4159296875
75.6401640625
3.028602783203125
62.96583984375
35.17623046875
46.76517578125
163.022765625
31.61041796875
49.09278125
28.81717578125
70.594328125
55.860359375
32.44530078125
31.200634765625
52.5015859375
50.4810703125
19.4722109375
41.000203125
28.18360546875
155.97709375
46.4046171875
8.92844921875
6.57505224609375
80.8243984375
37.94873828125
2.15145849609375
74.5966953125
71.40009375
50.52171484375
57.3396953125
2.1424697265625
79.01278125
27.29403125
20.0887265625
59.5382109375
54.59889453125
83.4032890625
19.570224609375
51.36086328125
146.586109375
45.69986328125
7.16439794921875
190.03446875
33.50121484375
12.7804580078125
132.91334375
95.5739375
31.15334765625
38.09647265625
107.9203984375
79.3973046875
4.978712890625
81.645984375
60.929203125
27.768376953125
30.96131640625
84.390875
31.779189453125
17.56603515625
22.860904296875
4.019470947265625
143.74509375
268.12603125
16.62878515625
17.66159375
4.088962890625
16.868890625
18.162365234375
12.440693359375
20.6572578125
4.139146484375
83.2916484375
174.705375
73.55165625
132.711046875
36.62466796875
23.17360546875
70.3657109375
5.94403271484375
58.6861796875
19.66756640625
6.527083984375
36.7740390625
82.685625
61.68936328125
6.4173193359375
93.723234375
2.501605224609375
44.98198828125
43.31943359375
48.78796484375
66.993046875
38.35510546875
7.27005859375
61.0436015625
8.8604658203125
58.78893359375
2.263960205078125
103.4165859375
56.968453125
8.2393486328125
52.8411953125
17.470041015625
57.9716328125
56.0894296875
19.55196484375
15.1852587890625
22.2934453125
36.76364453125
34.4287421875
82.1963671875
18.407939453125
33.69301953125
56.12894140625
222.5429375
26.978748046875
111.583890625
121.113828125
46.5343671875
55.78181640625
16.1801083984375
23.776001953125
41.0368671875
81.8930546875
