345.87346875
455.54659375
111.7763203125
428.8431875
141.56359375
297.3691875
239.461734375
258.574140625
106.745765625
529.035375
450.17340625
106.663515625
368.89334375
144.707609375
112.678421875
309.0641875
195.648
228.300296875
280.16240625
102.89340625
32.0639921875
216.057625
397.09465625
113.0206328125
142.78625
108.2587578125
205.337140625
173.874125
222.865921875
430.82971875
65.7228671875
166.279515625
94.3402109375
103.0641328125
208.6426875
285.57375
20.229361328125
423.26565625
167.207640625
64.28591796875
53.9934375
171.310625
104.286453125
187.709515625
536.4995
301.44359375
303.10896875
170.023453125
245.003484375
244.894734375
193.337453125
214.53690625
297.5444375
192.926640625
410.65125
203.678890625
282.2225
170.310671875
230.2673125
213.262765625
82.0893828125
73.3620546875
216.722234375
54.60594140625
148.88971875
95.3648125
286.6145625
143.83646875
28.223896484375
164.269375
151.121578125
202.682578125
479.2275
348.07671875
390.42853125
53.54000390625
191.511375
3.432622802734375
63.68616796875
132.702640625
391.32853125
228.275234375
214.8505625
273.4815625
65.8965859375
167.26109375
102.016703125
208.61309375
113.173578125
228.4691875
319.01890625
57.21305859375
40.6893125
79.1650078125
222.563015625
358.69184375
70.112296875
277.00259375
52.4436484375
112.7085625
105.4412109375
342.58921875
152.6018125
426.42959375
350.86515625
108.127765625
230.24925
171.16221875
231.1380625
56.14424609375
138.229421875
236.9083125
54.35419140625
63.74207421875
105.59503125
42.6710703125
218.361625
96.50321875
111.022
69.9343203125
223.41584375
365.047
261.00996875
217.294328125
360.489625
93.6153359375
339.6951875
409.11221875
102.1022109375
315.01996875
82.99659375
173.746234375
106.414515625
269.86615625
196.63721875
144.160203125
66.801421875
173.683140625
51.95984375
333.20578125
160.028296875
158.70496875
191.925625
513.28875
222.633
23.93189453125
67.9964609375
189.227390625
57.042921875
283.53984375
87.18140625
329.16534375
393.47728125
218.856453125
45.0835546875
341.7780625
244.802484375
266.7183125
161.495625
500.85490625
189.273703125
84.868765625
94.3053828125
144.2338125
158.249078125
177.176125
109.183734375
223.8145625
196.136828125
149.068125
116.560515625
349.49421875
195.62884375
316.138125
411.58765625
326.7454375
221.35921875
31.136314453125
88.7688984375
77.81640625
84.0305390625
229.13375
95.3477734375
42.1038984375
159.892015625
45.12673828125
325.192375
434.99203125
93.9935859375
266.874
213.10478125
62.42565625
340.592625
173.157046875
310.402125
293.12971875
53.24529296875
307.99540625
173.432421875
211.16496875
268.6434375
67.371015625
184.27553125
60.90876171875
430.44728125
258.627109375
203.033734375
178.6239375
227.523015625
394.57321875
466.7908125
89.9603203125
314.52265625
83.7432890625
473.441
285.04725
95.91715625
194.973328125
303.43440625
238.19125
240.431421875
261.094984375
143.52725
158.5185
62.87698828125
142.862796875
259.5483125
362.85484375
374.37934375
258.896
369.14590625
195.911890625
28.950263671875
448.32290625
190.2016875
288.81525
86.80359375
135.954109375
228.751546875
63.3046796875
171.11203125
262.1504375
94.32475
227.743890625
261.372859375
290.8006875
393.03821875
176.86196875
298.6026875
159.144859375
81.3685703125
115.977921875
148.032171875
295.87484375
193.08565625
211.282015625
325.42884375
31.7602265625
65.52290234375
458.510375
183.961421875
243.527296875
337.90709375
92.456984375
139.064375
211.69753125
255.15875
443.9554375
151.72453125
399.08825
43.34779296875
67.3420625
251.3225625
317.365875
302.76925
438.24540625
112.2888046875
108.7112421875
185.6463125
285.63553125
292.242375
242.7201875
287.3111875
212.64265625
265.047875
274.99609375
361.92853125
66.5018984375
307.75040625
183.475265625
363.342375
179.957265625
132.6498125
423.49159375
129.51896875
218.055375
76.9941015625
196.3164375
148.429140625
226.342796875
31.864224609375
169.529890625
298.26128125
249.0184375
250.4315
106.6130703125
159.973421875
219.133921875
121.5468046875
199.957171875
145.8930625
146.85225
201.1831875
129.3810859375
330.5944375
274.83403125
53.03018359375
216.858109375
200.565359375
208.95090625
123.24425
7.81797900390625
331.6044375
237.118953125
123.0668984375
333.957875
184.606875
25.313455078125
91.85671875
95.293625
117.535046875
53.4228203125
299.9190625
164.601921875
4.470275390625
117.890109375
144.388515625
104.4796953125
338.23671875
291.38959375
241.840078125
394.84084375
312.6529375
38.23909765625
107.9660859375
272.28028125
76.11825
201.185328125
155.243875
27.528126953125
55.1760546875
283.47525
177.483921875
309.07609375
319.76409375
317.954125
217.88803125
223.9799375
272.93103125
52.95198046875
103.4002734375
204.782578125
196.8650625
203.3516875
236.5866875
119.73828125
510.797625
143.757
168.700578125
293.7681875
81.4038671875
507.744875
386.48409375
418.66753125
142.310984375
147.623296875
418.6274375
390.86259375
248.24228125
321.76975
231.2613125
42.60210546875
256.262875
99.84009375
253.977984375
257.718046875
285.6043125
135.23728125
354.1030625
74.4285078125
530.30475
243.6810625
212.18990625
151.51659375
182.90265625
91.99309375
106.2951640625
147.6624375
131.1275625
359.96215625
242.782921875
359.71040625
228.0561875
313.90209375
282.2638125
128.72421875
288.4405625
198.189953125
405.47796875
344.37115625
68.3928828125
395.6265625
369.90803125
237.7104375
37.07780078125
51.28891015625
121.1978984375
129.32453125
253.433609375
134.028515625
282.7678125
49.72916015625
47.4876953125
102.5811484375
172.68253125
358.67159375
370.09228125
390.084375
173.667125
137.718859375
230.001375
103.4500859375
294.86525
159.1840625
83.7833203125
68.9643515625
250.608953125
154.293953125
469.59115625
111.0708359375
64.46
246.893953125
412.2025
275.29221875
221.59934375
127.58128125
90.7544375
170.90953125
302.58434375
18.33345703125
363.1393125
53.93511328125
35.890359375
460.6830625
217.289515625
155.44515625
343.92628125
52.7769296875
174.841453125
128.3376171875
211.993390625
200.4215625
460.93921875
105.5774765625
61.9210390625
82.7158828125
526.22675
99.4470625
118.5470234375
83.9149765625
388.66778125
365.51828125
140.0215
216.03346875
12.690435546875
61.5407265625
403.19178125
413.91840625
141.910765625
436.1015
187.255703125
237.811921875
412.761
381.01734375
162.870390625
141.73784375
155.51784375
396.496125
63.7238828125
322.0841875
279.983125
266.574375
290.90771875
341.7220625
298.83584375
274.20703125
194.1355
132.94278125
185.66390625
138.529109375
126.8692734375
414.77234375
350.492
68.4024921875
216.934875
201.75834375
522.8870625
37.365953125
49.714609375
230.673953125
278.7854375
170.0026875
376.15196875
122.193140625
394.02784375
296.23
249.63640625
152.135984375
397.10546875
344.48921875
411.6595
439.00421875
437.39621875
120.497296875
127.21334375
127.1108984375
295.54771875
73.3153203125
149.70725
186.001484375
281.99190625
227.7519375
296.64359375
22.589498046875
268.96490625
261.1120625
161.377296875
248.524984375
262.97859375
230.713671875
75.9049453125
134.20128125
267.7106875
205.295578125
119.535828125
242.191265625
67.43225
336.748625
303.208875
75.0560390625
256.9260625
166.955125
242.70215625
494.60575
382.235125
201.352703125
199.75615625
222.675078125
370.5175
468.460875
22.20055859375
25.185833984375
261.877140625
163.971375
118.533453125
329.97009375
128.14690625
206.26271875
253.778078125
345.01796875
463.64725
164.210421875
472.3188125
83.244359375
59.217578125
249.006953125
335.02059375
220.3548125
374.443125
565.5901875
210.7199375
455.56715625
210.360453125
261.149921875
367.24046875
114.147703125
49.477453125
156.270109375
495.31921875
185.64459375
317.61790625
316.43634375
324.62440625
382.04775
252.44590625
84.350328125
180.306703125
67.6039140625
386.97740625
289.43721875
479.4526875
392.2875
503.4201875
59.24634375
41.40504296875
312.66446875
135.968703125
68.4846328125
95.3515703125
275.31528125
172.4069375
99.0503515625
144.69596875
241.58146875
214.92446875
143.986453125
127.316375
63.286421875
211.302984375
313.48346875
340.61984375
223.2749375
120.2186484375
49.1391171875
198.813140625
409.3490625
134.90546875
88.4475546875
326.8523125
115.596171875
82.280578125
60.969484375
190.098125
123.2101484375
87.9539453125
225.61278125
68.0987109375
216.137875
300.0023125
450.85834375
279.29990625
482.39309375
309.64034375
158.065859375
92.1660234375
330.86903125
283.72371875
105.144375
112.55125
176.5018125
256.742171875
75.934875
96.186359375
300.87596875
115.4305625
180.2285625
97.333265625
228.259265625
423.1486875
38.7801796875
45.4455
201.72365625
116.2882265625
158.28903125
171.778421875
138.729796875
340.0264375
100.199625
55.884484375
156.223234375
523.045
351.37609375
243.566921875
85.56375
346.3271875
424.3960625
166.597640625
281.9533125
274.36346875
214.106921875
192.361265625
120.3399609375
205.0631875
357.67459375
167.503453125
238.169140625
382.55809375
274.2174375
110.405984375
402.9193125
58.6265
330.4625625
198.071546875
166.5241875
501.21684375
230.10378125
296.91928125
312.2769375
206.1045625
304.7730625
242.246953125
164.861671875
196.812578125
193.1693125
186.887265625
87.1514453125
94.7144921875
185.733109375
238.73465625
312.434375
390.718
113.4273359375
280.996
109.5785
170.894828125
174.197921875
452.09396875
374.93840625
392.9073125
82.315390625
78.1904765625
67.6627421875
237.8871875
116.464671875
174.692484375
292.43215625
22.131076171875
30.7054921875
79.9850078125
272.0689375
151.027625
282.8526875
343.790125
186.359875
277.414375
126.0091796875
55.28329296875
132.037671875
331.90290625
113.14203125
331.52371875
252.247953125
70.17775
232.069109375
450.9043125
303.1935
107.4103203125
91.121296875
171.512
38.84166796875
121.940046875
408.18509375
291.473125
203.157625
236.224984375
128.617359375
277.49675
32.35071875
131.87996875
376.0865
79.1346171875
365.8270625
462.0998125
38.60321875
343.42790625
214.30015625
228.28640625
187.78109375
97.559125
29.83462109375
353.9991875
342.8344375
54.22883984375
173.30484375
214.872953125
64.55802734375
179.6348125
204.919828125
225.987453125
261.90153125
249.67528125
397.6371875
324.12309375
12.99052734375
266.9306875
134.8621875
210.110703125
231.269140625
261.141546875
329.83428125
122.76246875
442.0350625
136.99265625
284.5424375
86.326703125
348.417875
316.1441875
42.85058984375
137.852359375
308.69275
284.05490625
33.16943359375
155.244421875
236.374171875
502.8034375
24.241025390625
174.608578125
193.899359375
340.73334375
247.301375
214.353859375
201.775
345.19121875
147.008734375
97.836703125
355.78153125
122.173890625
251.452140625
216.90615625
147.432859375
113.7046796875
129.90084375
141.80253125
281.32084375
186.197484375
35.21194921875
286.09921875
105.420015625
372.61903125
79.00746875
442.6115
172.201625
4.644328125
172.057859375
424.42925
180.252859375
32.33867578125
190.66615625
137.721859375
126.405921875
234.355765625
364.51175
232.56571875
203.798140625
412.65940625
175.66775
150.413359375
145.381625
179.988484375
233.77471875
448.61459375
28.95775
252.862625
429.065125
151.239171875
227.1111875
151.50740625
236.6321875
64.09328125
67.3479765625
200.310296875
257.150203125
88.2424765625
261.270078125
172.994046875
150.91740625
71.4102265625
183.614421875
235.883796875
290.25453125
72.5870703125
93.3339453125
112.08778125
234.058953125
237.32715625
114.0333515625
257.209796875
288.0325
122.407140625
17.1815625
241.23153125
123.400796875
198.17028125
317.8758125
206.176921875
121.698625
96.881609375
201.78103125
402.36328125
417.67178125
192.7288125
233.789984375
93.1184453125
51.964265625
28.73471484375
118.69075
84.8037109375
119.1410390625
158.43678125
21.531341796875
158.00809375
144.343328125
367.88009375
64.9544765625
181.53175
150.7618125
41.19701953125
261.50225
105.121703125
305.25146875
275.708
192.87315625
187.7184375
354.09509375
302.4201875
156.72215625
81.9079921875
123.096828125
285.7391875
39.33514453125
212.3044375
223.906390625
68.016484375
9.07057421875
140.835140625
48.9133203125
373.39671875
216.685625
243.69253125
411.4506875
83.728453125
288.7855
376.1401875
391.65134375
296.32025
155.87609375
176.49971875
79.691796875
155.1328125
284.2369375
229.384140625
81.725828125
110.6389296875
111.0103984375
240.842390625
279.40446875
390.304125
54.3500078125
116.308484375
194.19796875
299.94509375
182.300734375
185.977171875
211.288578125
148.251609375
239.09271875
123.228296875
343.5633125
290.755125
62.334390625
131.890375
498.13428125
154.4875
165.8355
128.2465625
412.12165625
323.9999375
26.903236328125
140.614578125
90.444453125
144.42565625
134.544140625
139.5733125
59.6096796875
206.538359375
167.706125
259.068390625
236.565734375
249.70728125
213.364328125
47.77299609375
184.02175
95.816984375
277.85159375
256.9913125
435.6829375
308.8374375
238.890953125
363.14265625
262.61625
40.54309765625
110.922390625
380.57628125
265.13375
262.2045625
182.318078125
61.475453125
181.482890625
155.380046875
167.693578125
417.06453125
144.28553125
300.48240625
196.03759375
164.539453125
296.9634375
25.6274296875
277.65753125
67.079203125
47.49559375
42.3529609375
230.623421875
70.9988671875
88.0101875
234.44165625
208.53771875
506.55515625
164.829890625
431.9560625
292.52634375
322.488
41.10473046875
350.70503125
318.68690625
155.36546875
169.366796875
210.429
118.763890625
209.463859375
234.811875
191.74434375
293.15009375
306.2666875
112.0203984375
168.9616875
543.1541875
150.61765625
58.82801171875
482.18378125
52.4295390625
279.32021875
224.874140625
257.67590625
300.17359375
134.53215625
284.1538125
26.685583984375
93.0204296875
254.100640625
190.76734375
390.0273125
65.51431640625
268.4745625
386.03515625
131.2346875
196.548171875
241.680984375
149.621765625
310.41165625
359.34640625
230.566
400.9089375
292.01746875
61.6722734375
340.47890625
92.41296875
291.66859375
91.565203125
20.9351328125
180.09909375
88.4812109375
244.42134375
243.155234375
251.353796875
117.1759296875
360.6540625
471.01984375
314.17334375
150.2554375
133.64625
337.94821875
81.520609375
263.3599375
175.27103125
146.3284375
222.502078125
170.275734375
295.13575
39.23723046875
342.36125
147.901734375
113.7715546875
317.416875
410.976
272.282125
325.17646875
300.08178125
169.33496875
330.726625
200.5706875
185.624328125
235.652109375
23.340908203125
127.141375
314.07609375
311.82753125
441.080875
281.76809375
127.929453125
234.274421875
115.558453125
412.466125
165.9506875
280.4361875
71.0789609375
121.9291015625
304.44296875
275.5830625
375.0790625
276.08990625
154.558796875
223.769625
364.8450625
352.22578125
94.7381953125
54.8742578125
124.5879296875
247.996796875
96.85946875
145.9088125
172.282859375
294.88978125
131.887203125
195.454984375
446.73859375
132.092953125
118.626390625
339.289875
222.196875
260.260515625
81.913796875
315.6144375
155.1595
4.41218701171875
16.134361328125
259.158578125
132.345890625
219.56228125
88.0574375
147.62325
263.29175
218.51853125
327.95846875
45.62815625
195.1739375
367.6115
433.1750625
76.463796875
226.33803125
269.12075
136.4214375
67.496484375
90.6484609375
64.69828125
311.62915625
275.3160625
304.2470625
278.7755
464.93553125
354.24665625
395.648875
195.107078125
421.99275
265.9971875
230.379140625
223.084171875
266.78584375
43.49173046875
187.805078125
246.473453125
402.981375
273.28434375
158.93134375
279.4545625
242.312140625
344.99175
130.9287421875
324.27921875
42.790296875
79.20940625
108.670734375
254.272578125
66.32140625
145.886578125
133.90603125
212.051578125
116.94575
196.271953125
84.3558828125
122.7770546875
284.8856875
192.377015625
267.2804375
177.190484375
133.0073125
407.306375
200.827859375
126.8536171875
289.0015
272.44459375
322.72515625
108.879515625
65.42128125
275.54896875
96.0298359375
8.371525390625
206.741640625
320.67609375
366.787375
258.71846875
340.486375
364.6960625
432.5504375
195.321671875
289.9313125
43.66045703125
136.347296875
162.83940625
233.578828125
128.8846015625
162.271671875
239.02428125
43.53853125
56.44437109375
24.88167578125
83.88684375
107.3325859375
177.478359375
235.203421875
81.5728671875
209.59165625
380.09765625
95.5248671875
345.39334375
122.7757734375
26.137345703125
125.9412578125
72.7620703125
179.36125
22.6496484375
158.979671875
185.45609375
62.47480078125
97.502734375
80.68096875
117.3446640625
294.77603125
132.434609375
149.923546875
205.258578125
124.737421875
112.33925
212.004296875
375.2464375
258.37075
95.142296875
160.04325
210.474203125
280.6206875
44.74680078125
242.9881875
354.36746875
184.781484375
64.76903125
172.671640625
555.1345625
70.5866796875
225.379953125
105.505484375
334.59553125
151.574296875
166.778265625
93.915421875
98.107046875
38.98146875
301.38959375
103.770296875
224.9701875
132.50409375
48.13179296875
391.38665625
42.08630859375
387.09946875
130.21971875
159.9318125
97.9819375
325.03840625
260.035796875
63.49141015625
156.755140625
301.8380625
135.495171875
258.346859375
161.1895625
142.288296875
90.879140625
175.462078125
156.694140625
153.5973125
196.11440625
387.3868125
397.5600625
69.7823359375
257.60734375
159.302625
199.632453125
302.72728125
280.27253125
251.891296875
55.492578125
406.68753125
125.8410625
43.953515625
194.979546875
185.48728125
228.10634375
136.7828125
182.533828125
406.23475
357.66646875
232.037640625
106.75684375
40.7724375
258.920671875
195.090546875
388.348125
19.48744140625
86.436703125
314.85184375
291.213875
63.04758984375
182.94275
131.590484375
194.247640625
98.700578125
241.463453125
126.62475
10.0122998046875
116.0365078125
140.519046875
189.47696875
387.68159375
190.802921875
419.81828125
261.064703125
145.698015625
293.3889375
165.961375
3.65821337890625
200.450484375
92.630515625
113.2310546875
29.662076171875
189.358078125
209.369375
213.341890625
45.779625
361.6880625
103.5804609375
220.301359375
341.4715625
188.910265625
35.7392265625
377.376625
194.930703125
183.923875
272.5056875
302.9244375
51.02499609375
94.9417421875
270.848375
84.1345078125
263.727125
330.8015625
313.9641875
277.11840625
63.0518046875
95.579
420.35071875
221.15809375
104.8085859375
276.86278125
200.9160625
142.89465625
276.68225
409.695875
57.26734765625
287.50796875
212.48828125
31.816732421875
90.876921875
127.7624453125
29.626759765625
336.64903125
344.66990625
153.891140625
329.0038125
343.2980625
27.358107421875
62.50814453125
278.51715625
126.179578125
475.37740625
65.6156015625
86.7810703125
226.979609375
189.319828125
150.703421875
120.489328125
132.33884375
270.1190625
312.50503125
419.49084375
456.95571875
360.90546875
112.707203125
373.96934375
311.6813125
406.4480625
286.872625
51.463375
320.30571875
410.3051875
211.340734375
296.13028125
215.638046875
256.557828125
251.296125
234.592765625
88.9690078125
232.023921875
141.9003125
441.87875
117.271671875
93.4869921875
261.52146875
220.2375625
261.545640625
315.38846875
125.1695625
379.01325
227.744015625
460.853375
138.2533125
37.364890625
223.894796875
237.765640625
220.047234375
77.8761875
397.5353125
308.587875
100.7866640625
327.5128125
100.6695
101.544078125
358.17359375
195.09390625
113.680546875
448.038625
359.804625
114.92096875
431.956375
372.9521875
267.872125
233.971203125
358.31878125
83.6740703125
346.08321875
275.309125
470.56409375
227.97578125
153.123671875
219.7976875
465.6636875
196.666703125
154.99559375
96.7008359375
76.7349921875
141.527421875
251.22715625
49.45531640625
74.8919453125
201.92784375
443.832875
227.016296875
156.21928125
366.98775
230.516640625
189.956265625
20.444046875
163.7083125
259.853546875
8.286564453125
269.40465625
389.534
248.94140625
434.48078125
344.0310625
283.73771875
281.75825
256.229625
232.351078125
328.145625
410.73684375
143.175625
41.9505546875
121.6044375
139.330234375
326.2566875
125.996109375
67.492015625
345.42253125
207.369296875
404.82971875
75.265078125
72.0271875
179.139484375
92.780734375
318.16559375
317.48896875
40.31211328125
61.94920703125
93.705578125
124.6592578125
339.2195625
322.14621875
274.008125
132.81325
66.859046875
5.86833251953125
270.9726875
147.912265625
212.402484375
220.840828125
250.3726875
162.927515625
200.886734375
129.4333671875
178.40740625
257.420015625
525.2316875
119.4737890625
141.053609375
97.5627890625
123.4792421875
114.87359375
128.64584375
121.4937109375
234.914078125
38.9303828125
92.3010625
165.45290625
180.17025
113.9814765625
287.549375
419.32525
172.3929375
405.31953125
101.424046875
99.2176015625
378.417375
247.905890625
375.56178125
236.67028125
85.5306015625
379.52590625
323.85896875
140.27853125
272.8231875
108.780671875
253.2455
292.97084375
281.99715625
230.5876875
95.9315
14.3216337890625
58.7576484375
181.535921875
20.31040234375
306.43653125
264.06334375
107.8021640625
193.3490625
249.175390625
190.57540625
140.8970625
362.39846875
185.735078125
330.30815625
332.96425
171.14925
352.55971875
157.49446875
555.711375
334.5140625
74.9071875
135.6996875
467.949625
204.16946875
88.5535
218.157140625
356.954875
96.1649140625
291.9403125
282.262125
204.347859375
146.260671875
239.7281875
444.1680625
217.194359375
80.328125
125.2586015625
261.69040625
352.608625
164.193875
158.989203125
247.08296875
225.68228125
255.467109375
14.7925048828125
366.59871875
383.66390625
438.30171875
98.7938359375
57.36734375
96.2358828125
152.083484375
195.345984375
61.93713671875
387.62503125
175.649234375
153.681375
253.25565625
350.5185
385.02771875
154.561078125
88.4613828125
110.876140625
235.620671875
192.761953125
426.712375
251.315890625
177.851796875
149.674796875
106.6921171875
78.713671875
136.2503125
380.84265625
25.26673046875
378.579875
59.57733984375
290.23415625
140.194046875
318.35259375
87.813140625
58.18961328125
113.229703125
362.55821875
321.8010625
250.456484375
257.20965625
191.0109375
395.64603125
128.20478125
38.646734375
229.6720625
42.958734375
256.154796875
191.629609375
110.84109375
86.3942109375
54.26126171875
159.9578125
241.11584375
37.3175
183.6105
201.299609375
181.443484375
273.2038125
104.5602890625
120.884765625
234.59865625
225.4443125
182.811953125
222.7961875
194.472421875
270.1918125
418.87028125
9.005873046875
175.79425
363.04265625
61.17763671875
155.8964375
41.72080859375
333.402125
344.440375
356.18434375
109.1646875
384.5960625
284.56678125
167.704390625
127.6476171875
278.791375
228.44509375
133.552734375
254.16609375
248.338296875
71.03496875
346.080625
164.64403125
217.40171875
17.433890625
191.69675
327.60184375
494.94271875
337.41915625
115.599609375
427.75146875
422.111875
130.372265625
204.2254375
318.281
139.74453125
220.784390625
64.19808984375
432.91396875
217.113203125
53.80051171875
361.19465625
418.4028125
378.4123125
198.45109375
56.51988671875
30.86518359375
358.723
124.8496015625
192.4549375
257.31953125
206.378203125
175.10775
130.2064375
365.26753125
88.617296875
178.111640625
274.73953125
327.89571875
362.466
328.40340625
160.238703125
351.74678125
257.0408125
78.1837421875
364.22190625
250.74590625
300.44421875
29.280779296875
72.70934375
206.28084375
221.049421875
47.1589765625
379.5830625
202.841828125
267.96265625
80.79121875
317.67325
271.92434375
347.23828125
109.845328125
169.040578125
277.03721875
207.466859375
200.088
281.21915625
306.67659375
172.023203125
377.1951875
124.0455703125
237.56975
83.0175703125
255.3773125
170.524140625
112.1085
317.33640625
409.4030625
64.70954296875
277.444875
359.7350625
396.44890625
198.421765625
140.29971875
341.0083125
286.497
392.217375
60.34857421875
335.667125
524.161125
55.913546875
225.3700625
484.74409375
82.84796875
383.73921875
311.555
197.244265625
480.32303125
67.8267265625
143.52165625
368.04928125
351.2176875
372.96653125
453.693375
502.8594375
138.35246875
41.1941484375
101.0681015625
193.04546875
157.32475
126.89928125
405.34015625
147.54546875
403.40121875
179.00921875
254.12171875
453.72553125
130.7481171875
195.9090625
432.8266875
174.743515625
56.878234375
265.61065625
537.37975
396.43046875
86.6556015625
13.3698232421875
386.17190625
149.375984375
185.4020625
147.95278125
164.61896875
195.437625
158.67890625
411.493
44.573796875
116.7767421875
341.4454375
65.13411328125
77.9908671875
13.542716796875
264.617125
360.78546875
75.3625390625
275.573125
512.49090625
161.392265625
341.711
337.14846875
40.8975625
226.32678125
134.167984375
148.221109375
160.737765625
220.0966875
202.36475
345.49434375
323.6160625
151.176203125
163.5368125
130.7598671875
360.7116875
69.3962265625
108.491421875
206.5493125
242.146921875
295.1198125
326.39290625
228.208375
157.84925
417.28496875
251.12746875
153.460578125
79.8350234375
498.09684375
380.17340625
338.225375
245.56809375
435.960125
85.38090625
134.06146875
144.017828125
215.53546875
324.54259375
54.0750859375
95.847140625
252.930875
114.5217421875
262.0919375
136.579921875
334.7485625
405.79178125
116.42565625
441.109
415.99284375
291.6974375
271.443375
105.2945703125
265.70453125
324.33421875
358.914625
22.9308515625
254.807890625
266.094375
33.455984375
207.4024375
94.2526953125
260.91771875
158.370640625
116.93653125
89.8768828125
125.45215625
211.668578125
518.8683125
277.8528125
201.96771875
92.33525
476.90640625
515.357
24.018990234375
227.210640625
174.663890625
356.3971875
242.848984375
83.3718828125
419.98121875
125.2209765625
284.69246875
222.81378125
279.03059375
133.062328125
239.14128125
85.85365625
195.581453125
201.06409375
215.950796875
214.682796875
193.420234375
110.2971953125
174.7919375
243.130171875
312.02965625
202.88271875
30.218498046875
172.9225
397.2828125
141.492734375
47.5908984375
239.781796875
246.574859375
380.78625
334.78721875
240.72878125
186.399640625
320.405
108.220890625
190.145359375
274.43996875
184.174
358.4985625
60.31218359375
220.015453125
296.618125
124.5156640625
257.6424375
198.014203125
165.6591875
164.21328125
264.94625
72.5247734375
189.547625
349.0161875
357.58703125
541.0944375
172.272078125
162.880453125
72.4248359375
126.38565625
184.884375
384.2446875
238.57075
364.56065625
95.8155390625
191.266265625
