778.8566875
853.3765
740.5411875
805.9955625
840.494
708.31825
720.4364375
749.8241875
747.996625
732.348875
692.647875
756.5905
755.288375
767.203125
1024.52775
782.99075
708.152625
743.9985625
767.4275
786.48075
715.583625
783.025375
809.813125
772.809125
821.7239375
709.0100625
730.2134375
1091.710875
697.876375
936.761375
876.7743125
724.820125
764.9518125
726.1870625
761.0428125
962.7544375
731.256625
828.1185625
646.7205625
854.733625
695.942375
741.5355625
821.200875
720.143625
743.2405625
757.813125
707.3416875
701.9284375
689.83175
845.4863125
783.613375
755.0805625
706.3734375
783.8361875
806.2375625
929.0181875
829.7286875
678.629
796.518125
720.0153125
737.413375
693.2846875
948.2800625
824.6529375
814.073875
689.2921875
814.388375
712.083875
724.0139375
747.7599375
721.8035625
743.9486875
697.502375
725.5963125
716.2635625
743.9226875
770.028625
696.106625
999.316625
845.9131875
690.703
701.897625
726.149125
707.8283125
847.194375
744.289625
756.76575
755.3769375
766.0143125
787.016375
741.27175
709.511375
694.726125
913.9564375
767.0938125
687.2019375
708.4790625
798.2485
690.12275
809.9459375
765.459125
707.721375
745.4011875
745.6999375
761.773125
868.3670625
765.1205
752.6163125
908.7659375
760.4463125
796.56025
728.84775
807.039
842.1146875
713.5730625
752.3163125
729.5546875
788.918125
781.5405
729.108375
756.2115
774.5125
753.78875
803.3698125
1032.0791875
919.06425
988.912125
745.973
968.4473125
715.1589375
686.9608125
722.3913125
690.9276875
765.496625
867.2184375
751.9801875
774.0305625
739.5365
818.177875
773.980625
907.5783125
735.59825
757.8958125
757.3001875
692.59675
733.8294375
711.53425
698.8515
730.699375
726.8119375
722.4390625
744.5628125
750.0443125
710.692375
780.3355625
741.157
715.425625
806.6469375
686.8585625
693.19375
827.7438125
692.2308125
764.533375
697.05775
884.271375
782.3014375
801.5118125
854.7305
831.22725
776.7851875
800.9489375
1004.5953125
869.22925
874.08875
726.7625625
812.7309375
733.992
763.089625
1174.571125
815.5540625
723.1784375
726.3843125
723.44975
739.97475
628.1303125
729.2673125
802.92075
925.477625
761.8713125
829.281375
958.3975625
731.6728125
731.7465625
675.7086875
813.847375
1122.54075
775.494375
754.139875
829.65075
778.206625
744.5689375
693.3463125
835.4665
724.805
770.722
794.19475
733.1135625
830.194625
800.9004375
700.144125
788.7816875
725.802625
832.2803125
761.4303125
941.136
659.3533125
740.6445
775.1596875
826.2690625
809.3603125
719.2353125
778.9924375
676.4094375
799.89075
697.6850625
722.2101875
764.071875
852.3668125
756.72225
697.4041875
741.732
702.3541875
698.4043125
689.568875
773.2398125
814.531375
712.52825
868.79025
788.7649375
710.6286875
758.7745
752.455375
930.2719375
723.9315625
750.0353125
820.43325
784.064875
776.673375
723.21925
684.3111875
698.9931875
783.085875
911.485625
798.093
727.603875
754.0036875
718.871625
729.71025
675.599875
726.9455625
702.9373125
711.6671875
778.852625
638.3525625
702.5689375
824.063
759.5906875
704.5788125
758.404875
660.2230625
831.7889375
696.1889375
920.1603125
758.1466875
695.8734375
732.8001875
687.06725
775.0180625
729.0558125
817.5805
709.7739375
679.9529375
717.7336875
775.274375
740.099
723.896125
751.2325
1021.9485
779.464375
828.926125
841.7645
752.49675
736.4324375
763.36475
769.883375
737.9536875
948.4260625
842.46425
781.851
832.987375
694.29875
744.469
758.8431875
776.70575
738.2381875
740.0005625
754.97825
788.08125
832.9036875
751.736
798.629875
756.3246875
768.077625
751.23275
722.2670625
689.15775
710.24075
803.9276875
879.19075
824.8993125
764.3045
718.139125
725.1021875
774.1329375
736.0708125
726.0025
861.205875
727.20975
707.2573125
735.01775
809.244375
758.1299375
740.780125
801.175375
716.8295
745.864125
758.946125
836.6894375
762.5056875
747.9143125
741.6464375
722.86575
683.171125
715.7219375
759.241375
720.68075
723.690375
708.1579375
847.7690625
667.03275
913.335125
818.86025
766.48
711.7368125
744.089875
885.582875
720.3571875
820.472375
841.457
747.5665625
679.353125
819.168
752.540125
813.3269375
734.466375
762.5344375
791.3215625
770.4541875
750.1053125
752.2231875
706.247625
803.427625
701.46575
685.42725
741.8653125
719.399625
764.1190625
702.9561875
661.263625
739.2955
718.90775
821.713625
782.150875
726.20725
720.7011875
791.7269375
766.7481875
716.5721875
717.853875
739.04675
740.3875
707.77975
742.4880625
780.616125
848.320875
791.584
869.6489375
724.4330625
798.688875
792.3253125
737.0443125
865.3893125
663.6026875
831.179125
721.2653125
723.271625
672.9963125
862.237375
775.3596875
769.926125
957.54475
773.211625
744.498125
717.1193125
803.8319375
774.845
953.7076875
843.9220625
732.8163125
782.2983125
663.39275
798.9785625
768.802375
754.9884375
701.2126875
746.4786875
706.6970625
740.9190625
738.6551875
894.94675
823.236625
746.7131875
738.40975
831.7901875
938.641625
673.8415625
753.94275
734.4100625
772.6283125
820.0485625
705.768
717.9313125
840.4901875
702.3146875
752.943875
749.7495625
842.101625
761.4208125
712.6633125
818.5766875
660.3605625
751.1109375
753.216125
702.0899375
728.3831875
692.1189375
842.1693125
787.5411875
668.345375
994.481625
727.021125
682.1261875
739.35925
743.0919375
697.1364375
753.964375
871.7875625
739.9349375
866.7348125
1082.121375
729.8954375
733.6501875
869.294375
704.263375
877.4945
677.985625
817.1451875
896.1755
742.6231875
965.7615
841.4785625
769.2136875
815.622
695.4195625
673.3169375
740.3905
772.223875
765.7116875
970.4684375
746.4089375
783.7655625
729.1054375
649.463875
768.0480625
762.3370625
944.1320625
760.677125
822.8344375
686.57675
771.289
712.1895
713.1416875
759.23825
724.46475
738.265
713.1946875
747.1276875
772.345625
712.252375
690.093625
750.9815
736.4314375
868.1524375
778.147625
786.8695625
756.543875
758.8618125
716.1578125
708.8996875
1025.03525
715.980375
749.964875
845.36775
762.5116875
695.0508125
865.0843125
771.4999375
739.976
809.1893125
824.049625
788.977625
762.9316875
741.6485625
745.8178125
712.9700625
654.005625
710.75725
746.758375
705.24025
702.9074375
843.8895
688.514125
682.6518125
827.2133125
724.069125
742.2158125
662.30375
816.557
705.9236875
684.5199375
924.719375
639.3115625
753.0033125
801.34275
729.385625
689.4860625
1019.567875
716.4414375
722.06
798.76725
737.710125
833.0555625
742.0118125
698.9508125
722.3996875
722.562125
845.92975
755.7191875
716.65875
716.923875
706.730125
772.303125
731.6624375
712.649375
767.4370625
794.4995
805.0038125
759.9914375
677.711125
694.1176875
911.48725
843.212125
705.37875
953.163375
737.0605
729.93625
747.6276875
758.362625
788.2829375
725.603125
934.9418125
851.4811875
701.7193125
725.2923125
755.2216875
760.3884375
762.1660625
743.610625
727.15425
753.84
859.694
733.221375
768.3051875
689.6150625
709.6943125
674.7203125
731.1135
710.733875
737.100125
706.7065
739.2276875
753.113125
793.3149375
911.3295
780.664375
757.09025
733.48275
716.671375
786.6995625
776.540875
834.930375
706.5155
653.91025
843.1368125
891.472375
737.547
894.045875
731.9709375
746.185125
771.1965625
739.936
755.019125
767.9665625
685.671125
715.199875
793.457125
765.7933125
718.79175
736.7099375
799.96425
706.277875
760.22925
818.1094375
1012.7001875
770.9028125
740.0689375
784.1390625
857.9009375
731.011625
819.9199375
721.141625
707.0925625
807.780125
751.816375
723.053625
767.4419375
729.4076875
858.8691875
700.388625
768.745875
784.6595
793.90075
734.5736875
718.19
713.458125
685.8551875
722.0464375
730.3948125
720.751625
723.2375
711.261
751.1010625
858.2165
746.9101875
879.903
759.622375
727.265875
860.2865625
905.62075
717.2058125
723.9193125
786.0175625
870.9416875
757.5096875
688.4759375
752.808
775.076375
699.3240625
812.5078125
731.4050625
710.6924375
707.911
832.297
701.8963125
741.1995
713.445625
862.0513125
761.396
717.9730625
771.6790625
815.2780625
712.395875
840.1484375
686.808625
842.1441875
805.9796875
829.4619375
707.0146875
760.0306875
695.0904375
823.8033125
694.7535
710.1340625
800.728125
746.888125
751.566125
694.3199375
886.2831875
789.6651875
707.551
688.6475
695.814625
674.800875
685.72275
658.6996875
659.058875
779.8359375
678.5425
699.634375
680.740125
932.0238125
778.323125
690.7076875
791.0295625
823.681875
729.94725
709.2085625
777.301625
701.68675
785.968875
882.175625
772.2491875
897.603
789.1360625
653.093375
728.6285
904.24975
715.0178125
760.22975
691.67025
734.18175
740.7701875
781.0313125
791.619125
726.4628125
733.4756875
851.989875
735.82425
701.641375
961.504625
854.2004375
842.6133125
733.714375
833.819125
778.4988125
792.917375
729.421875
681.6524375
1064.235875
812.6039375
838.4364375
684.5834375
742.9700625
718.6480625
759.312
698.301
758.5735625
723.7405
726.13725
905.77575
773.4438125
736.7310625
781.7663125
780.951
746.0405625
694.728375
724.9111875
749.92275
744.526
684.3919375
853.1668125
1006.8706875
741.0840625
1014.8595
683.2185625
753.90575
841.3180625
733.1383125
713.8959375
714.574875
808.2919375
697.2868125
905.0466875
855.687125
697.2359375
748.0366875
705.588
888.3076875
804.5845625
784.0333125
693.592375
689.05575
878.6056875
823.0651875
715.263
785.2610625
706.8359375
712.4215625
877.077125
708.5383125
747.9999375
717.1426875
921.986375
688.4898125
850.672875
747.0308125
688.2293125
829.6191875
709.8064375
741.400625
858.406125
718.7625625
933.982875
757.161125
705.898625
741.4734375
684.0198125
743.3226875
832.5568125
791.725625
838.907625
708.105375
689.3848125
684.8260625
692.9028125
704.674125
741.2613125
708.2776875
677.688
723.493375
735.539375
816.4816875
667.85175
682.901875
727.8728125
760.1693125
879.421625
696.97925
929.301125
723.8455
755.703625
907.84225
682.607625
777.5614375
740.22725
737.146875
726.982875
712.803375
711.5935
736.0459375
728.5441875
787.796875
1027.8453125
731.1101875
712.03125
690.854375
711.917125
737.513
1090.168
982.0610625
805.9831875
738.148125
803.883125
699.387625
774.759625
831.9065625
815.8071875
717.6835625
825.4915
769.6456875
743.3235625
732.001875
710.441375
753.9824375
699.870875
818.8196875
754.8531875
753.37525
683.54175
815.1183125
901.735875
739.6016875
741.221625
776.99225
781.392875
734.1534375
741.893875
692.6265625
810.5519375
896.9465625
816.420125
756.195375
733.5414375
803.1464375
902.4218125
719.9736875
689.3195625
925.714625
709.781125
793.428625
875.31825
724.4563125
839.5855
711.227875
827.306875
920.447875
750.398125
711.59375
723.590125
728.39425
912.3108125
903.8901875
709.404375
801.9334375
771.6321875
764.892
757.4295625
914.70075
768.247125
705.18225
683.27725
724.4134375
736.6589375
753.8520625
845.059375
787.731375
940.453
704.8938125
792.497375
953.5100625
669.3675
745.909125
845.1084375
744.659875
771.362
901.287125
783.1853125
645.65225
721.532625
896.1266875
760.7339375
795.3505
734.4039375
713.3019375
713.45325
771.7494375
623.7075
729.153
658.0375
797.953875
758.6098125
767.05725
805.277375
778.7358125
960.7061875
756.3820625
678.386125
780.0269375
731.9804375
762.9925
806.872875
736.171125
714.1851875
725.7315625
791.2425625
685.235625
747.7755625
717.120375
756.8939375
756.37025
809.2625
710.10175
802.513875
756.41175
832.2581875
677.659625
625.20375
723.2899375
703.5576875
709.776875
762.863625
730.1931875
792.812
746.877375
755.5518125
779.4656875
801.2368125
783.2259375
737.189125
873.5949375
784.705375
709.3975625
692.51725
713.6445625
834.4878125
785.8805625
797.726625
771.8436875
723.74475
663.691375
749.885625
930.0065625
735.6661875
734.136875
736.78925
1255.77325
730.3030625
759.0206875
732.43475
690.164625
814.94625
829.4765
747.4154375
796.0
824.5956875
739.011
757.6471875
740.37825
718.8298125
718.2261875
724.5165
800.254375
735.1826875
689.9091875
721.287875
825.5429375
690.8799375
964.6544375
781.30425
747.2085625
746.40475
820.4589375
764.09425
711.937375
841.031
739.161375
733.5321875
728.484125
714.9940625
704.0865625
737.1935625
758.05425
773.6163125
806.899125
718.4961875
987.379375
926.3909375
787.822125
777.673875
835.6769375
739.026625
691.65075
863.343375
688.46825
758.1169375
739.5386875
717.8426875
751.75025
737.2216875
784.4415625
696.816
677.450875
695.9270625
679.43075
675.5138125
756.8805
987.137625
713.7235
785.222875
751.5425625
922.83575
801.477375
741.242625
740.3291875
689.0594375
721.9035
912.9324375
724.6333125
702.78925
719.3428125
683.1224375
759.3975625
767.54125
727.16275
856.1495
751.6184375
755.2969375
745.27925
710.8544375
723.71325
715.02925
726.74675
728.2455625
692.33725
754.42925
816.8023125
727.7615625
903.949
836.658375
788.08875
735.5480625
772.437875
713.2915
712.344
728.121
750.920375
939.6548125
861.883875
706.7905
716.8718125
924.4335
745.509625
690.6501875
818.1725
720.204
749.082625
673.5300625
726.0931875
818.368875
785.4335625
773.7565625
705.072625
688.6955625
784.0586875
703.2185625
799.1094375
824.64075
764.727875
740.66925
717.4846875
710.4771875
807.8865625
677.1755625
822.264875
733.7129375
703.788
768.6890625
782.8155
771.016625
752.22875
797.338375
709.4641875
772.0106875
839.4265625
702.6753125
708.062125
764.1215625
865.298375
812.554375
743.858625
767.5486875
704.317
720.9794375
777.234125
786.209
744.876
833.469625
758.17775
758.16575
718.610875
772.3650625
751.22675
775.4158125
769.702875
749.8264375
708.4595
749.1624375
758.284625
819.8243125
746.7636875
736.1425625
840.496875
787.81
865.5958125
755.695875
736.857625
1005.7748125
753.592125
722.4571875
696.4826875
745.4556875
735.2923125
827.02975
725.9258125
783.4855
719.015625
758.7355625
764.9645
939.8563125
724.0374375
760.30025
677.2820625
706.821875
722.821
798.09025
1131.944125
734.1059375
782.8168125
797.757875
984.1734375
861.7385625
698.5945625
756.1000625
808.978875
803.6201875
750.4353125
736.97125
783.820625
726.1068125
723.7895625
750.7055
891.9369375
761.35175
907.245875
874.999
815.1189375
1156.3625
1317.26975
853.8744375
708.8038125
694.1638125
720.3738125
745.3033125
832.0015
728.6503125
726.784375
736.7010625
840.8413125
1018.4235625
778.0628125
739.36575
902.19625
859.4565625
971.2755625
831.9375625
719.9744375
730.8134375
751.6838125
778.7854375
708.069875
726.0071875
760.438125
793.44875
745.2721875
1062.624125
1037.5113125
798.5425625
694.4266875
706.9993125
731.3063125
818.7246875
787.4018125
701.03575
699.490375
894.9064375
1006.0244375
662.514875
857.9489375
781.789625
955.5908125
849.8700625
737.244625
735.875
749.3863125
740.9346875
732.1543125
843.44525
827.1530625
744.2810625
884.907625
725.3450625
701.14275
786.2804375
1043.781625
762.4925625
694.973375
749.06275
864.834875
762.020625
704.4640625
692.5656875
719.1513125
723.3060625
780.4806875
734.7918125
692.281125
765.051375
726.2291875
771.1973125
708.766
737.562
834.8390625
714.87
756.4826875
784.6265
1151.041
697.323
717.1461875
732.5180625
744.4254375
916.1553125
724.3909375
778.790875
725.0023125
790.8529375
765.482
764.4144375
693.9770625
782.1086875
769.8383125
720.271875
697.9444375
686.077875
658.1273125
739.7670625
714.5295
747.0470625
721.5300625
735.81225
698.6844375
891.8289375
790.0484375
702.6711875
701.6604375
793.191375
707.5904375
704.60175
753.937375
700.6225625
812.8183125
891.2260625
855.570625
783.2840625
748.5603125
748.4834375
713.1463125
696.63475
724.795125
830.588125
776.7768125
845.886
734.779
684.0349375
791.0420625
790.6756875
827.7628125
694.9155
938.8681875
793.4914375
909.6396875
737.6421875
688.7194375
718.4051875
733.01475
778.461375
702.70525
712.1225
749.0775
822.1579375
824.3790625
739.781625
800.318875
733.4689375
744.831
767.521875
662.5915625
731.1150625
740.6391875
753.1384375
731.2546875
736.586
741.8484375
819.7915625
729.9801875
731.0196875
729.9770625
785.3185625
724.8229375
873.59675
768.5408125
835.01425
745.67475
720.6013125
860.8086875
774.2076875
710.1558125
841.0641875
825.882875
700.8364375
786.410375
772.6411875
770.291125
760.032125
702.549125
823.6235
721.462
711.5243125
744.087125
709.75425
746.58275
813.18475
717.606375
671.4438125
769.678125
804.3995625
774.2446875
735.4986875
801.2116875
923.1744375
896.7178125
705.0798125
823.249625
693.3236875
639.5575
849.0749375
784.560875
694.1033125
756.909125
722.8646875
802.7875
718.7031875
781.6118125
813.583
720.18275
773.195875
834.2854375
743.835375
726.8316875
801.696625
781.30425
688.41675
757.2691875
882.36075
727.3535625
865.21675
760.8306875
726.775
734.607
859.0701875
757.708625
978.006375
924.159375
743.5793125
761.5801875
988.3843125
716.7455
914.1573125
745.5673125
932.32925
755.970375
717.1701875
706.3445
764.2351875
751.48975
919.840875
686.624875
705.2518125
732.9579375
735.2063125
768.171875
665.9515625
764.7803125
945.0504375
858.515875
790.1753125
741.1863125
768.84
768.716125
729.1175
680.98975
785.8680625
796.623625
656.4085625
776.7014375
778.418125
734.69225
757.0915
723.838875
722.7369375
865.22075
988.0575
706.144375
787.134375
732.1796875
815.556875
939.758125
774.4731875
759.2015625
662.9430625
755.8166875
746.0770625
768.95275
783.6874375
703.575875
1188.180375
747.1525
840.4320625
681.9726875
767.626125
679.395625
769.5389375
985.3255625
820.2005625
738.235875
765.077875
749.97625
710.4386875
808.5713125
804.715125
776.78025
725.543125
744.7120625
997.271375
802.121
758.681375
801.8785625
735.56025
715.5548125
811.2861875
717.854875
759.843
945.335375
776.75675
804.7870625
737.706125
835.820625
701.6300625
731.7009375
814.102875
722.8178125
724.942875
783.44575
797.5378125
792.83425
884.4308125
829.6985
757.942625
746.104625
740.5003125
739.9449375
775.401
803.6140625
785.0591875
801.6258125
789.478625
751.4920625
913.0
1071.975
739.2320625
816.5740625
696.05
739.913375
716.9565
757.0921875
793.7703125
796.6113125
729.2955
704.758625
771.2524375
714.6194375
676.8399375
969.3069375
796.36
767.557125
848.513875
753.387125
793.0309375
717.2460625
725.22675
885.1635
808.9645625
906.8505
742.73025
756.1106875
749.3189375
762.7983125
822.3523125
734.6546875
844.865
751.7171875
731.7789375
738.02
720.9131875
828.223375
780.993125
736.51075
716.4628125
828.584125
762.6476875
823.52075
945.1446875
769.5561875
694.478375
714.1775625
786.8085625
747.371875
854.1514375
732.610125
915.4969375
758.4626875
779.0876875
699.680875
710.3620625
725.207875
706.5315
812.347375
712.861125
795.770125
722.1720625
863.3288125
719.7951875
745.0806875
719.1605625
778.086125
781.558875
823.2238125
731.642875
703.0063125
901.7085
736.5255625
751.6680625
728.7555
742.13475
782.7526875
1099.811
770.534125
864.253625
711.511875
886.852875
881.5601875
711.7919375
753.499375
737.1370625
726.5314375
748.916
789.5511875
696.049875
940.6013125
765.80525
785.7688125
774.5789375
847.315875
707.1940625
859.9884375
679.168
756.9391875
733.03575
872.372625
806.024625
705.6768125
701.411125
757.4184375
709.5896875
719.8686875
720.9185
752.1545
747.2145625
731.54725
709.9063125
959.8401875
733.28775
716.12425
875.1365
785.514125
755.683375
693.6589375
747.3973125
712.4293125
862.8190625
731.252375
949.4786875
939.3295625
799.9305
734.5155
636.7274375
697.272375
830.3004375
731.1548125
742.9876875
714.5656875
692.1025
802.932875
924.5954375
818.198375
835.6671875
812.431125
685.4035625
724.7605625
690.9461875
883.0059375
715.9270625
693.4450625
734.3795625
726.714125
705.672625
732.1786875
824.155875
619.5848125
784.0654375
724.0165
863.443375
697.006375
705.560375
746.816125
774.3888125
809.9038125
803.3828125
728.894625
850.358125
779.7903125
646.0271875
745.9016875
742.5950625
705.8525625
843.57925
782.9064375
733.64375
860.008625
1215.697625
727.0040625
708.679
855.758625
666.846125
710.620625
843.6695625
808.1426875
862.2044375
754.11825
714.10175
703.888
720.93075
797.7851875
727.5105
724.3289375
757.9929375
799.657375
659.1095
811.4825
818.692875
723.027
750.02025
789.806
776.1243125
793.908875
949.662875
705.0676875
846.356375
698.3863125
690.850375
811.3314375
761.915875
687.718625
720.819
785.9683125
762.9275
896.6471875
770.9271875
792.2946875
718.2418125
714.6714375
933.556
719.6551875
750.3175
871.965
782.5883125
698.2570625
1002.335875
697.997125
784.6665
991.3479375
910.009375
771.116
720.3306875
789.0060625
761.1569375
733.1345625
723.3548125
949.8670625
868.544625
698.2498125
812.973
811.63675
766.9961875
756.8329375
779.742125
688.523375
779.590625
854.3281875
751.84475
730.0905
776.75275
758.3909375
705.4735
902.040875
818.827375
663.8840625
806.5145625
743.2241875
751.898625
870.5353125
749.1245
856.890875
744.10975
734.2154375
836.5465625
674.5040625
717.4423125
706.6014375
717.624875
860.5985625
752.8398125
709.7458125
721.173125
723.8875
727.5719375
768.7549375
753.7105
761.9595625
820.3096875
744.26475
777.7083125
817.4898125
856.5145
638.602625
727.8136875
707.377
710.7386875
662.8013125
947.869625
625.6590625
790.230125
787.5673125
722.0665
806.612375
677.739
716.4465
735.6780625
776.32
704.4331875
886.111
886.487
739.318625
845.748375
914.9848125
720.126
808.8835625
699.7543125
729.2701875
678.2765
814.4266875
1169.720875
790.8518125
720.270375
703.302
720.9564375
910.4953125
950.4750625
716.474125
734.0063125
758.4175
893.297375
704.8733125
729.2523125
731.849375
727.786875
748.746625
714.2199375
772.5805
759.0101875
741.4595625
810.6438125
730.5963125
732.492625
690.9
832.053875
925.2128125
750.981125
853.2238125
735.17375
819.95125
675.6965625
748.5401875
730.5209375
747.8538125
731.639875
714.989875
729.922125
709.9379375
853.2384375
707.9128125
793.8708125
854.3459375
843.6733125
850.9106875
1069.2195
763.7529375
713.048125
727.25775
845.205375
1030.6829375
706.7033125
1126.79525
718.29875
731.5625
830.675
707.7574375
743.09325
739.4489375
803.75425
811.67775
843.4250625
740.96225
726.527375
810.225875
746.2810625
712.2965625
754.943125
942.9695625
745.56175
736.7375625
692.4419375
990.91725
690.5980625
690.0733125
838.7010625
691.2588125
742.2475625
884.3139375
721.109
892.173875
704.2983125
798.0180625
757.2765625
719.2681875
711.908375
752.8865625
926.6413125
699.2301875
713.4616875
944.680875
703.424875
732.834375
832.726625
762.78425
703.28375
742.7515
730.0851875
705.02325
807.9209375
781.1038125
690.6635
715.1325
1304.9485
812.890375
761.36575
865.5871875
818.53525
759.615875
731.228125
762.445625
808.06525
769.7019375
760.7780625
762.1975625
728.194625
865.3018125
711.6358125
758.3964375
724.2426875
718.773875
747.9935625
699.23575
713.8431875
698.6226875
713.6584375
898.5960625
940.674375
698.763125
874.9666875
732.0225
799.0805625
712.0981875
729.9579375
812.87675
683.130875
966.30825
746.241
713.3489375
791.0141875
670.00975
752.3203125
813.864125
736.167125
690.580875
833.15325
718.199375
723.5653125
706.9901875
781.939875
708.717
815.3899375
717.839625
779.5813125
730.455375
787.145125
703.0739375
731.912
727.939625
806.706875
713.4305625
763.56475
831.900875
718.3851875
733.7296875
755.1286875
725.684375
714.6986875
1088.37325
693.501
725.242625
773.4520625
683.823875
757.1659375
753.162375
706.7116875
975.8045
824.041125
647.588625
717.7063125
770.282125
726.0015
718.4458125
709.9951875
772.351125
731.6968125
720.4479375
910.910625
731.908375
1257.6915
749.6209375
693.0261875
794.5980625
702.84825
992.1024375
893.0350625
777.068375
929.6701875
928.0850625
710.8836875
754.5561875
794.4768125
787.0954375
704.16575
725.4203125
790.1674375
803.3489375
768.07025
827.13975
703.1720625
697.9139375
708.20475
824.599125
760.3470625
780.7588125
714.8253125
723.6520625
711.1
772.305625
769.3351875
766.55725
803.3845
1071.902875
848.4105625
741.5455
1058.12525
698.817625
956.609375
732.9310625
727.0066875
770.4569375
719.9389375
824.7134375
1061.748125
732.06675
868.1791875
754.8071875
792.6925625
764.4384375
764.201875
727.5895625
741.4851875
718.269125
695.6838125
801.8835
854.432625
824.3428125
737.76925
717.27325
715.3051875
783.1144375
673.9455625
814.65125
704.503375
767.9575625
746.8486875
767.4743125
765.1473125
767.0378125
758.0389375
702.531
794.2005
776.5130625
829.2605
723.73425
756.485375
836.4836875
716.0688125
692.3769375
747.0704375
692.232
740.7598125
702.148625
770.6285625
865.30475
673.1373125
736.22
821.0836875
859.64375
821.857875
793.5009375
768.790375
673.8708125
682.3011875
667.1600625
1012.0214375
744.151125
908.780625
846.966375
740.3366875
711.051
782.496
795.916
789.9524375
732.0288125
818.160125
702.9888125
749.3845
742.2035
721.3514375
677.6935625
726.3916875
726.5315
756.91
706.639625
726.0574375
719.6456875
746.8746875
973.8664375
721.4238125
701.8760625
872.2309375
765.3076875
745.64425
752.483625
695.7853125
841.0170625
690.277625
678.511375
754.6589375
746.713375
779.8345625
707.266125
714.848625
752.91175
753.7755625
726.6608125
749.138
736.0080625
715.5663125
742.686125
733.9015
750.9246875
680.7981875
797.520875
738.872625
743.5585625
744.299625
774.235625
783.4629375
706.9680625
790.580375
747.2005
733.28575
695.683125
732.3536875
739.4351875
772.4801875
714.5736875
683.617125
790.1474375
689.06325
1105.682
747.7734375
702.76175
776.4859375
778.8485
754.879875
726.1836875
749.6989375
713.51475
810.97675
760.2725625
840.4910625
714.5654375
711.4135
743.6775625
822.0436875
727.9236875
682.801375
772.934375
785.582125
713.3615625
758.1559375
887.7014375
831.931125
810.9781875
817.23175
846.1873125
703.8221875
745.9366875
760.974125
696.9460625
698.3218125
817.5178125
794.03225
805.44175
894.37575
754.09325
715.6251875
692.655125
706.4425
680.5190625
981.3755625
819.72
830.24275
771.9725625
774.383875
703.394125
630.7359375
750.3588125
765.19225
849.0393125
751.25475
709.9008125
746.9268125
784.52425
741.5798125
733.516625
744.9815625
895.051
742.504
732.135
905.02875
756.7155
785.89725
762.5428125
867.7049375
816.4644375
797.8554375
764.34225
708.6203125
835.0228125
758.48475
759.1175
811.2270625
711.2430625
823.852625
726.646375
885.3540625
883.998875
676.9291875
789.3781875
724.29575
742.3879375
713.54525
763.5485625
1050.25675
730.3823125
763.262625
813.877375
738.253375
707.6683125
853.625125
872.7095625
776.4314375
717.1014375
816.8908125
711.93825
740.021125
857.467
849.6803125
772.8070625
768.659
823.473125
695.9291875
696.6306875
756.724625
752.1879375
745.878375
722.3525625
865.9919375
769.37425
774.521125
735.9703125
722.544875
743.1763125
742.543875
894.955
723.79675
818.7243125
680.11625
717.205375
758.4921875
764.6093125
972.552125
755.1781875
750.7385625
716.9465
718.273875
720.0615625
859.2969375
867.3965625
770.8161875
812.953875
745.11625
736.875875
807.4096875
756.5731875
916.9880625
899.045625
725.907875
929.4084375
722.4514375
776.54675
711.7201875
734.7531875
959.031
744.6246875
851.4129375
788.0849375
801.8145
735.796875
752.01575
713.0089375
747.7265625
757.169875
704.6861875
770.621125
776.4535625
791.470125
843.5171875
719.657125
706.0058125
821.1420625
679.0111875
828.194125
754.20025
777.657
721.8725
759.076375
701.1414375
744.33
738.2174375
742.346125
1139.10375
737.9679375
791.89925
714.6849375
718.3501875
777.6418125
674.3535
710.7045625
842.63075
704.77225
760.688125
663.6924375
740.0234375
727.1106875
822.2565
658.92625
735.9900625
716.3400625
755.9461875
713.71625
726.63075
765.291125
705.2908125
780.5214375
785.084875
891.198
714.795625
716.097375
934.743
760.8695625
1052.719375
947.962875
737.0801875
738.82075
747.1121875
847.744375
736.5209375
765.1734375
786.9009375
839.2834375
777.5558125
718.9684375
743.68375
680.7308125
788.7335625
698.464875
748.9476875
903.8485625
703.2770625
693.84975
666.959625
733.0966875
844.1215
730.9914375
792.153375
748.4839375
744.6655
973.9711875
723.962125
726.09425
704.168125
772.2670625
766.5619375
806.2786875
809.063125
721.21025
687.72375
739.2836875
757.9650625
844.81675
858.3884375
725.6149375
761.582375
797.406
745.8879375
692.3628125
727.1675
698.9900625
720.2884375
691.089625
790.195
876.804875
724.9774375
723.0745625
807.9329375
817.6645625
790.8889375
790.76375
733.446625
795.33825
711.911
838.16175
697.658625
687.2286875
782.30425
781.919625
735.5009375
815.6
739.7381875
927.72125
770.9930625
758.348125
765.447
727.42675
750.1820625
923.91125
776.4010625
804.3439375
700.9279375
723.312375
718.2239375
990.4581875
743.000625
772.0773125
787.4594375
667.329125
814.7835625
961.4535625
851.214875
720.9836875
737.2995
746.737
671.11175
808.5334375
759.6545625
769.3545
860.6673125
672.997125
784.5779375
856.13625
835.57825
721.18675
738.4335625
800.1960625
742.455125
748.903
823.2323125
824.295125
768.3225625
788.8428125
784.2075625
706.42875
788.622
748.1700625
798.4255625
824.0288125
735.36175
788.609625
738.9989375
717.2169375
770.10275
733.990625
840.97725
705.5414375
735.528375
905.4509375
893.450625
756.3268125
746.4105
723.6485
702.8065
714.5175625
832.5544375
690.0381875
795.4295
749.9039375
698.0663125
756.33525
820.417
756.806375
687.864375
876.9948125
662.6826875
716.8325625
766.8295625
678.4530625
706.92475
697.2216875
762.1486875
664.468125
677.063125
681.552375
1389.393
754.864
727.59675
775.849375
730.7055
777.393875
733.7955
737.52325
728.877875
749.9549375
792.559375
857.8805625
693.9348125
659.4546875
754.162625
769.595125
849.564625
730.943625
792.9358125
975.3815625
800.9336875
813.9185
794.35675
810.041875
858.624875
759.707
859.77825
707.8251875
739.7084375
1055.25125
789.258125
761.08575
802.3314375
835.68375
880.943625
760.112625
655.449125
749.56175
736.8654375
738.0771875
819.0044375
754.3469375
680.6516875
860.6274375
882.8536875
863.7123125
723.0106875
918.480125
813.4255625
779.0760625
812.3930625
735.8673125
724.0949375
713.4401875
657.930375
715.454625
782.4629375
776.595875
731.7650625
724.87125
752.0554375
735.924375
736.1978125
1008.3153125
721.452875
821.5638125
758.1945
739.6135
779.3509375
773.918875
826.5634375
721.9165
762.0295625
695.733125
702.31625
978.0521875
821.7796875
899.5615625
713.0783125
762.3826875
800.213
747.212
763.048875
1023.57975
688.3548125
728.32925
791.0934375
758.2440625
788.5086875
747.74925
722.936875
770.2798125
738.900125
744.4175625
725.93575
794.9629375
750.2438125
775.03675
809.2331875
745.379375
768.91725
735.434875
706.57025
725.3935
723.9975625
724.810375
812.2059375
772.4520625
749.547875
709.9223125
726.8341875
782.2391875
792.2015625
724.1395625
723.7554375
948.1255
736.7695
710.672625
890.9575
911.906375
721.9261875
849.3891875
973.8656875
718.7055
731.4803125
751.0958125
733.7913125
894.3570625
722.7444375
723.3331875
709.6123125
787.4416875
1013.7276875
728.4575625
822.56
746.6456875
792.5258125
736.3744375
816.927
754.156375
789.5870625
786.410375
731.5241875
837.8381875
727.737625
787.1929375
744.9028125
706.959375
700.031375
734.164125
750.03175
725.914125
765.7185
697.995875
882.0791875
767.3294375
778.4636875
767.3396875
886.2989375
733.7484375
696.9779375
791.403625
875.64925
752.426
1095.1065
715.5146875
900.218
714.1528125
729.746625
794.4791875
687.8678125
760.285
719.876375
775.9711875
703.3878125
755.4851875
758.715875
781.092375
678.36025
720.3380625
725.2333125
817.9315625
769.6083125
767.2660625
695.3145625
875.213375
739.0189375
788.8995625
713.83225
718.722375
722.6156875
773.2783125
676.4581875
754.590875
746.8718125
722.831375
912.75775
763.967
744.7214375
707.4179375
1036.280625
821.3670625
738.178125
779.10325
753.7408125
787.3383125
773.476875
799.856875
959.1325625
750.59025
817.642375
690.859625
940.958875
710.96375
704.60875
896.2198125
816.3250625
711.794625
716.8700625
814.4165
701.7303125
675.3714375
802.18475
758.5433125
742.6666875
733.851625
957.236375
753.02675
841.864875
721.5469375
738.992
719.5160625
763.0469375
801.5753125
735.3079375
708.5583125
715.05025
701.890375
752.914125
744.282375
729.263625
723.000875
796.9266875
730.5968125
705.9236875
735.192125
738.3650625
799.716625
672.562375
917.4086875
722.738875
728.087625
699.7130625
735.6104375
729.799125
719.3033125
805.5859375
773.9565
804.8135625
834.40275
710.67025
779.6594375
922.09075
695.0444375
901.028125
848.4956875
757.7293125
725.2555625
714.8385625
790.725625
693.8356875
712.346
763.7925
739.5105625
780.672125
775.9845
735.14425
819.1276875
736.0895625
715.2093125
822.185
796.478
780.9216875
757.08025
801.3415
760.120375
764.3795625
719.6575625
696.224625
735.666125
757.5468125
710.41825
1017.24325
765.5153125
770.787125
721.2278125
807.004875
805.5845625
841.1589375
957.9448125
787.8273125
716.90525
721.4445625
829.531875
784.501875
769.0005625
724.8040625
692.5686875
874.3236875
828.24675
717.24775
775.9530625
705.641375
677.0561875
719.3950625
790.237375
693.8544375
665.20925
709.4263125
735.6629375
753.0399375
754.96175
766.91775
843.2985625
717.293375
803.800625
705.6679375
759.77475
748.4851875
796.1305
669.572125
781.75675
703.9738125
867.6855625
714.2813125
752.6014375
803.3166875
719.2415625
747.527625
773.5398125
795.73675
721.7034375
758.309875
735.777625
816.7840625
747.3546875
806.4664375
710.59875
727.0745625
1052.55275
863.7715625
831.7880625
737.25075
836.791875
697.6386875
867.0560625
802.935875
836.78175
722.08025
716.237
853.9449375
806.701625
734.5795
741.5546875
733.454
713.254125
742.609625
735.387125
799.8864375
731.6111875
927.263375
807.224375
724.8305625
717.328
877.0975625
646.055375
740.241875
889.729625
734.218375
820.30675
773.566625
745.8450625
769.0878125
721.9560625
739.3734375
722.8869375
900.21925
723.1734375
703.7365625
743.9620625
694.52275
806.8268125
668.7244375
861.8025625
757.737
730.226125
765.07925
758.688625
741.0071875
724.6106875
768.86725
796.7238125
746.3566875
751.4826875
741.524375
737.5034375
716.394375
839.0845
817.9465
828.104875
677.3775625
812.78975
781.2961875
744.394875
687.581625
1038.651625
712.67325
850.717375
756.4760625
845.3041875
796.8248125
773.898
732.869
720.7955
