113.89840625
97.6255078125
195.71515625
134.686328125
152.182796875
194.806453125
63.078828125
383.162625
85.3838515625
91.59315625
229.525171875
271.534
157.5913125
109.775203125
186.659265625
273.057375
88.6359609375
112.1254921875
103.2716953125
205.946484375
90.673875
125.403484375
296.3479375
343.0251875
199.27375
299.86821875
117.2644609375
391.90684375
337.153875
163.6029375
57.4726328125
157.790859375
244.69453125
408.9165625
49.82323046875
203.93146875
99.159640625
336.5535
14.7456181640625
287.26815625
47.80248046875
324.9281875
106.5021484375
308.845625
322.301375
287.43915625
186.04753125
14.582767578125
290.2093125
212.822609375
272.6304375
116.7705703125
213.350640625
68.364390625
70.251609375
218.18825
117.35534375
180.332671875
320.24471875
283.631875
363.84603125
138.74565625
290.71425
337.40303125
389.43709375
194.321046875
130.447
40.25192578125
80.1200234375
161.12478125
439.37290625
105.3511875
431.05075
246.173734375
297.208625
33.13384375
433.54509375
122.80184375
410.66296875
347.30228125
383.24034375
193.1363125
160.471109375
56.08365234375
315.38678125
68.132765625
186.297546875
376.980375
113.01778125
160.476265625
114.0580625
245.6575
36.31046484375
399.87240625
167.352640625
226.697296875
98.5833515625
498.4480625
158.7238125
340.4611875
385.25978125
71.637578125
270.25934375
200.819921875
215.970625
249.338109375
90.978
24.556169921875
163.425390625
213.2631875
138.85853125
62.4348515625
206.927046875
14.3134921875
234.868515625
136.34559375
112.9440859375
192.578171875
330.8171875
213.94090625
416.8808125
182.89365625
109.5057265625
77.052359375
69.6758984375
369.26103125
249.848109375
376.045125
195.08140625
179.91828125
213.049546875
277.00334375
519.4806875
332.2739375
463.858875
360.13078125
129.0445859375
232.0939375
245.429328125
484.16815625
46.38102734375
348.16515625
325.16840625
104.319234375
90.8925
540.8450625
216.788578125
366.38396875
318.72278125
169.079828125
306.1514375
123.62828125
337.45484375
257.5475625
287.8204375
223.959359375
331.79403125
148.315203125
269.932
291.77434375
108.7431875
324.21040625
239.14740625
367.29428125
366.3543125
85.8571875
230.9640625
74.3552421875
396.54071875
382.03096875
418.40878125
211.929671875
334.2899375
304.8981875
375.568625
328.16778125
53.99640234375
277.17034375
263.74775
310.420625
173.63671875
430.2804375
51.86512890625
32.00650390625
169.85534375
173.71925
365.8671875
490.3218125
23.292791015625
152.58778125
241.463390625
78.7151484375
216.436015625
171.960640625
223.05315625
210.08328125
153.14121875
385.4293125
58.3310234375
343.19434375
184.5123125
141.503015625
124.5517734375
169.468921875
69.3790625
27.52828515625
54.91224609375
149.3413125
244.165234375
381.84921875
82.7776015625
107.8884140625
263.56278125
401.61815625
153.091859375
345.2041875
92.6995234375
69.0619453125
325.9571875
414.96696875
171.264796875
237.189328125
160.2051875
258.110640625
71.3906328125
368.7789375
344.9379375
127.84671875
234.035625
200.192296875
386.52290625
81.436109375
198.19221875
245.98925
229.20175
91.99625
345.31884375
99.819515625
244.859
96.269765625
89.7602734375
214.7956875
4.45741796875
441.91534375
370.90290625
292.05146875
51.6064921875
426.71590625
180.53084375
132.11209375
119.3071328125
282.23696875
86.628328125
120.0558671875
294.6555
144.77540625
408.9856875
341.30046875
105.989828125
147.176203125
273.65015625
120.958140625
95.1489609375
266.62240625
110.435921875
464.45846875
460.92284375
71.8084453125
36.1640234375
129.9784140625
497.1605
43.57190625
150.338171875
78.96471875
361.94621875
105.82284375
364.98375
179.215359375
323.08428125
335.98684375
21.65840625
158.982703125
28.9196328125
298.93821875
82.53678125
126.4533671875
157.37759375
57.5834453125
432.58440625
84.0998125
114.0579921875
189.645140625
92.0895
317.10684375
86.7059375
179.413015625
289.63453125
32.525904296875
206.8235
439.76678125
157.916828125
19.324365234375
67.98784375
325.7424375
114.763234375
157.187
268.9314375
274.09428125
265.541875
81.873640625
320.56853125
86.09115625
163.96059375
36.11816796875
180.24584375
270.634375
377.20409375
95.1806015625
104.2859140625
193.07203125
280.100875
119.4570546875
514.53309375
87.1358828125
164.5938125
210.793953125
182.339359375
89.3931640625
304.52221875
256.972625
147.4793125
317.0766875
279.099125
38.05166796875
314.40346875
164.11053125
157.214453125
106.625234375
299.63178125
233.143703125
393.83815625
171.179125
232.625140625
177.573984375
221.642140625
214.516546875
223.45865625
183.96621875
335.09053125
188.419359375
380.25278125
197.057875
29.991029296875
523.76040625
423.85075
96.42215625
147.907296875
275.642875
210.964796875
146.503953125
333.446625
200.108015625
95.454953125
180.354046875
129.9988671875
59.67584375
264.88140625
159.838578125
286.8090625
106.1766796875
324.41253125
271.90009375
153.39109375
316.5378125
303.23778125
69.1962734375
247.3563125
568.75675
78.050640625
40.377484375
324.46871875
180.95628125
413.3281875
311.57334375
377.67365625
438.65559375
323.699875
514.50871875
399.88828125
63.4461953125
68.807765625
116.0638125
94.3056953125
341.55865625
69.1491953125
245.0981875
235.00809375
303.782875
31.700134765625
64.5263828125
145.967015625
255.50309375
459.33928125
244.033265625
460.268625
30.811908203125
397.5125625
155.158421875
175.7045
270.06315625
404.0779375
257.684796875
97.8044296875
133.355828125
191.86975
268.63265625
292.12396875
23.9577890625
181.503015625
447.62678125
405.3723125
151.94559375
204.731546875
90.3371953125
302.035875
179.317921875
57.21828515625
4.363017578125
444.82484375
335.64896875
28.156615234375
453.34315625
137.117421875
252.186953125
335.89775
128.0468046875
454.9811875
174.713234375
13.7273193359375
231.254078125
528.7375625
147.009234375
73.94090625
284.28321875
521.949875
173.748765625
400.91828125
135.55390625
435.61884375
309.04246875
203.35521875
84.673296875
192.63521875
29.618376953125
217.17765625
211.573625
191.743109375
368.295375
492.7591875
294.005375
356.22171875
130.90084375
107.872515625
193.8199375
224.987171875
282.36459375
357.2148125
332.49190625
245.651875
386.11778125
265.1815
340.19009375
93.15696875
443.84059375
108.67609375
40.05617578125
133.521796875
226.47540625
92.6957421875
187.9516875
83.4247734375
12.105919921875
104.1394765625
239.950171875
301.1458125
212.8746875
183.347609375
171.29115625
165.407921875
347.712875
355.46328125
124.1272421875
93.492765625
339.50046875
486.64628125
107.619625
275.97546875
165.201796875
352.229125
348.898625
531.5294375
111.3499375
35.6804453125
166.54865625
251.070828125
381.2005625
201.126609375
56.11569921875
309.27728125
308.79946875
158.226703125
273.515875
246.86740625
328.15040625
198.753984375
241.709328125
135.632578125
457.57759375
174.993671875
260.40321875
119.7996328125
263.354
164.607640625
70.4066796875
479.84728125
222.94340625
105.0215859375
94.8547890625
355.649375
340.280125
105.041359375
318.98121875
311.69253125
234.224765625
234.77009375
526.4601875
505.68671875
186.25303125
183.997796875
230.3826875
279.5413125
241.304390625
120.655640625
394.9
422.3714375
238.221
78.31796875
266.3451875
298.40690625
23.29974609375
180.937546875
204.860796875
403.248625
165.732515625
336.39625
239.230859375
356.7125
409.596375
215.3028125
223.200328125
57.273703125
261.3355
337.6325625
126.23753125
318.85015625
299.08628125
293.7213125
194.44075
58.49299609375
368.439125
78.33128125
344.53771875
264.38028125
50.4570234375
39.73613671875
270.7619375
330.4149375
195.78609375
141.675609375
404.533625
375.1305625
261.0495
182.919078125
527.0923125
392.3629375
138.244140625
181.740515625
242.085640625
300.44896875
241.16265625
127.424796875
69.3278359375
347.11871875
558.9031875
414.39753125
392.250875
425.904375
104.4751484375
252.789640625
429.02309375
391.10521875
132.33775
120.478078125
136.033734375
73.97621875
306.83471875
375.998875
202.654203125
49.72475390625
297.87975
199.382203125
221.338
353.05496875
12.99778125
45.41091015625
174.025546875
165.15709375
273.2859375
77.5197421875
155.75965625
467.0519375
53.8688359375
66.488765625
95.891625
78.792984375
393.957875
414.0948125
397.07296875
39.99724609375
247.571234375
252.794546875
53.952421875
11.847677734375
337.016125
94.93153125
165.8394375
50.4923125
221.55221875
56.6535859375
258.348765625
237.170546875
145.892015625
311.26746875
375.40921875
315.40434375
338.78075
56.17575390625
101.7659375
231.815015625
483.50253125
150.666015625
263.271125
283.37478125
49.693515625
342.1915625
289.66740625
128.869359375
29.76898828125
92.67034375
53.81403125
330.68940625
113.6260546875
458.01046875
115.2956875
42.45279296875
63.71944140625
437.9575
94.7114296875
383.57021875
142.181890625
156.51428125
160.9455625
226.0356875
13.9990400390625
222.63328125
400.8759375
123.0034296875
98.9227890625
106.613234375
393.18259375
164.94625
240.057171875
289.93671875
447.5440625
349.25715625
150.51759375
171.356140625
88.6229765625
199.0804375
181.79878125
130.8211015625
32.604009765625
210.44403125
275.517
234.877671875
85.0192890625
108.845015625
495.0659375
105.1900546875
126.472734375
258.311265625
425.90734375
247.622921875
445.21803125
286.89259375
247.444671875
108.560265625
450.91215625
468.08115625
162.237796875
515.1353125
521.5719375
68.137171875
425.43021875
272.55546875
214.8965625
34.979609375
64.44748046875
313.11259375
190.861125
385.20721875
290.2273125
344.5978125
315.23865625
170.285484375
326.3895
406.9185
158.3595625
234.37703125
19.6927109375
373.043
391.23503125
168.213140625
97.7301875
258.622734375
230.67671875
113.2064609375
407.95515625
143.269890625
366.56946875
275.36490625
205.437375
307.199
93.083625
225.84734375
407.12375
240.051390625
307.12659375
99.2904375
305.62171875
576.7168125
357.4123125
422.3866875
382.1785625
532.50875
93.428546875
96.3261640625
313.52184375
60.29877734375
356.73309375
179.4711875
97.0145625
52.65328515625
561.3491875
109.8113359375
400.10265625
295.67384375
162.585625
337.69415625
54.51226171875
339.2274375
170.592234375
135.32715625
218.354609375
101.798515625
175.5393125
210.20109375
321.1126875
391.29440625
471.82103125
267.477875
198.325953125
159.987515625
84.9348828125
155.01421875
34.50287890625
209.5625625
26.572912109375
187.153203125
163.531234375
143.115578125
43.8527734375
264.793125
430.91584375
281.117375
328.26865625
363.34975
368.363125
386.8816875
173.768125
106.7440078125
442.97728125
369.6518125
120.4915859375
57.9569453125
212.28303125
381.66040625
45.8096796875
277.5551875
96.6382734375
156.57084375
64.4746953125
363.23353125
111.569140625
188.2731875
182.69365625
358.37715625
291.14096875
242.54178125
277.2061875
267.9253125
342.2204375
210.99184375
133.149046875
375.1969375
109.517328125
140.28675
108.9721015625
295.7000625
280.004875
300.85771875
285.19659375
361.3873125
390.7571875
202.3749375
378.82225
222.9455625
156.4245
67.7936796875
363.40371875
380.8534375
359.8806875
71.7606328125
183.64340625
164.3181875
193.892359375
233.912
342.25665625
324.12159375
67.665
177.98275
263.8053125
66.15403125
427.60409375
476.69496875
114.917890625
398.71525
545.438
287.9859375
382.56603125
84.23378125
426.8799375
450.93571875
194.278921875
173.88228125
182.074203125
155.975015625
47.09076953125
382.2419375
200.3230625
476.73765625
166.23546875
141.07628125
353.302
68.1209296875
515.0656875
214.322078125
172.80740625
305.84628125
360.43375
275.277375
156.47490625
83.415375
46.9163984375
223.13075
274.20096875
231.653390625
231.566703125
185.832328125
236.3795
466.711
279.9058125
169.7835
25.185296875
126.9123515625
115.9588984375
100.6034453125
124.1478828125
395.739375
116.8623125
450.21834375
287.47746875
438.44721875
223.48946875
275.13884375
75.145953125
284.7399375
172.691296875
244.874390625
494.14490625
281.26384375
80.2123515625
208.4880625
318.11403125
520.17871875
281.069
240.93075
403.8250625
346.5048125
162.38878125
348.322625
151.561
49.6187265625
65.725140625
39.373109375
346.45534375
211.96659375
167.673890625
264.3435625
316.33646875
56.77154296875
437.782875
156.488921875
404.76065625
294.5843125
86.449671875
351.839125
366.0886875
147.0455
162.2441875
36.16879296875
335.346125
80.6548984375
131.2119375
117.611234375
201.94825
277.5999375
507.52690625
393.22021875
259.1373125
24.828958984375
12.331642578125
472.17903125
291.456
287.54546875
345.99215625
365.78690625
402.50540625
315.859
177.217390625
415.217375
165.37209375
324.251625
246.692203125
124.778390625
326.143125
221.32871875
218.28503125
149.35984375
358.6598125
428.31940625
166.401359375
114.2128125
160.633875
292.81021875
69.5092421875
95.310953125
15.074505859375
29.4692265625
272.37309375
503.051875
265.5339375
155.4499375
438.74775
20.27077734375
259.739625
21.7231875
403.3685
129.9940234375
344.19003125
76.537953125
57.02059375
230.44490625
195.2556875
76.48028125
415.52215625
91.466671875
285.138875
129.1131328125
186.615375
140.726390625
239.739109375
454.07509375
563.00175
384.53215625
283.030125
273.3783125
245.879140625
73.6035078125
283.9765625
522.6885625
22.308935546875
144.26190625
77.4570859375
198.675203125
395.10771875
54.3671796875
416.09196875
517.42028125
243.5391875
150.261703125
183.847734375
137.027234375
427.25990625
182.009328125
233.633921875
387.74565625
178.992140625
251.21990625
463.95828125
267.3826875
245.0906875
491.4803125
402.0203125
226.58465625
92.280703125
121.7746015625
361.07015625
184.987984375
228.99165625
162.522484375
116.5835234375
71.4281640625
287.7841875
307.15915625
112.05121875
314.4015625
167.65228125
132.76659375
391.53675
397.41196875
116.709828125
322.3935625
462.8925
419.38871875
213.232671875
149.557515625
310.91059375
240.7305
407.23340625
156.260328125
303.6906875
255.793359375
53.4224296875
236.0360625
352.080375
164.60375
171.7354375
308.10715625
189.399046875
205.411484375
133.143265625
161.967203125
340.60184375
369.97065625
281.074125
89.07090625
39.5109453125
148.855203125
432.9684375
248.60853125
127.276921875
244.0983125
190.11415625
61.4996953125
154.90634375
377.791125
196.45465625
366.9204375
380.24259375
410.50709375
253.27553125
173.93121875
163.807296875
190.69353125
387.43171875
64.33987109375
42.64494140625
121.405015625
346.48446875
431.0951875
136.86946875
392.41396875
167.7838125
138.35978125
391.27928125
271.68765625
397.68603125
67.326421875
324.7845
429.35965625
342.738875
200.909390625
46.04699609375
299.0825625
151.348984375
229.997578125
228.956734375
128.5290078125
116.1946875
193.925453125
353.80559375
175.6005
390.018875
202.692046875
285.0545625
129.068609375
24.4832421875
283.6786875
433.14965625
309.06378125
87.3438984375
520.1526875
317.59809375
617.6465
264.5583125
202.200359375
470.7740625
398.6553125
209.4156875
137.22740625
155.240765625
46.60629296875
246.36046875
437.9173125
6.12961572265625
379.39084375
202.307265625
170.906890625
414.10178125
424.0963125
256.305515625
370.94659375
162.48709375
116.2214375
385.12328125
183.745203125
278.39925
5.96258740234375
101.7219375
115.807328125
92.559796875
302.6754375
364.07725
200.26825
216.741984375
329.91521875
195.634875
190.575859375
24.0873515625
431.4308125
83.48734375
66.0173359375
33.5614140625
227.69590625
76.940046875
172.16165625
122.8501484375
362.8510625
237.79884375
280.05778125
105.93515625
317.649
73.9256796875
298.6544375
404.22221875
80.942734375
268.24075
357.02765625
428.339375
214.343765625
79.94309375
283.890125
214.96315625
361.22853125
320.95828125
325.19625
196.6014375
125.231234375
467.19521875
294.1853125
310.80025
187.09009375
431.799125
109.9994609375
459.70365625
56.3787890625
113.6590234375
392.62671875
370.74328125
405.2040625
193.331109375
118.040578125
388.08603125
326.20059375
512.931875
196.823953125
124.79725
374.61053125
208.300796875
495.7760625
75.4711796875
256.540328125
109.91621875
299.65546875
240.54484375
52.46046875
44.09050390625
290.9185625
164.941453125
130.1372734375
320.09171875
316.90425
417.06128125
330.66790625
296.81090625
337.57484375
210.30696875
234.76996875
165.303328125
211.163140625
70.661796875
260.963875
109.6256875
106.5503203125
288.90546875
432.1525
41.0331015625
403.8765
189.815203125
302.1168125
168.050984375
415.4635625
202.894140625
100.841140625
307.32865625
149.489015625
399.56628125
377.31659375
359.226875
457.62315625
425.48725
66.6320625
10.877044921875
53.22081640625
121.397046875
232.10209375
304.561625
207.10746875
367.95903125
336.68315625
214.4770625
235.840609375
107.3647109375
325.785125
443.26921875
225.668328125
534.514875
359.44553125
114.501078125
37.34525390625
130.450734375
263.41365625
184.05921875
209.723875
290.35065625
310.655625
375.744
229.8595
448.3434375
233.73078125
297.80828125
567.345
314.6811875
451.80690625
333.16365625
467.4579375
300.7343125
224.2113125
78.8447109375
33.1639921875
107.3057421875
95.8267421875
56.89394140625
342.0981875
105.050421875
288.1091875
149.651484375
106.1276640625
190.06153125
205.107171875
359.68884375
407.0974375
188.8515625
133.44659375
246.88975
145.78103125
199.84
108.2932734375
364.876625
50.00325
321.62225
251.007375
296.04103125
260.176234375
210.625796875
400.11884375
421.113
180.23825
62.246359375
200.91603125
254.18340625
253.313671875
177.7314375
38.0501953125
316.0775
286.91
420.47875
81.1510546875
360.48296875
99.60634375
27.35817578125
49.99271484375
133.759296875
245.016015625
148.279515625
269.20725
135.702421875
175.6085
317.42965625
57.4436484375
236.144546875
236.5686875
236.12521875
70.5603984375
180.15671875
278.45875
158.75959375
479.36009375
139.568375
367.916
66.8731171875
298.66075
47.38679296875
323.21321875
245.8954375
528.791625
100.0589609375
392.9160625
267.92034375
177.699390625
369.8648125
128.5272578125
525.2634375
549.994375
241.948765625
293.03059375
232.663171875
25.79464453125
340.66403125
81.856171875
359.621
266.69490625
311.81959375
67.0937265625
401.597375
28.60455078125
181.410328125
320.27865625
440.21040625
439.194625
264.12478125
320.78290625
93.3971171875
320.0648125
298.26621875
270.0744375
96.0396640625
170.297265625
294.00059375
152.59078125
165.836625
115.5011953125
52.03340625
33.9202890625
86.3986875
98.5779140625
39.56876953125
185.813
111.08309375
369.39803125
129.7429453125
202.270796875
90.4414921875
76.295609375
167.217296875
404.37734375
197.437046875
93.7541015625
421.91534375
309.7658125
291.85403125
141.339390625
241.66625
50.3560625
188.80725
86.97628125
279.45609375
258.042765625
51.0245546875
93.8462265625
199.546515625
62.1875078125
379.66053125
373.94175
155.979109375
437.4306875
60.03673828125
90.7211015625
88.829109375
139.365859375
82.0296015625
337.4265625
210.32184375
347.099875
183.44859375
240.9569375
571.6215625
245.794078125
90.580921875
158.385375
473.91628125
287.33571875
271.9118125
258.204140625
324.56428125
130.2746015625
171.06271875
188.779
83.8592109375
140.280296875
185.770875
421.41909375
246.987890625
317.81246875
227.760828125
178.370375
149.53421875
180.052359375
103.850234375
116.2897578125
217.885765625
413.45140625
146.854140625
349.4529375
257.83453125
58.84434375
223.85053125
447.15075
91.30565625
287.97709375
167.452875
422.736
400.55203125
474.1429375
243.884046875
260.299015625
105.823125
373.91034375
215.271890625
431.5086875
453.42546875
141.759546875
118.4186796875
70.862640625
312.03846875
101.985421875
325.4006875
369.659
43.11039453125
300.3888125
196.0833125
133.82790625
285.90015625
347.07325
330.16171875
332.67996875
183.660703125
337.960875
385.54625
335.64815625
436.6500625
156.32921875
204.38575
302.0391875
425.691125
414.7163125
335.5468125
336.7858125
439.55375
392.57078125
201.930765625
62.04018359375
139.649109375
147.735046875
318.5471875
484.65309375
539.491125
357.04084375
396.1136875
306.60275
415.996625
516.00875
191.140703125
31.340869140625
76.8169921875
228.368390625
142.35740625
26.463732421875
89.971703125
150.477515625
61.1663046875
78.125796875
470.31325
134.563921875
33.86025390625
337.8605625
106.458359375
163.23453125
171.409671875
469.90040625
247.6280625
201.637359375
319.01590625
294.717875
371.44665625
380.14553125
256.6434375
75.2513984375
96.608921875
420.70253125
116.6156171875
245.16621875
216.20353125
272.6905
83.774546875
304.24678125
211.616734375
65.18730859375
81.261609375
228.4685625
403.77440625
374.86171875
128.4757109375
205.609265625
265.656375
126.955375
241.50096875
435.61646875
92.077703125
429.55490625
418.498
136.0098125
390.9825625
279.72109375
265.89428125
168.388515625
172.734046875
57.4377109375
442.9321875
290.27534375
251.98684375
218.36509375
353.62709375
421.430875
254.618328125
429.76515625
260.929078125
37.31515625
124.9398125
253.921421875
218.27415625
241.493203125
281.2753125
209.509
81.13009375
182.65828125
443.8155
145.841203125
194.1038125
397.5135625
198.18734375
343.071875
112.1884375
223.302375
171.22790625
134.861765625
177.407984375
210.7708125
59.83006640625
118.216453125
188.75878125
439.79834375
367.60996875
264.803375
462.899
461.2986875
151.384296875
230.348734375
392.81525
157.1865625
343.3159375
179.450265625
243.975875
179.65771875
183.708703125
166.051078125
79.5989375
291.32903125
401.75525
335.55571875
349.80478125
188.980921875
451.5435625
227.956
106.0649765625
321.090125
176.55353125
330.50821875
107.2535078125
196.718796875
181.474234375
310.9304375
170.136625
81.3848984375
398.1453125
249.428890625
119.631515625
348.81478125
80.708359375
236.93834375
277.9164375
231.984125
121.2678203125
234.26190625
376.4751875
417.05953125
200.29253125
143.751953125
379.998375
241.883296875
188.683703125
150.148921875
242.970171875
171.288984375
93.377890625
253.103390625
392.456375
69.29275
177.75684375
200.498984375
88.6108828125
77.1201953125
70.490515625
8.1682509765625
187.14784375
187.5146875
225.2716875
232.2495
244.30253125
438.4355
292.92371875
221.721203125
236.095453125
68.9990703125
97.050921875
194.38203125
341.4226875
170.99775
133.838734375
19.23098046875
210.670890625
413.7541875
266.8280625
156.871578125
327.81075
210.024265625
521.1439375
78.210796875
334.13371875
332.4475
180.260375
313.555625
185.04134375
203.605671875
213.254484375
329.07403125
124.7283671875
109.535359375
222.748265625
95.327953125
275.323625
328.94034375
296.60428125
385.86765625
174.874171875
367.565125
84.76684375
334.78425
161.322734375
379.71246875
305.65490625
385.56628125
86.90728125
97.2314140625
104.67746875
417.9966875
71.3083515625
322.26440625
399.133625
506.11384375
103.3589765625
108.5548515625
284.23259375
343.7034375
353.68534375
212.352203125
105.891796875
143.08746875
326.30621875
99.726875
228.628859375
338.0408125
366.05878125
196.72409375
224.641140625
71.031484375
184.357578125
75.9910078125
442.9196875
237.324953125
332.070625
308.4485
276.2488125
360.94928125
170.877796875
431.522375
335.9649375
174.55290625
210.456484375
218.141984375
315.751125
349.699
97.5864140625
40.694640625
162.564296875
137.16025
37.17940234375
357.22975
316.64415625
138.4691875
104.9060546875
193.66925
123.5113203125
398.31078125
189.491078125
251.87771875
65.12376953125
263.62371875
219.194484375
215.1825
82.447359375
467.65959375
261.298578125
225.212765625
165.22428125
124.2006328125
175.79821875
382.79025
150.97246875
200.84403125
143.20353125
59.72370703125
150.4071875
133.3220625
40.53193359375
90.2564375
417.90253125
497.77209375
432.48315625
154.19971875
252.45884375
387.58465625
302.74075
154.778328125
262.129921875
205.70259375
104.1414375
432.564625
313.874625
195.08425
179.324390625
388.8161875
81.22640625
141.540390625
398.363875
134.659796875
164.086359375
122.635984375
331.6074375
125.1241171875
68.40515625
210.707390625
252.616890625
358.6208125
166.9465
353.766
89.415875
10.743833984375
167.866421875
258.45
415.31646875
378.48421875
76.384390625
376.42446875
318.91671875
248.399671875
180.70315625
137.02753125
448.7884375
194.290203125
260.66946875
259.574140625
311.7844375
29.0888984375
134.156421875
336.7053125
280.49428125
210.564734375
320.4135625
92.579109375
64.44136328125
347.0326875
478.047625
207.999
328.39065625
201.66278125
245.6645
325.8396875
159.68715625
205.6378125
6.4027646484375
282.3235625
364.03221875
266.01803125
356.0590625
258.918984375
350.06378125
265.172625
167.83753125
78.408046875
524.716
373.06265625
32.35215234375
42.13205078125
242.056859375
145.380171875
457.97528125
344.99259375
268.45984375
236.70384375
315.3881875
320.95084375
151.499296875
166.13065625
111.219109375
375.59625
213.841359375
123.905625
256.10403125
31.510458984375
253.940828125
58.04888671875
209.4271875
339.0291875
463.3640625
58.38068359375
200.39140625
312.9838125
274.75640625
254.0806875
201.292109375
112.8090390625
320.0755
229.716796875
94.277109375
156.70109375
217.183203125
196.827921875
425.4869375
248.573046875
299.29753125
292.296
455.15825
317.7969375
52.0363671875
165.961703125
17.982005859375
91.9581953125
222.3135
265.3265625
217.2940625
136.906765625
357.15425
226.635796875
390.69140625
224.605484375
239.729140625
212.785671875
386.93528125
88.6863046875
265.967
109.6986953125
282.3901875
186.802921875
387.6245
369.83446875
134.972984375
212.346859375
470.19178125
413.46340625
322.08971875
440.2804375
275.99303125
246.773984375
350.43021875
396.84803125
73.316421875
427.96390625
229.5816875
234.88515625
478.24959375
114.5702265625
327.8129375
222.709828125
177.645921875
197.0013125
233.474953125
504.01925
241.10928125
129.944125
90.719390625
215.856296875
212.966109375
374.12571875
140.19475
201.4895625
165.394078125
88.8515078125
368.91596875
275.79015625
263.99221875
232.941921875
153.7625
333.91303125
178.30584375
43.81964453125
74.5638828125
100.30078125
6.61473193359375
238.019546875
344.86696875
432.5020625
121.5670859375
398.025875
245.206359375
447.76915625
562.3044375
338.2563125
350.47284375
140.41565625
36.3340234375
127.275484375
586.9336875
299.30903125
138.088
92.0397734375
277.051
212.2831875
247.62828125
167.50259375
643.6794375
264.9096875
392.156375
457.40315625
276.61221875
17.924662109375
168.514328125
453.8900625
337.1725625
303.87175
132.30740625
110.575671875
311.63471875
89.5250390625
28.763037109375
217.039671875
283.197
264.20121875
502.112
276.3505
56.476046875
450.41884375
358.489375
367.70271875
172.29015625
285.45121875
389.513
427.9730625
284.19796875
130.83490625
207.305375
339.04546875
83.758515625
25.723146484375
213.9863125
186.421375
406.887875
228.461703125
289.7534375
9.253244140625
130.31415625
191.9546875
359.9165625
247.56815625
164.74446875
65.11167578125
216.69440625
458.8296875
176.97228125
195.9946875
189.302046875
252.395375
394.88465625
208.1734375
223.519765625
46.05503125
519.1516875
227.02346875
134.0205625
331.2339375
405.49465625
364.35134375
290.41425
230.884453125
106.3412734375
157.341171875
131.116140625
491.768125
206.42784375
171.194828125
32.88940234375
425.72440625
226.1093125
418.2266875
226.976921875
33.185359375
289.41953125
411.282125
43.9400546875
310.11015625
36.59465234375
257.790828125
88.5134140625
158.158421875
350.65659375
263.6496875
167.210796875
323.1836875
244.972515625
433.1684375
224.823171875
339.9298125
153.345109375
329.9875
402.7405625
56.657515625
401.093
103.4397421875
73.5534140625
221.267515625
314.75478125
257.356546875
82.3217890625
545.3326875
70.3700703125
286.58109375
396.03671875
270.82546875
330.0625
391.09025
161.895828125
195.43009375
166.80103125
212.627828125
266.9791875
503.55703125
401.2371875
255.650125
12.3156064453125
225.044203125
213.604703125
85.4584140625
337.974125
363.02828125
281.975
390.53253125
284.42803125
315.4525
198.238953125
353.065125
70.7164140625
209.906640625
388.62196875
299.34675
372.21209375
182.839015625
133.395828125
447.71734375
332.13659375
354.0068125
311.17821875
84.4189296875
229.159875
305.38384375
301.40884375
392.18134375
284.42934375
333.1238125
230.5979375
86.805390625
299.42884375
99.704515625
160.009984375
399.3294375
450.5289375
226.24815625
226.7154375
352.98503125
275.902375
357.435875
275.4513125
310.7084375
230.746265625
357.27825
94.9192890625
145.217015625
142.61159375
406.12334375
201.517
487.37315625
55.4026953125
340.2115625
109.7227734375
252.402390625
23.726173828125
110.7903984375
295.0535625
296.123875
415.86534375
428.298125
232.920140625
405.2278125
203.605734375
413.62896875
143.44815625
137.65
181.86428125
211.21328125
454.4798125
154.79759375
182.3085625
287.44790625
233.1461875
385.2345625
193.427625
79.633015625
257.861828125
176.7281875
86.0716015625
305.19190625
306.02121875
345.704375
200.361765625
209.364046875
74.7431171875
27.553830078125
276.49553125
235.064015625
68.5185234375
313.19015625
224.031421875
127.347546875
172.105859375
232.4039375
222.8995625
256.2694375
232.432546875
184.207078125
250.373109375
112.8321015625
197.425015625
114.996765625
414.0843125
96.427375
52.20464453125
426.876625
340.57996875
98.9269140625
183.1895
21.103119140625
259.8280625
69.6342265625
126.04946875
451.81475
150.72440625
170.86153125
219.39484375
92.6998125
215.840984375
410.828875
177.580234375
256.840484375
10.60917578125
118.6363046875
113.8031171875
144.169921875
12.9758134765625
193.07375
241.13696875
125.0240703125
423.89203125
563.6173125
169.124828125
140.862484375
341.981
62.40151953125
225.686046875
516.686
62.703046875
96.2749765625
401.74315625
300.34553125
178.42240625
152.909734375
158.91859375
175.177375
61.01580078125
298.89903125
353.32284375
381.304
90.9127578125
154.134921875
95.698140625
302.17215625
360.083875
103.3150234375
489.252125
335.09953125
28.448037109375
399.98865625
233.33484375
173.390515625
53.94212109375
223.939734375
153.41446875
552.07275
320.39325
354.95659375
45.84691796875
207.833640625
83.856484375
209.11953125
250.6783125
345.20765625
560.330125
189.07728125
200.172421875
284.60659375
293.44178125
165.0023125
39.38751171875
52.359578125
242.151078125
78.732078125
552.3374375
181.63040625
188.735125
188.11921875
247.974296875
368.506625
166.5275625
446.9729375
420.2504375
48.34962890625
139.73975
95.6428671875
302.9009375
426.98209375
6.43102197265625
167.556765625
148.433234375
149.316
41.12687109375
279.65809375
200.21834375
114.6629765625
32.895578125
38.61341015625
100.185140625
195.35453125
28.064357421875
363.73815625
344.60496875
364.46490625
366.818625
449.9163125
141.353265625
496.8025
152.171859375
365.3250625
330.0949375
85.3261328125
163.54659375
280.71196875
389.211
113.5330234375
246.252796875
77.2933828125
212.640640625
133.6705625
212.623078125
138.38853125
297.9575625
387.05853125
461.8128125
325.6399375
327.92309375
299.66784375
23.017439453125
216.303078125
563.131375
333.60965625
243.841078125
123.281921875
172.80134375
312.5404375
243.05678125
328.03421875
247.731328125
149.7125625
298.2440625
241.87240625
274.88425
230.941171875
294.6098125
141.89409375
248.347453125
64.60191015625
188.78146875
109.8815703125
218.345578125
445.78221875
88.921375
371.50659375
273.81521875
364.46528125
168.99859375
48.92662890625
223.954703125
24.504072265625
319.88871875
142.43134375
481.25109375
384.243375
445.97503125
237.62646875
352.06709375
191.904671875
127.6203828125
29.848806640625
302.48846875
294.794
102.48634375
45.67780859375
193.61221875
169.421203125
352.987
48.20491796875
106.03903125
193.72684375
220.0141875
73.1368203125
448.2955
362.05015625
515.42303125
348.33325
474.7025
84.93675
457.48903125
69.378171875
227.77759375
502.313
86.506203125
240.197609375
128.4682890625
487.342625
364.097875
302.39725
246.222859375
280.046
41.94196875
69.3626328125
65.8503359375
444.34334375
95.99625
192.44240625
73.4196640625
67.0328125
170.21884375
154.425484375
435.19678125
48.21125390625
194.258078125
319.40475
365.375125
159.956015625
57.85301953125
113.1578984375
349.22825
379.02734375
309.68515625
228.94559375
114.549515625
276.275875
152.980265625
191.65284375
210.81165625
118.9131171875
256.522109375
382.5705
99.734640625
90.91253125
201.864125
347.1905
131.950140625
238.692765625
82.6076640625
251.53778125
43.98799609375
71.879765625
477.4096875
353.4715
345.28396875
358.83515625
249.95325
443.5813125
128.3193515625
188.215875
181.636203125
164.21540625
112.7058203125
463.34346875
257.615453125
9.5978330078125
75.3064140625
214.205640625
176.19265625
343.21553125
272.0151875
419.483375
381.84021875
100.447078125
428.8505625
184.465
52.0244296875
214.469921875
319.2629375
323.7381875
135.554875
293.1685625
354.398125
198.48209375
458.01125
220.87378125
58.5697421875
355.456375
366.5388125
243.937390625
5.015033203125
372.1295
146.370546875
213.868875
408.52425
450.81428125
487.1045625
267.93103125
151.09471875
117.9833515625
258.23471875
292.1468125
329.57528125
287.28371875
224.130359375
220.5478125
295.6839375
49.03862109375
37.31164453125
28.19676953125
185.844953125
338.07134375
146.721609375
496.62928125
127.8800703125
193.37721875
291.9718125
387.7369375
136.56603125
449.03196875
435.6798125
216.5953125
387.429625
135.585109375
331.235875
54.18930859375
189.875015625
392.3551875
151.84671875
469.67659375
139.057796875
298.69646875
299.8578125
493.86975
117.9037578125
322.8064375
88.2356015625
320.69840625
86.2419765625
177.022
208.305859375
390.48821875
449.6059375
402.15503125
74.2447421875
251.9084375
206.378875
47.38052734375
394.995
54.762484375
110.6408203125
444.595625
234.21803125
208.676765625
91.3389140625
378.33896875
386.81009375
83.1655859375
211.27059375
218.5755
232.07828125
209.03746875
298.77965625
123.7715234375
158.31
335.59365625
182.883296875
201.237796875
49.048390625
425.84271875
351.84775
162.619375
324.553375
192.111953125
76.157828125
143.501203125
185.751796875
224.251828125
498.9770625
155.739625
43.2221015625
215.410796875
147.330390625
429.05440625
130.0603671875
116.977921875
172.590890625
145.930609375
26.97775390625
77.8089453125
118.020984375
61.8284765625
164.11621875
104.20271875
177.67365625
255.156328125
25.67749609375
307.378
65.6527265625
212.79325
533.223875
128.046921875
160.71171875
428.2659375
201.036515625
378.0449375
287.9704375
102.9529765625
88.3319609375
397.79603125
91.568015625
270.1668125
49.2494765625
51.09729296875
97.5005859375
287.30346875
117.825359375
122.6628359375
82.344484375
73.00825
380.221625
179.9915
426.7066875
346.147
386.3471875
35.25744921875
73.1467890625
343.0465
42.37633203125
378.28546875
441.31565625
290.935375
275.3763125
286.11096875
156.091265625
249.41228125
216.93871875
136.0350625
97.0298203125
333.61884375
254.573296875
202.79096875
354.2953125
378.00465625
129.4205703125
89.287109375
147.171734375
123.3092421875
212.142671875
273.19859375
168.981484375
207.927859375
267.95659375
120.1437578125
150.55815625
60.38585546875
240.069609375
381.15225
206.9619375
470.16853125
354.68634375
96.905921875
346.4290625
159.0125
437.9535625
146.56328125
216.83803125
322.62740625
285.2255
105.135296875
239.017953125
177.628765625
314.137375
3.231921630859375
263.12175
213.169765625
274.60628125
272.889
203.2193125
89.1701171875
380.05425
77.0446875
40.07917578125
175.206375
415.4884375
298.44640625
127.8356953125
399.0985
292.36665625
365.531375
303.407
90.1168046875
97.4559296875
113.3455703125
304.29478125
273.025125
349.2749375
396.22896875
402.4554375
305.5508125
108.106140625
358.1064375
285.2264375
327.9579375
123.766234375
338.8169375
509.69821875
243.438359375
302.238625
439.86878125
307.37540625
133.6083125
153.341453125
274.8005625
306.2411875
311.1956875
126.8408828125
326.4186875
225.846171875
36.89490625
380.17440625
519.55659375
367.26215625
226.213546875
146.723953125
555.9485625
264.3365625
300.65003125
265.1899375
23.21511328125
233.509390625
351.3365
363.3061875
290.47128125
116.659390625
448.677875
98.6695625
219.208765625
100.34784375
276.54821875
88.886328125
276.22175
51.944890625
139.299953125
223.669296875
166.96709375
309.75275
220.98109375
232.095546875
362.69753125
280.61834375
407.457625
305.34409375
292.97159375
317.53590625
307.92246875
68.714171875
110.68384375
147.38065625
388.95953125
292.74434375
299.59303125
210.06434375
159.68284375
291.40196875
503.65171875
300.8454375
198.413890625
129.992828125
141.794140625
391.52896875
166.83259375
98.536359375
106.375015625
328.32775
160.07165625
56.31610546875
402.83634375
134.668921875
122.1941796875
420.26571875
194.3170625
190.18659375
441.899
213.462515625
160.141828125
261.26025
447.09340625
311.74278125
92.253375
134.42859375
313.35409375
208.063109375
203.641109375
499.19409375
47.68260546875
113.34296875
155.49815625
282.4565
288.96865625
304.0928125
362.01440625
105.1538125
207.329046875
141.757
217.18815625
250.442875
293.3678125
12.2002841796875
113.2051796875
295.71084375
46.7213828125
127.6454453125
120.1494453125
78.58903125
133.14315625
226.89921875
27.799884765625
279.596125
143.501484375
333.4955625
223.045875
122.005296875
185.904609375
238.402671875
317.18646875
209.657890625
335.7885625
360.3531875
329.7095
509.351375
125.833046875
344.39428125
236.41890625
262.041765625
98.1377890625
208.25996875
148.0678125
274.70575
225.761
282.10553125
319.0055625
120.4500390625
365.39365625
342.83034375
178.71584375
489.5373125
80.8606015625
517.51215625
63.07488671875
546.792375
175.21371875
281.1079375
274.662
87.0844140625
54.74290625
148.449078125
166.978375
358.385375
222.54984375
76.37278125
156.712234375
160.37696875
302.95221875
376.6918125
198.260625
205.287390625
114.67578125
262.89415625
41.1700625
316.3565625
112.711015625
196.900796875
409.48409375
76.293953125
342.68315625
183.40525
200.84271875
336.29575
196.2721875
134.392125
134.779125
72.951359375
198.55953125
67.50128125
194.899046875
529.0271875
154.66275
153.853
294.547375
304.930625
187.145578125
67.563015625
175.774296875
222.75175
134.325765625
14.136263671875
343.69790625
413.16325
190.522390625
336.638
210.75103125
221.88734375
198.985515625
378.9323125
222.84171875
149.52646875
205.71921875
357.02234375
402.82328125
116.8861484375
252.280171875
453.5251875
382.2503125
212.19440625
156.19915625
240.911453125
309.8313125
409.4421875
104.7408359375
156.61678125
335.1953125
440.9355
276.113
186.126140625
25.77822265625
401.53128125
284.29996875
231.7435625
293.14596875
217.3103125
120.96828125
108.52321875
405.4821875
455.788
18.07776171875
41.10447265625
263.02821875
188.7898125
219.37246875
208.188796875
297.16334375
265.3460625
359.76225
299.3769375
73.3723515625
206.685046875
437.14628125
483.30178125
299.1334375
185.7400625
35.47197265625
293.16253125
129.2966875
377.80975
183.279359375
286.30971875
100.0138203125
299.42915625
275.12446875
467.85596875
101.651640625
427.80353125
119.0354609375
434.9785
195.5036875
265.66428125
229.15315625
272.62071875
134.26121875
203.224609375
