201.016328125
32.9166328125
51.8400390625
63.523640625
44.2423203125
44.6384921875
169.455015625
143.571640625
44.2173671875
68.1773046875
101.828765625
382.63959375
17.981943359375
15.061955078125
47.13875390625
197.16178125
25.81769921875
34.5873125
150.17784375
54.55162890625
50.6801953125
30.092626953125
63.92756640625
4.23037109375
70.8664375
67.9725390625
42.27599609375
100.132328125
183.27096875
99.0725546875
110.7625234375
58.10291796875
16.688201171875
36.50928125
2.91936328125
73.2971015625
57.7205703125
77.1892890625
24.296208984375
2.292903564453125
94.3321015625
80.135625
48.71401953125
21.783734375
130.2574609375
121.997328125
18.656216796875
166.624
16.92571875
50.33347265625
63.632609375
37.174
20.4132265625
102.385078125
158.9259375
273.0860625
87.0035859375
4.9524072265625
27.74014453125
55.560625
52.22923046875
77.729171875
65.6015859375
36.8387421875
49.320671875
369.967375
56.2297890625
40.60304296875
146.39878125
2.390270263671875
2.709116455078125
78.1457734375
37.3722578125
15.0018427734375
205.128046875
230.288125
27.51527734375
96.6978671875
208.573671875
128.313640625
63.50214453125
26.86261328125
96.8268359375
24.125580078125
120.537390625
66.199484375
31.65901171875
98.2255390625
57.5957890625
31.1888125
29.296068359375
176.369421875
71.7576328125
139.9324375
7.903310546875
57.52948046875
72.8722578125
124.2745234375
40.14007421875
181.605421875
62.36572265625
26.943732421875
45.6068046875
22.733291015625
39.931609375
54.9386640625
28.9085703125
37.094015625
25.492439453125
240.53765625
217.0409375
113.7351171875
4.98943017578125
16.496552734375
46.02424609375
71.273484375
84.61990625
5.2411982421875
22.913015625
18.5482890625
57.73078125
40.234734375
256.48834375
73.617296875
250.68834375
12.1424833984375
24.646134765625
49.52117578125
49.92791015625
45.5942421875
58.93223828125
69.4435078125
38.86333203125
68.8956796875
18.87351171875
56.5637109375
42.69633203125
96.1295546875
71.62325
70.940171875
18.6716796875
129.913484375
76.8058515625
130.7200234375
32.379564453125
93.4658125
22.40090234375
63.177828125
209.727546875
19.835384765625
37.22406640625
189.229328125
69.69934375
11.1401123046875
194.271921875
88.811484375
3.745385009765625
44.729921875
41.28075390625
44.54469921875
122.812546875
52.08476171875
43.11923828125
10.5589482421875
62.011734375
118.088
74.51759375
173.2060625
64.7991328125
42.0537578125
255.718234375
66.6130078125
116.77809375
124.7562734375
49.03779296875
31.12661328125
55.92481640625
134.06346875
45.550046875
4.1549951171875
8.5623203125
24.1761953125
52.526078125
5.03528759765625
29.43022265625
58.41980859375
80.8881328125
43.6768515625
47.71625390625
42.86468359375
27.16828125
59.7380859375
29.645271484375
35.9227890625
151.443484375
36.60309765625
10.0254736328125
42.8671328125
84.906296875
182.45696875
19.728982421875
59.53298828125
61.214578125
26.583177734375
18.720466796875
11.415400390625
64.93488671875
14.7435771484375
136.071234375
50.25717578125
46.208828125
146.569796875
79.3470234375
85.4445859375
34.19198046875
19.2405
19.42223046875
80.082453125
77.3833671875
5.26122607421875
45.480171875
1.69685498046875
139.96215625
19.502720703125
156.5373125
15.9381552734375
28.790783203125
113.1052890625
11.971384765625
68.1890546875
27.135791015625
92.8090859375
21.3938671875
89.546
40.65664453125
197.508375
6.51588232421875
37.0701328125
34.3464453125
11.2213798828125
3.9420107421875
239.24184375
51.210015625
11.616779296875
28.391982421875
181.52475
117.7760625
321.71046875
100.0995234375
117.0201875
14.8580498046875
263.80384375
230.189796875
32.426099609375
43.654640625
162.63059375
12.578828125
26.43195703125
293.275375
52.97226953125
37.2392734375
35.798546875
107.7171484375
123.9338671875
72.9841484375
99.630640625
64.0002734375
144.64403125
190.730140625
15.2680244140625
61.7477578125
113.11215625
39.94811328125
87.1664375
87.40640625
10.1917626953125
155.18034375
110.6703515625
208.056359375
5.41743798828125
153.789375
4.72550927734375
155.6706875
76.302875
47.7671015625
32.026349609375
17.87128515625
351.09684375
5.75742236328125
16.11777734375
26.01994140625
61.7482890625
56.2056171875
56.0255546875
110.0698046875
16.156412109375
44.348421875
162.30440625
6.8970009765625
42.2392421875
23.908041015625
18.319501953125
12.5048984375
318.46159375
64.04062109375
87.056140625
116.9260546875
61.258375
179.829734375
7.3733876953125
34.9757421875
49.210734375
89.0627421875
9.7537265625
3.393174560546875
124.43565625
18.617173828125
35.2727734375
6.568806640625
105.191921875
88.7925703125
67.8108359375
5.30775439453125
48.1166015625
24.6709609375
42.63866796875
67.989203125
47.88444921875
9.1193740234375
248.09178125
5.81172705078125
52.17646875
42.024296875
8.85953125
15.0860400390625
59.42502734375
17.59355078125
3.63029736328125
112.01609375
154.555890625
8.726630859375
69.2983203125
18.076234375
31.81808203125
14.829064453125
7.66362060546875
8.76598046875
56.779109375
1.9220963134765625
57.40954296875
252.832578125
42.65791015625
1.3369818115234375
28.425990234375
28.096974609375
147.472703125
24.982107421875
68.546734375
7.15198974609375
48.34613671875
95.540625
41.53067578125
18.370150390625
67.3087109375
4.8360556640625
43.44541015625
84.235421875
110.780421875
24.037140625
98.1294296875
68.8486171875
6.67659716796875
46.34637109375
15.2724599609375
11.409166015625
87.1363125
39.5831796875
164.675484375
45.2786796875
18.7133125
57.389671875
26.913251953125
131.210859375
98.823359375
127.21415625
123.7163359375
244.97446875
33.009
73.9575390625
171.601578125
55.4826328125
72.08103125
20.2238046875
28.481490234375
13.07758984375
56.51409765625
120.348
89.8445390625
23.441900390625
13.69224609375
129.3213203125
95.655390625
118.45796875
45.99273046875
5.10268701171875
31.491552734375
41.291828125
183.23290625
13.4531435546875
88.400546875
102.2616640625
39.7505859375
91.9883828125
22.815787109375
5.7966650390625
32.306056640625
48.47675390625
25.517533203125
98.1206640625
44.7777265625
6.547138671875
140.944046875
121.20528125
121.92421875
12.6949873046875
28.06084765625
38.6533046875
31.3184765625
54.0534296875
31.662806640625
2.403986572265625
100.1130859375
32.8768203125
3.6659248046875
52.307359375
42.794796875
66.6683515625
6.697818359375
8.90554296875
8.0738798828125
79.599125
18.235802734375
103.114984375
75.1798828125
54.747234375
81.553
7.81600390625
13.3581123046875
146.410515625
33.1171015625
2.579906005859375
50.95449609375
40.2028515625
108.4805390625
31.06703515625
11.738001953125
10.5648486328125
24.9694453125
10.73434375
32.109611328125
12.1313974609375
73.136734375
65.3678984375
251.286453125
71.7400078125
12.5191396484375
38.13029296875
101.21784375
79.155375
17.806474609375
139.630203125
47.19190625
18.68323828125
28.312111328125
42.21030859375
113.703234375
49.48791796875
24.771119140625
10.445818359375
171.078453125
71.6100078125
72.386484375
45.8167109375
334.75753125
2.968763916015625
51.683078125
23.65684375
64.55016796875
263.20871875
92.4366328125
35.42177734375
92.7414375
305.84328125
93.179890625
111.1209921875
18.98883203125
84.1187734375
10.7192783203125
72.2694375
13.751537109375
110.7381328125
63.125515625
61.5567578125
32.675064453125
146.87003125
141.5120625
28.747646484375
28.418365234375
59.14319921875
46.1342734375
122.934578125
172.277453125
170.168125
148.992625
44.0757890625
118.6013515625
80.242640625
9.2610185546875
34.23333984375
15.287755859375
28.783927734375
81.8484140625
218.353296875
127.0046171875
86.813703125
134.162609375
163.0618125
82.7574609375
35.6478203125
334.76596875
469.84284375
178.765265625
137.007390625
8.863892578125
98.647015625
144.12428125
32.597173828125
9.4271171875
41.24398828125
23.028595703125
15.14221875
119.62228125
3.910494140625
27.299015625
118.5771953125
63.0873515625
27.157328125
156.716546875
35.07141796875
5.06527294921875
60.418890625
32.5430703125
27.9323046875
95.1888203125
21.511400390625
22.892939453125
11.336736328125
34.52584375
53.88119140625
63.5598046875
109.3066640625
26.182623046875
217.704953125
36.64860546875
79.733765625
116.02125
165.268609375
39.23566796875
81.8310625
46.36802734375
84.48403125
46.355046875
5.90406103515625
106.1475234375
34.08265625
2.73751513671875
21.825642578125
68.459015625
111.250828125
174.373796875
81.688203125
67.1463359375
153.43728125
155.655046875
8.9457998046875
147.353765625
93.23384375
1.301947021484375
265.19434375
21.60246875
36.12625390625
43.7247578125
94.192984375
35.06934375
39.1136640625
34.70255859375
169.939359375
24.254955078125
56.29386328125
28.747640625
30.694623046875
94.9215234375
71.59271875
39.00209375
30.969201171875
108.4685859375
18.93208984375
101.7444453125
80.44853125
35.19633203125
77.9295703125
29.289330078125
71.5599921875
30.43449609375
15.51369140625
15.4664248046875
23.4527265625
12.8870546875
69.1836015625
10.915759765625
28.993984375
12.697171875
224.28259375
161.4373125
67.6153125
82.712265625
19.78451171875
13.812564453125
60.005984375
46.2603828125
104.4166640625
47.845796875
23.885255859375
2.506456298828125
67.513625
88.5531328125
57.99894921875
34.42075
37.3720546875
10.2684970703125
57.167828125
149.878046875
187.66334375
18.041849609375
27.278998046875
133.3104375
32.98609765625
149.477
79.2053359375
20.991439453125
12.3976787109375
21.695783203125
17.421970703125
38.7320625
64.84119921875
63.98291015625
62.0378125
61.1697421875
210.416765625
111.159703125
51.8281328125
70.1581875
2.25357958984375
94.518625
35.01312890625
136.7783125
15.7479990234375
26.816216796875
40.13684375
109.20175
2.085281005859375
20.47383984375
85.4562578125
159.14990625
78.6847578125
30.543517578125
69.4065625
28.199044921875
12.6174833984375
69.1536640625
82.9543046875
29.66697265625
119.6506953125
39.534875
41.0064140625
117.1034140625
44.9905859375
83.945796875
94.715984375
67.860671875
64.0336875
37.08991796875
309.2824375
37.3521640625
4.023953857421875
66.535703125
65.40129296875
147.442671875
22.288076171875
61.3186015625
25.045943359375
92.18978125
35.38755078125
55.37537890625
4.6325107421875
2.361512939453125
138.855640625
147.14240625
56.57151953125
43.39744921875
229.0711875
53.7938828125
57.61759375
138.371453125
24.45023828125
10.666072265625
88.76046875
52.7434765625
11.074712890625
36.31535546875
15.1614423828125
28.4401796875
180.703109375
69.931140625
63.2123046875
85.2266015625
4.49429296875
28.80854296875
24.352625
104.154359375
21.597228515625
74.0074140625
119.7264375
16.43933984375
215.994359375
214.181296875
32.500013671875
12.922611328125
32.733080078125
39.12578515625
6.01468994140625
3.381535400390625
150.72603125
140.115328125
79.162625
43.6686328125
107.0223828125
23.91937890625
130.638921875
51.48740234375
34.3335546875
2.900566650390625
10.416890625
12.61144921875
87.171796875
14.15225390625
34.7181328125
90.895484375
39.29218359375
41.89668359375
12.4942734375
250.5346875
95.3963203125
11.35099609375
403.583875
200.7075
51.1468046875
115.988921875
10.474521484375
121.716640625
47.57137890625
139.3619375
92.51559375
196.384703125
43.8094609375
2.31092236328125
76.168921875
84.472859375
157.609046875
17.583484375
33.4049765625
77.9031328125
19.25141015625
22.49338671875
2.669405029296875
19.143568359375
23.479056640625
70.3951015625
3.8471923828125
131.9091875
10.8132001953125
115.2783046875
31.923251953125
96.179015625
83.3056796875
11.257416015625
30.56964453125
53.939703125
25.13773046875
34.634375
172.089046875
151.29709375
23.4533125
36.626296875
480.776125
25.02560546875
76.6104296875
32.95533203125
96.217296875
46.43191796875
1.4163018798828124
123.7510859375
20.988947265625
39.07678125
124.5022890625
73.4946015625
34.009671875
29.34729296875
34.595484375
261.48715625
15.6074609375
47.78694140625
104.2321640625
21.480978515625
173.77021875
60.5619140625
133.105078125
56.87080859375
31.87538671875
183.4005625
11.8377060546875
49.16453515625
157.219171875
50.17912109375
33.91803125
4.46019287109375
17.87527734375
234.94115625
165.147171875
23.907224609375
38.0670859375
61.42941015625
135.95609375
88.203125
63.88605078125
18.867669921875
58.55385546875
9.1317099609375
98.80125
32.9786484375
92.83525
61.5725234375
56.91205859375
41.45261328125
236.581859375
15.2182138671875
15.7089072265625
183.729625
269.885375
29.48765625
81.2649921875
6.04240869140625
68.552671875
61.80914453125
12.2469755859375
35.39825
11.9668525390625
48.70699609375
21.5108203125
51.4268203125
135.870359375
24.237671875
180.236375
11.3807412109375
83.5305078125
117.6063203125
14.9203681640625
108.611078125
100.0371171875
40.848890625
3.591468017578125
112.9381875
58.62267578125
18.789609375
24.437970703125
23.021689453125
10.4671650390625
14.979302734375
46.61164453125
34.64309375
58.84790625
0.0
30.553201171875
0.717562255859375
36.03975
30.680607421875
39.7451171875
16.88946875
17.621802734375
83.40578125
24.08316015625
86.9168671875
10.572814453125
19.791509765625
91.5282109375
9.7534853515625
114.601375
61.561140625
26.996232421875
37.3504453125
228.059578125
31.711681640625
31.27346484375
11.6413818359375
213.0375625
124.7554375
146.2890625
70.6770546875
86.9391640625
100.5474375
73.975171875
4.404232421875
54.101140625
99.847421875
18.757212890625
15.9384072265625
247.511875
43.12726953125
39.42386328125
13.888072265625
119.0453984375
18.806359375
44.93151171875
29.324916015625
68.33015625
28.455662109375
63.895578125
19.13776171875
47.47141015625
36.19485546875
185.12575
52.4014609375
70.182265625
13.099748046875
25.187298828125
55.88991796875
13.2503828125
13.1164521484375
143.5695625
69.983875
88.2549296875
81.82275
16.1029453125
74.6725390625
39.26131640625
71.3396953125
53.03651171875
54.54762890625
41.956859375
125.28671875
105.187171875
123.0106796875
15.12231640625
4.0229755859375
109.8768125
43.19519140625
35.79590625
78.09484375
25.665990234375
114.7673984375
142.270703125
14.351927734375
8.7786552734375
99.10709375
90.0380546875
21.62849609375
17.527841796875
36.39073046875
89.2896796875
44.814234375
19.718158203125
30.28977734375
57.019234375
7.77618896484375
48.046421875
17.693634765625
103.2417734375
30.00601171875
20.554171875
43.161359375
119.4336640625
24.03565234375
28.557857421875
35.90260546875
52.4060234375
159.761703125
22.722912109375
121.7449140625
9.0241240234375
151.080609375
52.29466015625
3.7746708984375
51.61423828125
127.376984375
27.040998046875
19.362181640625
96.9013046875
86.6322578125
78.99271875
18.919654296875
97.7007109375
20.563177734375
58.4587265625
47.55746875
20.78125390625
50.648140625
30.592130859375
158.35871875
180.1153125
18.6405625
74.2169609375
13.298408203125
75.1940390625
16.039388671875
14.3684716796875
114.6407421875
84.57575
123.7452265625
72.8993828125
8.99165625
14.3871318359375
54.5500390625
24.4769140625
54.50638671875
184.640375
14.556552734375
70.7520546875
46.5737109375
62.0129296875
40.63765625
44.92400390625
88.5686171875
24.440953125
83.7435859375
18.030744140625
11.9454599609375
81.2388359375
70.22090625
98.6295546875
458.95803125
277.30796875
69.4408828125
7.78933837890625
71.6725234375
128.65415625
63.277765625
59.3977734375
232.8261875
63.12698828125
20.421015625
50.23225
171.580828125
9.2287451171875
172.683515625
42.62055078125
138.09925
134.55471875
40.56594140625
18.812107421875
90.3743125
152.558203125
34.46398828125
81.282140625
29.307076171875
133.253390625
168.93684375
349.9674375
6.41941748046875
26.640060546875
62.176171875
46.53120703125
106.852484375
132.44296875
228.610765625
82.8820703125
31.8131875
121.3237109375
34.6240390625
88.939953125
140.813703125
53.6495546875
28.058408203125
7.14238818359375
123.6524453125
71.7415234375
108.5943046875
85.1382890625
54.22296875
19.24425390625
29.407509765625
39.7588828125
7.82943212890625
22.77598828125
219.57475
9.095330078125
45.34874609375
364.82615625
32.0993671875
96.14990625
45.34512109375
70.7735703125
77.350765625
95.712046875
66.2210390625
67.388625
22.88213671875
20.47227734375
63.037921875
33.47829296875
236.3018125
57.3406484375
73.310984375
44.486109375
16.114689453125
43.2714296875
79.8549921875
20.211193359375
159.32509375
16.622169921875
44.11455859375
17.04821875
152.993640625
28.864884765625
41.5006171875
51.05503515625
68.117109375
56.21032421875
4.83954638671875
6.244236328125
37.2961328125
65.12637109375
5.03377001953125
79.47003125
111.0596015625
54.2535390625
164.60940625
197.559359375
38.11500390625
14.9111962890625
92.96515625
85.04996875
20.795068359375
11.36541015625
94.5008203125
147.825921875
17.717939453125
48.6804765625
16.545345703125
53.69447265625
47.52418359375
49.15199609375
147.918875
10.060849609375
36.25468359375
42.09504296875
22.4658984375
143.290703125
298.64321875
43.4515859375
46.96415234375
57.58648828125
19.55032421875
8.77598828125
12.0796591796875
217.75059375
35.97601171875
133.579015625
11.683822265625
107.1873203125
157.91446875
36.325125
55.5386640625
4.29265966796875
31.1656171875
54.1743203125
116.232609375
85.655578125
219.296671875
201.951109375
149.203109375
83.4114609375
93.5980859375
76.0248359375
56.1809140625
43.83510546875
290.7329375
12.939048828125
17.01516015625
123.00778125
62.9871484375
71.0056796875
58.8632890625
53.57648046875
41.762125
160.19259375
62.21184375
29.72333984375
52.9474296875
162.0979375
17.184583984375
96.5448515625
36.4449296875
131.948796875
89.2293125
15.9735419921875
134.780921875
35.22369140625
3.995947021484375
3.451412353515625
174.632109375
66.8236640625
37.1906796875
6.35207177734375
46.0145859375
43.4651328125
40.185203125
92.633875
26.066380859375
9.7527294921875
22.257775390625
38.4397109375
46.0723125
9.4063818359375
77.45175
140.351734375
3.39763134765625
20.982599609375
120.1048046875
251.542609375
22.811541015625
136.695734375
35.62904296875
252.832375
91.77028125
26.51908984375
194.752625
88.5524765625
86.5910703125
31.572380859375
16.9387734375
23.859185546875
21.948423828125
66.6661484375
63.10866015625
26.634501953125
84.178625
14.9663505859375
21.784029296875
37.99509375
50.09588671875
69.7513984375
23.30474609375
20.170373046875
13.913638671875
104.6769609375
44.6181875
125.6622421875
18.33282421875
84.1888125
131.490046875
11.2624423828125
5.78723095703125
139.594328125
2.923724365234375
55.58665625
41.45032421875
3.372259521484375
48.0013828125
28.48852734375
0.0
26.670181640625
30.46692578125
53.41775
51.53912109375
59.79248046875
21.29571484375
200.167984375
47.047609375
233.73834375
19.0920859375
37.80366796875
60.86631640625
11.3374990234375
13.3017900390625
83.912890625
190.914046875
117.3483984375
329.46134375
42.91090625
78.8774453125
57.57783203125
108.9245234375
105.34884375
63.8122421875
2.5093798828125
47.2455390625
193.169421875
194.65740625
15.2577705078125
57.74075390625
101.495859375
48.37326953125
112.512359375
25.285154296875
11.8625087890625
28.12760546875
23.50616796875
17.655841796875
5.39331982421875
107.6778125
157.945015625
43.823609375
321.15603125
49.7911875
22.1156015625
90.644984375
150.512078125
19.778154296875
106.8885078125
149.942984375
21.76495703125
71.5712421875
75.3583125
231.352171875
31.651134765625
14.7451640625
61.34191796875
179.63103125
69.7484765625
22.850458984375
89.5698046875
13.61384765625
42.4580234375
89.293171875
78.40515625
5.47960791015625
10.5428935546875
21.413328125
49.86127734375
76.123984375
54.76820703125
40.4661015625
90.1535
178.149234375
68.8629296875
19.576736328125
99.012234375
4.86065087890625
49.10561328125
41.779265625
18.51230078125
1.891082763671875
21.83977734375
4.246154296875
25.968978515625
21.393310546875
37.02427734375
110.384890625
32.1709765625
57.32353515625
117.87928125
115.5125625
40.29018359375
48.41416796875
20.7577734375
62.17224609375
7.47188916015625
4.45339697265625
96.3666484375
2.4912490234375
32.1938515625
0.887376708984375
11.0031025390625
148.10678125
44.2397265625
21.8336875
75.5690078125
16.33605859375
90.3690546875
52.6122890625
1.6031319580078125
118.054890625
57.8488828125
46.41108984375
59.84873046875
171.26653125
124.0179296875
5.89281201171875
120.02340625
64.59760546875
66.1954375
63.207515625
38.57066796875
6.186669921875
41.48960546875
64.7980078125
100.4906015625
41.4985546875
59.90777734375
10.2136806640625
74.731765625
223.528421875
326.36028125
98.408984375
27.114755859375
56.19930078125
163.777015625
25.497033203125
0.9245277099609375
17.236615234375
190.135671875
29.03740234375
178.636609375
78.983015625
73.3078203125
197.170453125
2.0298052978515626
49.75182421875
3.60092431640625
112.994671875
11.95585546875
69.3845859375
51.8488984375
65.12334765625
34.25872265625
53.37399609375
146.99
116.3896640625
6.9017783203125
61.5859609375
6.043486328125
28.046419921875
85.9788359375
225.659234375
32.481640625
59.0672890625
44.13561328125
6.328642578125
51.30512109375
187.483234375
145.450953125
5.58528271484375
137.834546875
68.769359375
91.8668125
15.793708984375
46.43822265625
9.0327177734375
40.0333828125
75.9730703125
21.8313515625
177.77665625
235.661484375
13.1664658203125
153.6350625
39.732890625
60.62411328125
52.6218828125
19.615505859375
31.007265625
50.18803515625
57.32552734375
7.668509765625
78.351140625
87.516109375
58.2698828125
34.30776171875
18.461162109375
2.24764013671875
105.396359375
186.93571875
77.2947578125
151.867828125
67.7442734375
82.9212734375
35.37715625
157.7333125
93.105484375
18.53794140625
88.458828125
9.372552734375
41.18653515625
28.871443359375
34.90393359375
46.34144921875
14.472845703125
52.74915234375
77.044921875
163.71675
70.9771171875
4.8141669921875
146.027671875
83.52246875
72.3317890625
269.8169375
23.25173828125
21.67920703125
74.327734375
44.75665625
41.99446875
13.8745126953125
33.79677734375
46.73582421875
19.876048828125
36.200765625
116.548671875
18.4139609375
437.15803125
15.8288203125
56.11385546875
49.26878515625
50.7818671875
87.3369296875
84.4106484375
9.21588671875
59.20837109375
76.8551484375
79.48803125
33.2051640625
189.691046875
11.7063720703125
130.5306171875
39.43971484375
170.75746875
37.26867578125
3.128650634765625
36.128265625
15.8659365234375
19.499046875
72.956078125
45.954125
188.942171875
14.8185244140625
103.4046875
40.9129453125
7.073791015625
62.18790625
121.616515625
7.400478515625
144.409203125
320.7576875
201.154015625
61.39608984375
21.651623046875
23.100248046875
45.28182421875
2.456146484375
44.5225
151.4421875
45.674484375
176.683015625
30.624201171875
15.75925
31.4562578125
15.499900390625
83.844328125
183.922953125
60.11246875
67.220234375
147.5839375
3.90348974609375
118.2163984375
7.63849267578125
50.81225
30.8571796875
30.0786484375
36.555984375
63.06267578125
32.4447421875
7.0917998046875
6.9921787109375
19.2377734375
1.6988787841796875
54.158328125
28.447705078125
52.78797265625
20.393646484375
18.24475
52.88289453125
25.174
51.60712109375
140.833375
91.6348671875
13.41903515625
38.46348046875
5.09324072265625
12.8647529296875
45.060328125
291.7251875
193.61353125
84.08296875
48.7985703125
139.6290625
115.97896875
54.32659765625
71.1519921875
167.964265625
44.34529296875
89.3107734375
8.6214599609375
12.902982421875
55.4387578125
34.17162890625
99.21925
19.5634453125
33.77014453125
107.783140625
45.639171875
148.465890625
53.00540234375
45.17280859375
98.8903671875
53.1501875
103.61575
39.53276953125
6.66923779296875
37.2066796875
51.0014609375
16.0705478515625
26.139599609375
7.07425244140625
47.049265625
11.306927734375
38.1443984375
37.17958203125
96.797953125
9.594630859375
16.2623720703125
280.308
149.935953125
99.0383515625
86.008234375
67.295296875
295.6804375
100.169265625
52.2236484375
45.25620703125
9.8826279296875
30.892447265625
38.14171484375
36.64143359375
46.6290390625
179.913953125
92.971515625
189.3664375
59.8407265625
55.0206015625
27.2811484375
65.29090234375
207.206984375
6.868169921875
7.9776162109375
3.63248291015625
128.1295078125
40.43841015625
58.503
57.3944453125
16.548662109375
19.151693359375
9.8645673828125
19.817294921875
117.424578125
8.2864111328125
79.3701328125
6.0067587890625
61.0286875
22.2825234375
5.78271240234375
9.1519248046875
78.719515625
121.3683828125
182.911859375
22.29565625
39.5614375
60.5333828125
60.53168359375
21.96266796875
56.0675078125
22.68569921875
97.78015625
47.23533203125
36.1518359375
4.4024404296875
21.9560703125
31.870740234375
47.79417578125
158.894375
4.34312646484375
14.2317646484375
102.213390625
27.507830078125
44.78820703125
162.17996875
68.4520234375
75.6400546875
53.3520078125
85.8574375
15.91881640625
56.7765390625
5.55955810546875
79.1518046875
67.8522734375
20.529005859375
45.89711328125
226.348078125
82.68559375
153.7759375
56.20275
53.32242578125
4.268287109375
46.087328125
36.7522265625
144.5934375
111.231421875
78.577171875
92.2095703125
123.9002265625
131.957828125
12.6871064453125
51.82619921875
34.35142578125
59.25515234375
19.57875390625
14.11896875
37.06966796875
14.2502041015625
10.757671875
150.307015625
118.8840859375
84.3339765625
82.032640625
16.615564453125
45.130859375
94.067328125
39.214328125
13.1206455078125
44.52480078125
42.1334140625
35.6939453125
136.760515625
72.2151640625
31.794859375
17.06700390625
158.041515625
38.30204296875
54.95988671875
28.219001953125
54.07580078125
98.7485859375
95.2508984375
33.95802734375
77.7334921875
31.2070546875
17.831091796875
124.43353125
19.37441015625
97.265765625
29.6687890625
14.3039267578125
170.965109375
106.150734375
135.733375
57.7701484375
14.458546875
304.06015625
55.22661328125
39.320484375
45.56576953125
42.68319921875
29.164267578125
34.48690234375
7.626015625
74.6360859375
60.35080859375
28.274005859375
151.991640625
32.472919921875
0.0
32.741400390625
18.493009765625
39.3376015625
12.6326357421875
249.2956875
25.705763671875
82.77546875
136.8024375
68.6434296875
37.5767734375
93.155421875
1.9063746337890626
138.01625
22.173962890625
16.78958984375
15.1409560546875
87.5085
290.9791875
28.980466796875
52.53243359375
23.8520390625
22.13358984375
226.389625
97.6435
33.2644453125
90.4662734375
5.99503515625
107.529375
94.281171875
42.00506640625
76.8366640625
16.50512890625
32.475447265625
129.6576328125
64.66
24.354853515625
35.41827734375
219.009125
298.65990625
40.16787890625
74.000375
36.84475
16.481736328125
26.859494140625
64.3078515625
51.804734375
33.24378125
44.4218125
7.89748291015625
23.2548125
22.77146484375
313.85984375
7.65660009765625
3.667601806640625
139.672515625
131.905765625
69.96896875
47.5474921875
122.8214765625
23.531185546875
65.9130390625
77.2564609375
72.109796875
100.8281640625
36.463671875
80.7208671875
73.4717109375
44.48230078125
63.68583203125
57.67183984375
8.6015673828125
17.53070703125
57.98006640625
249.68353125
108.149109375
63.72609375
231.836265625
26.76326953125
54.56867578125
42.082921875
29.995435546875
38.5909609375
31.492142578125
74.24446875
37.0900078125
98.3997578125
54.7583515625
130.7071328125
38.6558671875
3.164091552734375
165.904671875
68.260796875
33.96402734375
8.2801005859375
71.09934375
30.97806640625
9.830603515625
13.4183740234375
195.954
160.145
128.559015625
9.1238017578125
23.73658203125
18.928486328125
28.344671875
24.431765625
94.1408046875
9.5897568359375
44.922625
55.06460546875
179.6655
6.24079296875
70.7613125
8.7001005859375
176.113984375
132.480921875
116.152640625
91.802625
77.3709921875
104.345703125
69.5494921875
111.74753125
27.054298828125
10.720880859375
56.72069921875
37.27575
0.0
97.6201484375
71.4248515625
78.80978125
46.36547265625
127.45490625
6.92890380859375
128.469953125
23.2496484375
66.10946875
75.4481328125
20.49316015625
80.5588046875
72.025203125
23.250306640625
183.319328125
72.472546875
43.8803984375
61.43621484375
18.645142578125
33.464859375
75.282734375
121.2418828125
35.8820078125
45.08148828125
1.8985372314453124
56.62493359375
5.96924072265625
6.75600048828125
219.928125
286.47803125
54.51283203125
33.7026484375
89.445203125
30.3370859375
92.3055546875
31.57777734375
7.70478271484375
95.19303125
135.400734375
89.2860546875
6.003947265625
6.91487353515625
64.41172265625
4.16788037109375
11.2533935546875
91.946265625
49.870890625
25.5872578125
19.35762109375
5.78101806640625
48.26751953125
102.6175078125
12.9726259765625
110.510078125
56.65341015625
172.261609375
9.3171005859375
8.631521484375
39.77990625
168.5343125
67.4725078125
78.5245234375
10.432908203125
160.873796875
38.409734375
172.214546875
24.18781640625
36.46708984375
138.945546875
4.460998046875
81.7111015625
35.93444140625
182.997578125
18.750341796875
56.83053515625
20.593392578125
95.3886796875
71.6881875
7.5870947265625
74.218453125
9.399310546875
310.730875
3.143166748046875
97.5059140625
71.1775078125
127.9605625
82.9856328125
34.86623828125
112.1573203125
97.141921875
30.9460625
88.636515625
12.9974013671875
69.7599609375
43.6844296875
98.239125
188.26265625
61.866359375
54.53254296875
42.65241796875
88.7629375
36.96838671875
71.3563203125
5.69634521484375
41.63391015625
105.828046875
3.046111572265625
94.63271875
111.7940625
23.242626953125
67.865578125
97.539625
50.0081015625
83.48659375
123.1896328125
51.74103515625
33.63216015625
12.1188359375
105.91259375
56.4528671875
37.80673828125
14.1588740234375
239.5313125
80.2924765625
18.91658984375
140.873859375
137.53903125
60.4118359375
9.5507734375
11.194033203125
99.040765625
99.411484375
83.613796875
56.55133203125
26.208119140625
155.110484375
87.611015625
170.17165625
44.2747578125
19.982869140625
38.63239453125
63.90999609375
66.5849609375
27.92503125
323.05325
94.4408671875
13.940841796875
15.12140234375
14.297845703125
46.63020703125
148.714140625
21.153271484375
50.36163671875
82.85728125
167.14265625
78.3165703125
11.613884765625
321.3126875
25.142923828125
58.430953125
203.178734375
107.9303671875
54.93694921875
36.291890625
87.9673125
8.587853515625
98.319484375
44.318390625
83.2234921875
184.80515625
0.9150912475585937
12.695669921875
220.737984375
33.61992578125
2.701076416015625
58.86703125
73.3448671875
50.87888671875
27.878005859375
17.077509765625
7.1801787109375
9.6526572265625
52.65915625
26.027068359375
33.8522421875
114.374953125
67.313453125
6.62773828125
39.0850859375
5.278958984375
24.94079296875
60.380765625
20.062861328125
79.571796875
27.95016015625
9.40028125
185.6565625
44.239671875
178.04003125
77.3086015625
2.798697998046875
46.9559609375
85.98215625
46.161046875
17.998607421875
58.7769765625
38.2093359375
74.016859375
55.0974609375
48.51618359375
31.689806640625
56.351625
44.79781640625
41.21108984375
24.88784765625
21.397892578125
5.712359375
19.40592578125
33.83115625
13.67208203125
7.03086865234375
12.3871689453125
126.32159375
21.1241015625
50.614765625
38.71467578125
47.182140625
6.4184853515625
165.636046875
43.58671875
185.11109375
102.287109375
62.645140625
90.860453125
147.123359375
96.4464296875
52.725859375
4.02463427734375
59.27370703125
67.8603984375
27.545416015625
32.454392578125
8.927384765625
23.726609375
132.081578125
50.5654453125
71.36275
25.354578125
34.96525
41.52815234375
2.200194580078125
40.6565546875
36.34947265625
32.8632578125
82.5449453125
105.2628984375
52.65187890625
52.180453125
12.1152333984375
144.583671875
220.775546875
19.849189453125
60.771671875
39.930078125
94.5411484375
69.5550546875
126.5610703125
150.601390625
96.1877421875
9.466435546875
26.981740234375
37.71866015625
81.7668828125
36.61019140625
75.4918828125
41.334671875
76.124078125
124.3380703125
37.130671875
20.639154296875
283.96521875
29.060326171875
7.23322216796875
33.94181640625
88.2389375
78.9188203125
11.661318359375
126.19928125
95.5630859375
39.4100390625
7.4851728515625
10.329638671875
19.033869140625
91.510625
44.63832421875
196.9781875
41.5561015625
38.6330859375
153.51021875
20.092513671875
205.7489375
148.27753125
110.984125
60.57736328125
89.035875
121.6711171875
79.4442421875
3.574464111328125
127.4219140625
113.207875
77.58446875
209.41409375
70.401765625
103.9176796875
83.6708515625
92.6533359375
125.7069375
71.4261484375
19.228443359375
23.841427734375
23.161376953125
5.7781298828125
36.64223046875
9.9155205078125
17.113849609375
125.8054609375
46.5542109375
25.19732421875
307.418375
22.952666015625
173.54128125
44.1142109375
5.5002236328125
100.4463359375
104.5170546875
25.723830078125
159.761453125
5.20071142578125
60.25640625
48.01853125
125.5928984375
281.25478125
44.85738671875
93.6733203125
68.2913203125
38.37404296875
100.717046875
46.15877734375
73.4320078125
35.09659375
49.287421875
15.6619677734375
41.83930859375
4.14189111328125
36.22566015625
51.19908203125
69.559328125
54.51048828125
28.836236328125
74.507515625
35.001625
43.26517578125
83.764140625
40.77427734375
121.36471875
12.286521484375
38.4591875
2.46047119140625
100.129671875
185.757015625
62.356734375
4.6527548828125
104.7981328125
101.03378125
62.3710078125
70.6228671875
14.7689560546875
115.048578125
121.7033828125
50.071234375
2.208632568359375
44.1228828125
49.10622265625
27.96423046875
12.45725
24.3127734375
127.2831796875
22.322703125
238.8248125
360.06165625
221.38275
48.681796875
66.34215625
48.90365625
51.12080859375
183.3645625
11.04386328125
53.3012734375
16.06244921875
67.690546875
25.3411171875
316.82
122.568421875
76.0493203125
43.7276015625
46.77950390625
21.47538671875
219.043453125
22.109369140625
127.5431875
8.3583076171875
75.347046875
11.135453125
16.5782109375
17.010228515625
88.79590625
14.1719560546875
6.44416650390625
24.283271484375
115.68784375
135.986046875
7.05258447265625
25.725392578125
66.1167265625
4.24634033203125
27.740123046875
23.443982421875
27.754314453125
59.03575390625
70.0766328125
83.6815390625
3.841909912109375
6.409955078125
71.07940625
18.96655078125
66.1004296875
23.942333984375
7.41823095703125
73.4343828125
12.5655205078125
226.837203125
3.639428466796875
48.4128359375
28.5743515625
49.15646875
25.17661328125
49.18435546875
185.828546875
73.1928203125
28.767927734375
92.4487578125
90.5003125
219.78284375
57.77263671875
170.91721875
4.7332314453125
136.64734375
75.4878515625
67.3258125
69.1988671875
52.73327734375
61.181359375
24.614220703125
88.5096640625
28.463849609375
10.824662109375
41.25450390625
52.2811640625
13.854529296875
51.3606015625
202.58975
227.2928125
35.20844921875
74.067375
155.430421875
246.541953125
4.1133779296875
54.09374609375
136.335265625
169.62203125
9.6588154296875
47.5915703125
11.621787109375
111.616390625
29.2289609375
3.8885556640625
314.6345
96.8971796875
41.76526171875
9.304736328125
62.2283515625
50.0504609375
9.110015625
149.36925
101.461171875
195.519640625
233.184640625
161.78771875
25.707681640625
124.1401875
95.396328125
153.0319375
72.18990625
66.02728125
28.432125
103.40609375
20.5219296875
15.3392861328125
5.79427978515625
176.837453125
5.565966796875
80.3223359375
11.033251953125
71.8525390625
120.1148203125
131.576390625
48.9699765625
17.75195703125
91.6048203125
16.569783203125
27.513626953125
14.61788671875
190.92265625
21.54673828125
68.16559375
38.5958125
63.20691796875
190.02096875
12.439212890625
38.11633984375
13.916837890625
119.2660234375
53.46351953125
2.99494921875
67.16946875
59.38876171875
75.1971796875
46.9981875
13.760765625
57.082578125
56.7203671875
19.852927734375
42.0791328125
199.471640625
16.1211201171875
15.574873046875
70.446609375
10.580416015625
15.1123896484375
138.6723125
59.32426171875
48.306671875
77.9182890625
88.1386640625
26.86458984375
58.321625
53.56691015625
112.99078125
46.42330859375
47.622
15.0490029296875
85.8345625
5.6770908203125
57.59148828125
22.072390625
13.27785546875
100.2974609375
9.28571484375
41.98792578125
8.7857431640625
55.80205859375
94.359015625
65.8205
54.403109375
87.45125
209.225078125
103.4174453125
51.24776171875
14.527328125
57.5229765625
30.487396484375
77.864640625
5.10535009765625
36.5326015625
7.13531689453125
12.6048466796875
80.446671875
44.43897265625
102.3497734375
111.2363203125
55.47004296875
37.11368359375
39.32823046875
31.321392578125
50.33505859375
27.989310546875
118.822171875
16.998484375
66.3200625
27.64943359375
50.4865234375
43.197875
60.4305390625
147.016015625
20.5066640625
128.5861484375
111.0428203125
16.48336328125
64.20700390625
33.99283203125
42.119453125
50.21959765625
232.314546875
18.780658203125
45.2240703125
48.49894921875
43.0136640625
28.9570546875
257.215734375
36.97803515625
21.866875
11.99497265625
10.05071875
41.03455859375
237.202296875
78.1019609375
118.5186171875
8.460482421875
81.9608828125
45.244890625
25.219009765625
104.6469375
97.241296875
91.5748671875
14.382681640625
37.771328125
143.05325
33.077109375
174.039203125
63.441671875
103.718734375
52.00972265625
15.1161591796875
153.740828125
58.77702734375
107.45559375
56.78737890625
33.09440625
148.349078125
85.7213515625
77.26578125
34.53869921875
10.3735908203125
142.471328125
27.259955078125
237.99178125
25.122080078125
12.3298056640625
100.691953125
174.472
54.529609375
20.639646484375
97.4906796875
52.02734375
2.41593896484375
41.69865234375
13.441673828125
44.449734375
296.83971875
71.27015625
163.2045
174.71828125
9.0726611328125
64.60204296875
107.44046875
131.89084375
2.178496826171875
49.1098984375
72.6263125
151.513953125
6.09572607421875
38.353453125
1.1564041748046876
57.451515625
45.583390625
129.310140625
23.076966796875
103.3950234375
64.3681484375
9.851107421875
7.691673828125
50.888578125
64.03628125
114.90796875
36.38737109375
13.62248828125
74.445171875
50.94778125
107.0467890625
8.9266357421875
20.0530078125
57.155515625
16.051779296875
100.4083671875
91.375125
149.332234375
278.4843125
101.180421875
58.681484375
97.0468203125
30.043751953125
4.730232421875
146.81059375
43.5158515625
79.2954765625
20.4278828125
21.41418359375
50.93660546875
88.13184375
55.43325
64.92698046875
103.8880078125
58.54015625
8.4700673828125
90.7171640625
30.6971640625
61.88937109375
42.71801953125
3.51785986328125
40.75934765625
154.352625
29.517642578125
18.673291015625
21.234765625
19.514478515625
33.34475
63.6295546875
14.0960712890625
45.11837109375
112.9687734375
34.81454296875
80.65978125
314.705125
56.97382421875
212.857640625
122.396875
251.634734375
221.078875
183.3588125
17.87709375
59.73044140625
28.695380859375
35.4190078125
31.63663671875
24.42080078125
91.198734375
38.8039765625
24.722912109375
65.5961171875
108.2630078125
126.090640625
35.51135546875
36.19897265625
97.591265625
10.796884765625
38.54320703125
32.8862109375
71.59315625
130.034453125
44.892734375
118.3488984375
54.9629765625
145.81915625
61.09994921875
13.13694140625
83.8544453125
124.5818125
97.6517578125
6.1872734375
50.0606484375
105.0565703125
50.25689453125
23.4909921875
14.8848876953125
66.361796875
304.67221875
28.699060546875
59.89516015625
52.733421875
102.4376328125
16.950529296875
55.66360546875
48.9771953125
51.44809375
35.750765625
262.978625
14.0445556640625
150.28353125
5.59019091796875
49.83540234375
58.36772265625
10.349662109375
81.820890625
89.75915625
6.09862744140625
57.892171875
23.727271484375
71.3734375
4.58743994140625
42.5321640625
36.27710546875
19.388783203125
6.66893798828125
27.6929375
18.55878125
48.79395703125
6.52487841796875
101.5511328125
15.0163720703125
52.7017578125
118.2573828125
186.87165625
54.71798828125
66.6335703125
96.489265625
106.1925859375
19.475078125
114.43715625
118.1548359375
30.8381328125
68.042828125
15.1597822265625
169.26509375
27.29236328125
81.5618125
12.3198974609375
136.493203125
9.562171875
7.71148193359375
111.3166171875
14.402830078125
26.3940234375
182.498734375
38.96995703125
12.5946767578125
51.99965625
26.2840703125
1.4358837890625
40.23266796875
19.223458984375
169.251578125
91.6856796875
0.0
34.172265625
151.846890625
115.196890625
216.983578125
63.83600390625
32.483822265625
4.2311630859375
32.8685703125
122.3228984375
41.17493359375
11.1357734375
24.758685546875
126.335203125
86.3696484375
95.1709921875
106.1372734375
34.42379296875
145.394
18.221177734375
202.376390625
11.172052734375
14.408849609375
33.40940625
46.23655859375
99.287421875
25.93219921875
49.68197265625
8.12198095703125
0.0
11.176544921875
56.7731171875
38.74040625
5.3862734375
132.570578125
54.5071640625
51.66519921875
125.2256875
236.21896875
5.9182216796875
149.498359375
130.608265625
176.89665625
51.59738671875
7.02465478515625
38.9721015625
100.789453125
15.2496533203125
6.60440478515625
52.2323203125
15.38414453125
24.856958984375
34.742453125
7.72298974609375
3.072967529296875
151.772984375
86.4850390625
120.1631484375
29.976150390625
9.3084560546875
39.8072265625
107.8398515625
25.68046484375
109.9779140625
49.8338984375
8.82241796875
136.044078125
35.82362109375
66.5012890625
40.53994140625
22.83572265625
50.851515625
183.2233125
62.88676171875
94.5545546875
43.4051171875
65.6462734375
60.7427109375
50.4575234375
92.60615625
31.747294921875
80.0380078125
33.22550390625
7.5698828125
18.800650390625
80.4126171875
32.44262890625
79.6233046875
89.5096953125
33.5049609375
137.048703125
40.552703125
66.7166640625
20.00373046875
30.521333984375
44.8940625
11.505263671875
12.8577421875
6.50814501953125
65.740671875
21.692763671875
2.453639404296875
37.86258984375
125.6266796875
89.525875
89.9898515625
66.803953125
14.7675869140625
81.9481484375
80.1782578125
61.7959765625
79.5558515625
1.2217147216796875
42.775015625
44.18185546875
34.57512890625
52.56953125
25.83773046875
10.074716796875
172.9775
42.3691015625
62.7698125
85.4502109375
313.53634375
64.30437890625
8.4407861328125
91.472390625
9.257703125
13.2509033203125
42.2877109375
17.459833984375
84.29075
66.8094921875
101.1256875
3.874278076171875
101.0666640625
52.88633984375
120.1170703125
16.3344970703125
40.86631640625
21.678076171875
51.845515625
67.751359375
108.8949296875
14.89888671875
152.393421875
26.5053515625
25.430810546875
32.050228515625
42.97476171875
93.6307109375
97.492203125
19.117083984375
72.8803515625
167.34375
12.1061455078125
35.61198046875
77.274046875
12.49325
122.05653125
26.2223515625
97.2363359375
210.45590625
60.9805390625
23.87112890625
83.1039140625
204.7741875
37.9977578125
14.781712890625
21.650103515625
40.48268359375
24.695595703125
149.054265625
127.7986328125
51.9140625
147.9104375
117.9060546875
45.49410546875
78.424484375
110.2532734375
32.587021484375
81.3296640625
37.52315234375
88.9569609375
85.634859375
1.6062410888671874
89.0738203125
111.0893671875
150.3779375
44.3539453125
99.368546875
17.7999921875
48.689421875
68.5926796875
59.441078125
73.1952734375
70.4189296875
25.40984765625
143.73465625
9.8467099609375
42.20806640625
108.445875
58.40021875
93.714421875
57.4369921875
14.2357138671875
64.093375
246.880609375
8.3672265625
13.9692939453125
263.98115625
9.4420390625
6.54215771484375
21.619490234375
40.33152734375
311.86784375
296.3838125
108.5916015625
32.278619140625
16.0919267578125
2.086919921875
100.833828125
7.090466796875
77.919078125
31.36132421875
123.0012890625
11.9420703125
45.00263671875
31.857494140625
44.23215625
101.215734375
30.320361328125
30.569830078125
