37.6351328125
21.951865234375
13.2593125
23.23058984375
14.3900537109375
47.61116796875
62.47599609375
8.59281640625
69.903046875
39.733109375
194.457921875
26.5447890625
38.64951953125
51.72125
26.251244140625
55.6457265625
46.7585703125
25.7545546875
22.104978515625
62.9680859375
184.883890625
7.96439208984375
12.2444404296875
43.0382890625
65.709578125
107.8450078125
12.4099443359375
191.797390625
228.90634375
39.0806953125
86.060625
66.5934140625
8.6353291015625
3.44565283203125
46.9580234375
161.936859375
22.1460859375
10.433640625
27.729322265625
127.013765625
143.32846875
40.69534375
193.202515625
132.912078125
23.6093203125
336.67634375
49.78544921875
11.2972978515625
70.8873359375
110.7978125
71.8768515625
34.2267734375
27.222478515625
81.1590390625
202.95496875
343.7300625
33.54944921875
36.197421875
27.428783203125
35.3682890625
4.205365234375
91.6151171875
2.09164794921875
63.0986953125
202.41578125
157.499765625
56.13307421875
22.423482421875
106.2607890625
126.71765625
56.71949609375
111.931125
63.475484375
221.91325
3.399291259765625
35.20549609375
18.3196171875
28.098642578125
85.43503125
191.788140625
94.4822734375
53.56966796875
35.44279296875
11.828767578125
32.86766015625
2.33112646484375
22.08528125
74.6874296875
50.19323828125
12.13565234375
26.0672890625
78.5613828125
19.558611328125
57.1353515625
123.3499609375
30.431173828125
6.09274755859375
35.69288671875
82.1947734375
63.56556640625
46.9247421875
83.4410859375
43.060546875
51.0985703125
52.25269140625
42.74393359375
60.48875390625
220.033078125
131.29125
109.5339140625
359.33225
129.7097265625
66.1648046875
26.412314453125
43.740921875
33.1572890625
109.826875
165.103890625
77.0560859375
121.673390625
14.6996025390625
5.93283154296875
22.971724609375
27.50243359375
75.83196875
3.15203466796875
17.7691015625
6.9656484375
75.8679609375
29.425533203125
38.80706640625
48.29616015625
10.660779296875
190.9753125
81.163203125
36.64919921875
112.2876796875
133.37384375
12.79516796875
22.74946875
5.49448095703125
36.63061328125
268.09203125
91.8455546875
94.3968046875
20.839814453125
54.43974609375
25.612001953125
66.261890625
66.43546875
76.8422421875
5.0611533203125
18.8975234375
71.47315625
3.39944287109375
10.4274697265625
59.05826171875
14.756201171875
18.96376171875
186.46953125
35.182140625
76.85509375
57.85610546875
112.7635859375
6.605525390625
22.18951171875
153.14390625
8.7204951171875
99.2135703125
45.01048046875
11.526060546875
1.884222412109375
20.403296875
24.4795625
39.06762109375
5.135935546875
175.938390625
103.9368203125
61.63496484375
24.7001875
15.00717578125
13.9913681640625
28.1276484375
174.274625
89.8946640625
38.56625
114.500578125
42.01733984375
6.75527685546875
52.3394921875
80.357734375
84.9174765625
48.9080859375
26.035162109375
29.21076171875
135.142359375
15.576349609375
29.11149609375
29.681595703125
27.35898046875
2.02900244140625
18.558798828125
82.3561328125
299.5529375
55.11627734375
53.8253203125
34.26212109375
42.95473046875
66.67621875
11.11830078125
54.545890625
23.2321640625
30.978201171875
77.541640625
23.877384765625
10.3638271484375
193.21615625
85.768
456.409375
149.185453125
20.46409765625
56.478671875
255.175765625
63.8439375
41.5303515625
29.539095703125
132.4815
55.95868359375
70.3396953125
85.4089375
18.785158203125
81.6399140625
69.7561171875
49.88208984375
70.5666015625
41.1614453125
90.906328125
93.7003515625
10.419513671875
95.0758046875
7.1292314453125
61.0377734375
11.6440087890625
60.09546875
57.795890625
60.34719921875
58.51703515625
41.77198828125
101.360859375
43.835625
48.536171875
71.9543046875
73.138140625
97.8538046875
20.824923828125
4.30231103515625
29.07461328125
107.256375
53.43366796875
33.10344921875
9.9287841796875
49.410046875
40.22803125
24.980625
15.281138671875
130.9652890625
4.5828056640625
78.87990625
5.485068359375
107.5968984375
91.54521875
32.478138671875
46.46846484375
27.890619140625
34.5003828125
89.7365546875
8.2519130859375
88.33909375
39.82434375
11.45803125
22.95796484375
0.8420883178710937
81.96075
20.500478515625
63.722890625
7.2117666015625
41.2332890625
137.35909375
114.1985078125
83.614703125
16.408810546875
76.2133359375
2.902283203125
33.3864765625
2.31198291015625
113.1795546875
37.79459375
33.213625
65.7698828125
53.57765625
20.134794921875
112.3412890625
16.0697255859375
44.4953125
64.99542578125
48.13962890625
50.2062734375
18.104353515625
16.532240234375
40.88696484375
28.441572265625
23.8988671875
14.1823193359375
51.620234375
106.905578125
53.97555859375
49.982765625
50.9743203125
33.97134375
322.317875
46.9772109375
101.951375
12.064146484375
41.6061796875
107.7060625
33.842453125
110.351109375
46.87091796875
33.40634375
41.456875
92.390984375
8.839951171875
19.79829296875
35.27989453125
64.0566640625
0.0
50.9717265625
3.274487548828125
30.8656171875
24.24339453125
39.8786015625
58.25221484375
207.4506875
135.308953125
32.758859375
31.359509765625
77.86740625
58.92212890625
127.2529609375
57.72278515625
49.29604296875
15.5359697265625
234.66834375
7.7922822265625
91.9195625
22.9463046875
16.1148828125
126.8671953125
15.6467138671875
113.2283984375
105.199703125
6.41710595703125
87.2722265625
24.175310546875
122.7418515625
176.074625
8.8289580078125
114.603578125
64.504171875
10.9845869140625
28.401619140625
61.1493203125
95.8285078125
93.210609375
63.89095703125
160.070640625
14.6614775390625
103.98503125
75.4079921875
43.3404453125
13.700150390625
125.67109375
0.0
156.181546875
94.9729609375
258.241375
46.1542265625
19.495537109375
72.93478125
42.34615625
30.29735546875
31.078626953125
46.31069140625
90.926484375
85.9777734375
91.8340859375
137.360453125
10.750099609375
1.6350772705078125
21.42871875
24.2236171875
110.1539296875
25.9361171875
60.99285546875
116.269171875
19.697837890625
142.5358125
95.1544609375
8.984416015625
48.65256640625
9.2602734375
127.2534375
130.4299765625
94.650796875
47.34605859375
11.238291015625
77.541484375
50.18444140625
3.004710205078125
27.428283203125
1.1954888916015625
46.4505078125
54.46983203125
139.360765625
58.50430078125
38.53019140625
24.487453125
9.36724609375
121.0859375
47.47675390625
37.84046484375
17.269380859375
20.234818359375
7.58960498046875
19.863380859375
120.124234375
52.827296875
9.7696416015625
39.91319140625
87.8787265625
46.0595
37.937578125
138.77009375
133.400453125
10.50605859375
10.3171728515625
144.29515625
19.625314453125
157.278546875
68.43665625
41.13215625
53.2236015625
3.633611328125
26.92567578125
3.241031005859375
353.42790625
176.22084375
55.996875
11.915341796875
21.29508203125
43.36337109375
9.3254619140625
85.3852890625
40.6113203125
30.00793359375
140.00625
26.718296875
27.611908203125
45.55555078125
0.0
52.6134609375
143.79653125
12.590046875
161.10203125
27.689015625
25.341650390625
14.2410791015625
36.84957421875
47.3805859375
54.5922890625
32.20720703125
21.898189453125
18.377255859375
56.25646875
80.6215859375
239.426078125
90.8462265625
12.4056025390625
61.281984375
15.9555703125
66.218421875
133.435
29.773
193.79603125
100.9313828125
65.6896875
136.54959375
92.5394921875
25.81974609375
25.278203125
61.066109375
25.546900390625
51.296484375
120.3828984375
39.74387109375
239.106109375
54.11830078125
84.303515625
204.385484375
80.0923671875
52.97665625
84.408359375
26.18259375
171.451453125
3.522456298828125
62.14526953125
242.66165625
9.9597470703125
2.070473388671875
91.1681953125
58.64677734375
115.1822109375
6.32088720703125
125.1558359375
22.427322265625
89.1810859375
22.647876953125
56.7829375
69.2025078125
41.50750390625
134.289140625
14.4080302734375
8.3576904296875
52.37499609375
169.13896875
11.378279296875
108.53359375
61.10086328125
41.32374609375
69.116609375
52.62826953125
64.642984375
16.211955078125
185.99925
42.05930078125
40.74016015625
203.171984375
41.389453125
26.69866796875
54.175015625
70.341703125
30.1161953125
150.156875
22.803935546875
63.48378515625
134.351140625
38.01346484375
107.3488359375
17.32497265625
82.5035859375
262.81028125
92.6239453125
59.8125
23.32441796875
9.131658203125
319.20425
21.89212109375
151.63203125
67.8140390625
81.4059140625
69.2035703125
7.59728955078125
297.93646875
22.9814765625
52.2759765625
123.7662265625
1.25501416015625
87.8642265625
22.36007421875
59.71019921875
127.9183125
23.68785546875
109.27428125
10.8745791015625
37.20546875
22.909939453125
131.521875
103.2399375
93.23603125
137.339609375
4.34453173828125
48.96292578125
103.793359375
13.929646484375
48.51534375
48.548
7.3695068359375
97.67225
32.4946171875
155.263875
26.2211640625
38.2289140625
65.2463828125
88.024171875
13.2394541015625
22.249576171875
40.55839453125
19.3804765625
133.509765625
137.07934375
177.950875
34.2445078125
25.021474609375
133.8711875
215.360890625
52.34390625
54.31044140625
37.7991796875
105.790984375
7.69406005859375
64.21208203125
174.16625
100.5368828125
69.7639609375
3.693434814453125
6.45939599609375
4.18497119140625
52.16993359375
27.772599609375
308.64553125
5.6106328125
39.72784765625
75.7631640625
2.420483642578125
70.8689921875
196.11315625
30.931953125
76.3734375
11.2240888671875
31.38073046875
15.07159765625
27.030025390625
44.56533984375
8.929568359375
43.2037890625
207.039265625
4.15029638671875
99.9471328125
43.6571875
67.7073515625
203.89228125
2.764198974609375
41.1318984375
121.9636953125
53.31747265625
56.6898203125
62.894328125
115.654046875
18.414748046875
133.073734375
23.324052734375
17.239119140625
16.15215625
16.969634765625
75.083171875
49.187359375
81.079
56.77251171875
7.67662060546875
5.6681298828125
33.6115625
42.62311328125
53.69471875
218.7423125
118.038703125
13.6033291015625
13.2485478515625
37.64225
53.696515625
34.64414453125
311.90178125
71.8653515625
97.3784609375
19.256134765625
54.000625
65.816
24.1177578125
43.55896484375
218.143375
22.91587890625
37.34898828125
216.981484375
62.955484375
13.6421337890625
35.48708984375
69.8864296875
110.94675
96.787484375
25.07136328125
86.843765625
61.341984375
17.14382421875
14.4896337890625
62.02115625
83.3584296875
45.82401953125
181.711390625
21.7261796875
40.59918359375
46.36148828125
33.71505859375
126.101453125
55.07693359375
104.652625
61.54238671875
9.4656494140625
101.91875
28.574783203125
82.5785078125
32.94550390625
46.90701953125
32.8427421875
54.48181640625
67.493921875
118.3830234375
26.097669921875
78.2717578125
119.94728125
169.503640625
20.02640234375
14.4071083984375
65.18197265625
49.45777734375
51.943
32.648595703125
128.12596875
51.0769375
31.141890625
38.8784921875
183.80915625
69.71790625
100.684203125
40.66105078125
10.597240234375
27.816509765625
51.697921875
117.7164609375
46.26480078125
37.24377734375
75.0352890625
22.80765625
11.5743125
97.7244765625
84.4547890625
73.106125
86.8851796875
10.6972783203125
42.4983125
55.221484375
147.434453125
48.23973828125
89.872296875
3.8776591796875
6.906033203125
153.98728125
58.27241015625
138.402578125
81.0153125
47.7912265625
246.579640625
34.53078515625
117.768078125
34.5599296875
46.75790234375
3.444015380859375
60.985859375
68.8004609375
62.7706484375
118.6737890625
83.1225625
44.25224609375
30.309091796875
68.59328125
19.028619140625
8.6576650390625
184.474984375
10.0144423828125
24.731697265625
17.819345703125
15.9290107421875
56.42028515625
14.0784345703125
94.502546875
53.10521875
8.2111806640625
82.6997265625
49.58226953125
220.37621875
6.2987138671875
52.01965625
44.35870703125
30.0610703125
4.88606689453125
88.48134375
13.1438486328125
71.02815625
13.969837890625
112.0622109375
10.4065068359375
21.751720703125
251.963109375
98.18475
50.5045625
193.1585625
285.39346875
120.4673828125
26.39676953125
235.22103125
12.205369140625
19.48740234375
9.725658203125
35.09423046875
82.9144921875
30.4991796875
240.20496875
82.3125703125
133.522734375
82.5029765625
94.2158125
5.532076171875
48.54410546875
80.1232421875
27.8443046875
85.8151875
93.2955078125
23.11850390625
37.800203125
108.7292109375
74.6336328125
66.138515625
136.31646875
103.8913515625
39.246875
60.9121484375
114.8248359375
69.6141484375
108.8149921875
98.470703125
2.2462998046875
34.528125
52.13901953125
146.8795625
14.7410625
18.490267578125
48.03404296875
109.0085859375
6.7233427734375
26.40645703125
81.7883515625
34.89144921875
61.88841015625
13.2339462890625
78.7116484375
8.9865302734375
42.95068359375
193.397953125
80.8774609375
30.900265625
24.263529296875
11.7694140625
135.263
41.37855859375
29.831525390625
60.12478125
207.0673125
54.3103125
59.32387109375
60.363015625
36.636609375
64.7195859375
107.9889609375
7.83513916015625
65.868109375
112.946625
5.7622841796875
42.857109375
23.351197265625
54.61821875
63.49300390625
198.2808125
60.449328125
65.0870390625
301.76228125
46.2645546875
126.1037578125
127.44359375
31.26746875
198.849375
119.297515625
34.9489609375
21.353080078125
54.24909375
33.62318359375
76.5568828125
50.66907421875
241.386859375
129.7544453125
155.8385
58.74755078125
273.20696875
33.196140625
61.7666171875
17.931708984375
7.53713623046875
23.91843359375
80.8818828125
0.9296309204101563
3.357345947265625
28.24741015625
20.5159765625
54.152765625
12.0080771484375
152.58040625
13.4559677734375
32.6636953125
92.848546875
23.752048828125
38.423828125
8.09202392578125
42.44337109375
66.211640625
18.441912109375
111.721015625
38.5653125
66.17953125
40.1546015625
12.371091796875
185.251171875
163.773171875
10.5667587890625
70.0513671875
59.8031171875
21.063333984375
260.2736875
9.3666552734375
96.2969921875
5.0673984375
40.32470703125
65.6493515625
15.59523828125
5.12210986328125
24.2698125
259.6513125
135.692515625
102.756296875
22.691388671875
49.37296875
28.2603046875
63.4989453125
63.385796875
145.3713125
42.28495703125
5.52993017578125
5.76741455078125
41.42922265625
161.689828125
153.6281875
31.257892578125
106.5968359375
196.636265625
42.9566875
50.1804921875
160.89840625
105.9659375
49.9446875
67.137703125
26.26231640625
102.638421875
68.759890625
7.0770771484375
28.195966796875
11.2881494140625
14.30722265625
67.53253125
14.6404169921875
69.2368828125
36.75966015625
240.87940625
17.293154296875
112.5547265625
63.13805859375
5.66514990234375
26.9999375
113.0778203125
27.646650390625
107.8515859375
41.10075390625
29.22544921875
287.300125
41.8773984375
39.0482734375
143.238828125
22.686140625
134.01321875
127.576796875
96.0181953125
26.3372421875
24.58400390625
64.31262890625
87.878140625
34.72559765625
52.0948203125
38.61265625
59.22061328125
13.9052626953125
230.114953125
17.735744140625
101.408734375
23.93087109375
92.955140625
29.57755859375
209.19503125
28.258384765625
136.559671875
71.0348515625
16.1117763671875
3.628296875
77.1302265625
73.47896875
84.51275
163.228171875
30.8085703125
235.468828125
40.31588671875
23.8876953125
87.7192109375
170.525015625
44.3650390625
122.481640625
194.0475625
144.91325
3.014135986328125
96.976359375
2.50339453125
77.6276484375
39.665625
151.659125
73.44415625
90.3469375
41.9016328125
66.2384296875
49.89996484375
72.6926484375
25.874451171875
37.3544921875
106.43909375
22.035373046875
68.9724375
39.33586328125
15.3094794921875
24.178923828125
16.1061298828125
105.4534453125
11.6833330078125
32.12949609375
97.95040625
84.2078359375
109.785171875
52.70430078125
36.45323828125
42.40664453125
83.46128125
94.0518046875
71.751078125
77.73959375
84.5250625
67.20390625
91.4261328125
81.518078125
116.7902109375
218.324546875
105.515640625
64.01709765625
297.15525
368.49125
16.9675625
59.81664453125
90.4430625
20.694150390625
49.63276171875
58.55427734375
89.045953125
85.6669140625
73.4776875
9.6716787109375
184.0864375
309.93815625
26.8799296875
103.486984375
389.2570625
65.8205
48.122234375
82.8524375
30.003708984375
30.78362890625
51.6483828125
10.249412109375
54.01118359375
16.875017578125
64.967203125
86.3199296875
86.2543359375
77.5072734375
42.67491015625
60.35878515625
48.406109375
14.0391005859375
64.01029296875
31.92434765625
275.043125
251.164234375
188.5504375
10.5092841796875
119.031953125
55.64183984375
32.92388671875
12.416591796875
136.926703125
341.08996875
103.1624296875
7.17698291015625
33.0290625
39.7332109375
36.6607109375
11.3246396484375
7.65008056640625
27.888267578125
28.758658203125
126.981421875
11.4743095703125
20.90534375
90.8089296875
33.34039453125
83.9645078125
46.05187109375
46.57777734375
123.4095625
9.0198427734375
1.335974609375
89.241359375
100.186125
19.682025390625
160.17271875
75.5198671875
60.45689453125
28.942505859375
26.91950390625
81.5136875
9.109787109375
65.591296875
224.093421875
94.74315625
118.4304609375
146.918921875
61.16102734375
275.89834375
22.77818359375
52.01476953125
173.46125
57.0036640625
156.229703125
76.479765625
4.11506298828125
43.12941015625
40.06269140625
24.478197265625
14.5006298828125
41.97408203125
4.3041572265625
32.9108046875
81.9899375
133.935703125
128.7274140625
182.876953125
239.144
39.51927734375
140.289375
119.3387578125
147.9714375
58.730078125
35.51998046875
75.0129140625
20.102099609375
173.367171875
259.038609375
131.43259375
132.549421875
30.250001953125
83.1456484375
74.185421875
57.18646875
63.84721484375
63.37073046875
35.6241015625
33.9426484375
46.94252734375
23.270626953125
46.795640625
22.079943359375
66.434046875
66.0096171875
36.23123828125
125.9945546875
93.7683203125
146.41321875
10.780767578125
29.750587890625
76.222921875
46.03662109375
37.9719453125
8.90462109375
20.3827109375
149.23478125
74.4077265625
86.0870390625
5.9003740234375
33.51088671875
60.36990234375
3.716896484375
15.429205078125
50.313859375
69.1974296875
35.8906015625
43.8909453125
71.4771875
121.750234375
136.704703125
28.86630078125
110.96265625
206.214890625
49.1355546875
132.860234375
15.7240361328125
111.3224453125
100.0343984375
131.932453125
48.70472265625
29.589654296875
97.434453125
173.477453125
25.349876953125
83.3203046875
71.9884453125
29.544755859375
30.64080859375
27.001783203125
204.2593125
10.3723916015625
9.574955078125
21.9964921875
6.29083251953125
17.47587109375
42.55775
104.6738359375
53.8557578125
29.83916796875
27.33434765625
126.8983515625
237.458421875
287.82984375
80.5762890625
38.64439453125
59.192953125
14.0065849609375
21.906279296875
17.123421875
37.187140625
8.935140625
59.10314453125
32.607619140625
239.808953125
12.8948486328125
55.321328125
78.854
119.7396015625
154.04278125
110.0256484375
69.258015625
225.88921875
96.9787421875
8.11307568359375
5.29612255859375
17.405791015625
24.52603125
180.4045
45.6754296875
54.26652734375
5.388912109375
92.176703125
214.666765625
143.2785
16.7539140625
146.879734375
90.1822265625
9.1738037109375
80.1718671875
49.04150390625
3.947727783203125
63.3564609375
37.452984375
12.53383203125
7.67813232421875
32.50064453125
64.13461328125
2.827892578125
51.71535546875
21.28458984375
63.6361328125
7.4163603515625
65.960046875
28.94807421875
158.432046875
37.93720703125
13.137794921875
19.878076171875
45.89278125
32.85326171875
63.4328984375
134.445546875
0.0
7.90065185546875
35.44551953125
11.083744140625
13.3857138671875
59.1404375
104.1896953125
120.8009375
4.4086591796875
97.3338046875
251.205078125
47.11990625
3.309166015625
244.55309375
58.91353125
13.26664453125
39.73626171875
22.5731640625
248.441046875
41.6179609375
180.53753125
91.4573984375
52.80973046875
43.2414453125
62.97841015625
41.058015625
8.02107861328125
38.80748828125
86.076203125
116.8369140625
66.975484375
39.3623671875
27.96493359375
10.7589365234375
15.2676181640625
69.817359375
3.591821533203125
28.1818984375
30.5977578125
45.3478828125
99.3646328125
16.54861328125
123.935390625
27.996884765625
0.690927490234375
22.884736328125
42.77769140625
54.6281875
185.3796875
2.43288720703125
15.2096240234375
7.0571064453125
119.4165703125
24.78852734375
42.429953125
26.241962890625
193.691234375
42.9398984375
25.619373046875
10.528208984375
50.44807421875
120.035765625
148.6635625
164.704546875
41.565546875
32.292087890625
54.5356328125
57.7855390625
127.3286953125
153.1240625
92.1746953125
34.85978515625
224.640328125
20.553337890625
5.84465283203125
130.6270390625
12.435146484375
39.415234375
105.4765234375
20.20659375
43.54871875
135.887109375
104.452921875
9.078384765625
4.94447900390625
155.15734375
40.66842578125
182.602125
10.9573876953125
65.551234375
121.0113359375
106.958265625
77.8203984375
76.378671875
31.35993359375
60.72597265625
18.3012890625
14.7469462890625
2.174025634765625
16.2839599609375
5.85226171875
45.679375
37.7379375
80.1474375
17.074962890625
23.512513671875
45.64844140625
19.55330859375
237.562515625
9.994134765625
109.987703125
16.6034609375
143.08053125
14.2423193359375
10.95018359375
58.82643359375
88.063234375
76.551109375
45.71356640625
40.25433984375
5.37782470703125
53.52686328125
8.06313818359375
352.3711875
10.54170703125
135.695234375
69.2479453125
39.45951953125
67.779265625
17.97555078125
99.9473515625
25.19288671875
31.343259765625
16.195595703125
42.4658203125
268.61853125
6.72181005859375
28.0597734375
15.1560712890625
15.48882421875
68.192875
20.16984765625
19.669888671875
34.340890625
39.50207421875
32.448048828125
53.57756640625
66.79528125
27.835552734375
58.03863671875
41.88348046875
55.05012109375
17.0572421875
81.516984375
33.8796328125
43.52555078125
101.8068984375
7.5146513671875
46.52624609375
221.839890625
80.30025
25.65108984375
37.26465234375
215.595359375
96.14815625
252.47825
5.17484521484375
108.977109375
156.71934375
18.84747265625
10.769431640625
22.292681640625
40.75948046875
67.5279140625
68.8978046875
37.08739453125
82.3399765625
40.75237109375
6.73711083984375
42.21692578125
38.54614453125
19.166671875
19.643931640625
45.19390234375
5.236884765625
60.48118359375
62.69448828125
61.2390703125
29.16909765625
55.48825390625
341.85853125
9.1467763671875
72.2892734375
36.7326640625
31.364740234375
33.577828125
24.3663984375
100.34453125
19.102240234375
173.779265625
23.5434609375
106.0232890625
75.1935234375
78.4391328125
212.99465625
189.02384375
21.48619140625
32.62195703125
109.848703125
14.19050390625
66.80296875
91.806453125
13.0318466796875
13.748025390625
88.3816953125
240.183234375
43.27614453125
46.695015625
53.18378125
23.4188359375
73.5151875
17.835791015625
69.7429921875
158.348203125
67.2632421875
16.769189453125
62.89586328125
174.058921875
242.895140625
32.1916640625
10.265400390625
21.151009765625
150.074859375
74.8818828125
40.6785859375
51.3994609375
45.421421875
56.1185390625
32.102302734375
11.1761318359375
128.0141875
155.165453125
51.83724609375
25.24908203125
109.4261796875
65.27728515625
24.693783203125
82.403328125
62.40601171875
46.59427734375
113.76765625
82.62321875
9.7843203125
50.978734375
249.681375
65.0855703125
34.1008359375
400.21571875
42.53571875
34.9659921875
62.4649375
9.513771484375
39.14033984375
3.064293701171875
111.854578125
74.5802265625
36.4175546875
4.22341796875
33.48744921875
245.352796875
6.10797705078125
30.637525390625
21.67190625
26.426392578125
14.6291142578125
74.3874375
97.696015625
3.4718896484375
72.8929453125
19.967525390625
9.0736865234375
16.858736328125
44.63597265625
42.0711875
17.478294921875
34.0391171875
247.2495
23.839576171875
53.72196484375
16.52394140625
149.8546875
63.0313984375
72.5316328125
113.8460859375
122.6288515625
242.41990625
192.906984375
19.1722265625
9.2138525390625
141.162328125
44.5241875
15.4087314453125
25.7436015625
68.8980234375
48.77705859375
43.60776953125
24.327791015625
38.02315234375
5.06914208984375
43.67773046875
8.833958984375
83.3195625
67.449125
6.94386572265625
35.5485078125
151.585421875
23.714419921875
217.4573125
60.62790625
17.9878671875
93.783171875
264.7774375
72.4765859375
80.9675859375
52.807640625
142.007265625
23.864681640625
276.20878125
16.052412109375
31.760076171875
43.82591015625
61.11133984375
11.953298828125
9.2408076171875
58.4978046875
29.447673828125
21.822001953125
11.35249609375
105.667203125
100.4236875
59.53275390625
86.2230078125
106.4367109375
136.29025
118.5338984375
136.757609375
4.77630322265625
45.5505546875
29.35417578125
76.3192421875
75.0068984375
65.7336875
57.08116015625
36.102515625
35.556765625
221.966265625
190.81434375
98.78065625
8.17797265625
48.58523828125
131.979015625
74.2524453125
1.2201195068359374
29.172048828125
62.7865234375
25.64867578125
87.15534375
30.854904296875
80.7605546875
153.596640625
29.4080703125
90.7379609375
63.93301953125
20.340763671875
68.60009375
128.0643203125
55.9119453125
97.1288125
86.78128125
1.523491943359375
204.087546875
26.3157734375
87.89203125
5.43472265625
155.61196875
148.512328125
141.7319375
93.77453125
44.03228125
0.0
37.34809765625
46.1853671875
54.4176328125
38.12162109375
51.94137109375
150.7933125
41.5768828125
96.9393125
6.8157021484375
94.121390625
13.034751953125
9.0863974609375
63.64153125
41.68166796875
194.96084375
24.913953125
4.81540478515625
78.0283359375
163.8025625
78.0242421875
28.104693359375
26.013638671875
21.47566796875
128.7469375
61.3838046875
41.93940234375
25.062765625
160.459328125
20.623365234375
7.1193623046875
23.064220703125
209.88596875
133.803484375
59.366640625
80.9686015625
20.446453125
50.21399609375
16.00521484375
83.2502421875
73.3944609375
25.06234375
93.13865625
10.8874931640625
41.3643515625
257.57846875
7.21076611328125
13.8624404296875
42.54296875
18.968634765625
141.694375
20.0116640625
37.3233671875
107.9709375
7.732251953125
180.59759375
52.6319296875
128.3355078125
14.110078125
67.6778671875
28.194857421875
25.138900390625
195.228328125
43.24940625
45.28499609375
311.46484375
62.279921875
116.2960078125
104.494578125
71.984484375
31.86531640625
60.74349609375
39.62853125
90.208390625
2.447706298828125
3.7584619140625
63.73893359375
7.13677197265625
113.5704296875
37.42545703125
27.651251953125
77.63265625
58.30741015625
29.18561328125
80.5362265625
46.7430546875
182.21034375
87.71925
12.6592822265625
42.02228125
23.9189140625
140.935546875
45.80053125
80.6610546875
23.773564453125
80.3708046875
22.026640625
84.7978671875
120.8573125
220.058828125
327.31234375
11.3912001953125
1.6612054443359374
136.545890625
89.9111484375
21.49410546875
35.97093359375
185.565578125
33.14049609375
238.97034375
39.84885546875
68.8318203125
33.49933984375
267.3015625
9.3830283203125
20.3859765625
77.6453125
129.760296875
49.39378515625
131.6429375
111.1495859375
69.371390625
33.1292890625
5.4284658203125
16.987640625
1.9616510009765624
322.6491875
46.01069140625
110.3025
32.733626953125
0.0
97.020703125
52.41548046875
65.39632421875
36.0963984375
181.189078125
157.385203125
64.6099296875
125.358359375
57.71493359375
34.68444921875
82.36646875
8.3900595703125
139.222484375
157.69178125
36.30559375
58.7563125
66.2321015625
40.949234375
24.33878125
40.18486328125
11.7014833984375
152.158984375
54.69769140625
19.589990234375
28.4074921875
106.485734375
80.08509375
2.482176025390625
2.853407958984375
110.651765625
113.0115625
28.433009765625
70.1497578125
62.92297265625
28.02284765625
87.967984375
99.1636640625
246.538625
3.216534912109375
125.485953125
8.4127197265625
90.21859375
202.605921875
21.127044921875
6.16820166015625
71.5529921875
83.0961875
130.7814140625
47.42769921875
36.16450390625
39.38130078125
33.19778125
30.699275390625
71.5478046875
76.648671875
345.57159375
12.0503779296875
33.5806015625
15.800201171875
41.61819140625
0.9331683959960938
55.69197265625
27.586404296875
26.149501953125
41.94154296875
37.2888671875
68.4946953125
103.017625
160.204390625
4.0788896484375
276.098125
107.2895390625
131.727953125
13.7153017578125
97.4971875
15.80216796875
60.423546875
3.032821044921875
91.1574375
176.433
24.429931640625
55.40421875
126.6708046875
62.41430078125
64.4723515625
168.240171875
135.24271875
51.54767578125
50.78168359375
55.489953125
22.32199609375
169.121125
13.5026875
90.9451015625
2.10796923828125
10.6405791015625
50.43869921875
224.655671875
112.969078125
13.386150390625
43.702859375
6.5231025390625
24.955259765625
129.7616171875
19.32280859375
36.2962421875
22.130861328125
55.77783203125
140.935703125
59.0778203125
74.199734375
27.722810546875
3.8800302734375
59.896859375
60.951078125
16.989615234375
7.054888671875
28.599646484375
30.03156640625
5.528818359375
228.636515625
147.82096875
31.557626953125
51.287734375
161.0124375
36.59559375
50.94878125
7.45949755859375
12.988140625
90.360140625
190.888203125
36.33608984375
48.08431640625
17.920720703125
94.3205078125
88.7272890625
53.1959296875
33.6196171875
74.969890625
63.19061328125
19.253603515625
29.655533203125
84.3307578125
26.45966015625
244.959625
20.898974609375
8.8690234375
18.007166015625
16.9758359375
48.23016796875
23.950212890625
