297.29384375
221.842078125
147.039578125
326.63215625
51.4659453125
353.49259375
153.07125
145.06775
197.048421875
206.7194375
121.6579375
198.4940625
157.673015625
308.707
106.506625
112.49065625
228.229421875
403.520125
132.892140625
140.225140625
360.9949375
341.70240625
249.10425
226.197734375
319.4121875
116.9378984375
102.4209921875
445.4566875
231.696484375
121.7781328125
10.2976865234375
140.087375
367.74453125
372.43925
191.67728125
242.761015625
163.617078125
115.4680703125
275.85771875
328.19225
328.156625
333.38796875
69.2393359375
156.4333125
80.897671875
291.20965625
77.3144296875
340.1955
207.55115625
113.104828125
423.7988125
404.81728125
220.1829375
216.901234375
89.987859375
220.501546875
238.65475
160.87915625
85.7419296875
184.785078125
436.15328125
122.663859375
251.91046875
62.95648828125
199.240921875
95.1816953125
228.0866875
214.382578125
245.008421875
358.4929375
222.7514375
142.793234375
58.339171875
150.58184375
235.28803125
137.07590625
84.316421875
428.9620625
331.1238125
337.48709375
256.3863125
73.7920390625
230.857
145.40375
370.95303125
25.13928515625
198.24565625
84.0649609375
229.273890625
58.8213046875
193.79621875
231.64975
449.30565625
403.3074375
401.87915625
197.71378125
379.6003125
162.73290625
396.962625
120.2845234375
104.65446875
84.6966953125
422.7216875
21.38941796875
305.88334375
207.496828125
369.597
188.001171875
409.087625
239.51440625
165.41128125
62.836765625
300.7935625
317.27421875
241.281
429.0460625
100.069796875
52.15572265625
159.057296875
448.0861875
562.8804375
479.16240625
358.04346875
159.23215625
336.0205
348.77571875
77.74175
147.85528125
168.858375
155.297015625
328.53978125
62.08455078125
76.896453125
124.3536171875
145.362671875
395.33175
310.72328125
387.51765625
226.960625
350.737
340.35690625
408.7635625
384.40325
232.265921875
86.8693671875
210.910296875
132.358734375
180.248953125
64.182328125
243.206421875
283.2826875
409.7720625
276.89371875
317.94909375
322.62625
498.2253125
235.07140625
154.708875
540.7638125
279.59784375
189.916296875
117.9926875
264.88640625
250.47759375
79.51396875
39.75145703125
133.428625
174.24525
95.4848515625
422.5773125
35.2930625
190.631171875
217.238859375
458.8201875
295.1505625
160.620859375
438.13553125
243.9799375
98.9740859375
149.108484375
160.722828125
36.7714375
146.442421875
346.46628125
103.2224453125
259.368109375
381.17103125
174.910375
404.04534375
205.271984375
226.4769375
195.582453125
281.0910625
358.6663125
448.28215625
230.389078125
66.192359375
550.786375
182.971015625
199.909859375
306.1661875
260.244515625
231.198390625
156.959875
373.6675625
256.0178125
38.608828125
231.144203125
100.564109375
350.38715625
96.240953125
109.63465625
315.9145625
117.803640625
192.24575
240.698375
277.72325
276.95
249.39928125
192.674984375
440.0425
517.99959375
113.6903984375
278.6484375
342.77028125
169.17684375
253.39521875
188.91240625
219.29196875
414.97025
207.032046875
201.936359375
92.7135234375
180.91146875
45.509046875
163.14703125
74.711671875
199.88709375
291.06565625
199.3913125
82.1829140625
63.773328125
459.6554375
180.27671875
406.8224375
201.08646875
201.89221875
147.317578125
176.27390625
333.1505
364.23453125
194.97603125
292.213875
299.65821875
61.01875
288.64209375
238.35725
347.47421875
385.4368125
341.41684375
170.55040625
276.05284375
294.934875
265.45746875
148.2680625
431.18221875
219.28859375
367.60490625
337.0426875
449.78621875
377.199
153.254390625
273.31978125
322.68971875
289.9585625
187.783140625
180.2135625
140.265890625
128.7343671875
295.6661875
205.836109375
280.87465625
377.29125
312.403375
294.9725625
218.917
344.17225
448.199875
346.1071875
80.595453125
157.867828125
386.72715625
256.7945
213.278703125
196.074875
116.9729453125
474.57584375
49.6157734375
141.600125
214.73865625
328.777125
85.88928125
128.32540625
75.11953125
279.5526875
214.003078125
117.098390625
494.07725
271.12453125
227.15996875
203.56559375
202.507
59.753078125
161.43540625
209.379953125
108.956625
32.1346171875
199.491890625
188.337453125
199.838578125
297.230125
328.6055625
313.5675625
547.3821875
111.31984375
398.2686875
397.28134375
235.887046875
64.3325546875
190.72546875
313.01271875
33.5832890625
57.893
491.54065625
116.0184375
292.31746875
295.43678125
420.543875
148.34390625
390.43625
183.73853125
228.62996875
208.399828125
447.16690625
34.43003125
49.03493359375
98.0026953125
173.77046875
61.091875
380.916625
123.3314140625
204.791125
17.39665625
226.057734375
52.83304296875
24.323556640625
433.58509375
22.580947265625
416.47290625
436.1269375
125.83765625
308.5029375
377.08978125
183.32353125
207.177984375
109.57390625
130.1043125
107.9514453125
182.058859375
58.0178203125
197.128140625
226.002875
295.87625
78.69215625
269.61653125
267.66703125
379.319625
189.868046875
387.58665625
112.964765625
210.749953125
92.1830859375
367.88815625
143.27625
167.630859375
198.927828125
254.29178125
196.687390625
156.984453125
448.2605
17.522109375
443.35634375
362.083125
143.934671875
335.0480625
193.2655
499.28396875
50.926796875
134.16446875
459.25615625
310.803875
84.3986484375
110.5149375
58.72556640625
93.5404609375
353.67090625
270.67221875
404.7921875
47.29715625
329.1876875
176.91621875
228.960546875
220.20190625
172.9660625
51.969984375
531.3710625
358.93071875
467.94665625
72.4486484375
308.28196875
28.100142578125
142.171625
304.073875
126.867734375
62.8886875
233.679625
185.638515625
413.48553125
402.7383125
324.20225
91.6102421875
150.716546875
76.2756171875
231.3895625
102.4972734375
118.8953125
71.915765625
475.65753125
209.045890625
585.1944375
21.08506640625
461.85259375
285.86140625
296.9035
402.8599375
512.92196875
579.1065625
326.9335
284.395
59.67140234375
207.343296875
231.33334375
165.974390625
201.119671875
48.38183203125
270.65478125
331.317
124.5182109375
158.602546875
53.22927734375
292.2336875
252.58803125
210.151984375
103.980453125
95.6001796875
170.675953125
431.51575
337.61771875
458.4714375
245.320421875
348.0528125
291.132
214.741078125
222.05990625
153.366578125
232.276484375
294.17278125
203.774671875
280.665875
349.5333125
103.654953125
205.95284375
311.47584375
293.427375
269.61221875
126.654953125
452.7886875
233.79475
553.92875
202.8433125
147.511953125
93.2376875
284.647625
450.503625
470.88725
210.466515625
329.97959375
91.8066953125
269.10790625
311.0383125
263.89265625
170.77778125
60.89116796875
106.3731640625
106.0621484375
81.8345625
309.9133125
211.969328125
290.43384375
202.1413125
196.730671875
233.584578125
570.500625
145.46221875
270.62228125
477.6644375
63.2336328125
258.088734375
428.366375
318.769125
96.4751484375
31.027615234375
301.54828125
99.99221875
42.22606640625
200.193640625
112.4849609375
181.036796875
215.688
382.3644375
336.91646875
224.727734375
316.33103125
134.738140625
15.5514453125
269.842125
207.673203125
110.860828125
166.262765625
240.620671875
377.76240625
79.09165625
161.02075
253.06903125
228.719171875
149.555375
405.93871875
201.13759375
123.361484375
119.00521875
448.7365
105.0194921875
184.005546875
545.4654375
274.92228125
206.04859375
291.63440625
208.425625
218.026484375
211.46953125
148.41103125
247.105796875
296.2905
77.653390625
219.91259375
132.505328125
271.5320625
141.663515625
254.597671875
263.3644375
573.3844375
148.28965625
103.842171875
188.266484375
129.579125
458.58246875
193.850859375
224.54546875
422.2103125
205.1951875
82.6411484375
411.08871875
189.908546875
147.721125
330.90315625
216.460015625
203.052578125
192.043109375
135.986140625
295.4910625
89.072875
349.8559375
147.1595625
58.59139453125
467.4471875
136.86703125
146.58040625
342.29084375
114.857328125
355.08953125
68.4301796875
380.59715625
573.825125
199.340234375
527.0979375
44.45263671875
399.23153125
37.4202421875
341.09065625
423.31746875
225.0895
100.7519609375
374.41603125
333.84528125
589.90525
278.85275
166.75759375
98.1323203125
207.91546875
157.55965625
220.86765625
86.8023671875
296.005125
133.207546875
74.3351015625
221.31278125
145.307671875
274.66528125
413.10184375
210.162703125
383.97328125
359.1395625
88.92946875
235.843640625
305.6781875
183.34878125
109.5179375
229.467796875
161.2016875
346.224625
230.4826875
275.05221875
383.94465625
354.48865625
68.9711171875
227.677375
462.99084375
327.02275
113.9169609375
417.2745625
239.7015
21.742736328125
218.06840625
421.63715625
92.4669453125
240.34525
124.65046875
119.9418984375
124.6584921875
136.16596875
436.446375
276.26390625
290.6656875
96.3203828125
172.29128125
119.1945703125
231.44528125
156.109421875
197.88715625
139.58746875
445.99421875
70.5912890625
307.31515625
568.959125
224.061390625
275.27871875
225.102125
437.6895625
159.372125
28.23547265625
403.94103125
322.967875
256.31475
168.032328125
192.249359375
67.362625
87.485875
289.34021875
167.1975
204.5625625
59.3574375
127.945890625
192.86721875
350.142
358.155375
218.352640625
151.868875
265.28025
376.43059375
214.83584375
434.253625
92.5047734375
240.55471875
441.55353125
354.7345625
54.24837890625
278.176625
284.88753125
35.89826171875
435.90190625
40.16725390625
287.68340625
235.0923125
32.324849609375
80.7972265625
270.3038125
113.3244375
462.113125
340.15971875
540.289
338.671125
303.2806875
54.4357890625
299.9205
184.194515625
341.30821875
230.543921875
105.108984375
381.6551875
248.84215625
195.019171875
236.40878125
77.693421875
262.02675
188.559359375
308.2496875
443.5645625
271.13821875
125.727921875
217.47753125
195.375640625
55.648609375
341.98315625
66.1936640625
340.8480625
296.05053125
86.865375
390.55340625
457.52846875
172.1064375
107.974890625
541.25125
60.5972890625
309.05375
92.7629375
350.0596875
75.2488515625
141.633796875
158.070375
224.927453125
85.4210234375
349.4396875
171.600546875
230.750703125
86.9095546875
243.304421875
385.97778125
177.720015625
104.7773515625
51.30665625
328.50071875
137.695546875
381.83096875
165.533390625
166.581578125
513.8945
158.541078125
24.008810546875
336.9515
178.05415625
114.6866484375
122.4548125
146.449890625
315.779125
130.270046875
417.0636875
151.9900625
440.1138125
397.506125
209.517515625
500.33346875
255.3286875
428.130625
303.27121875
325.5063125
73.1478515625
346.50265625
292.21859375
240.94415625
228.484
244.0489375
175.86128125
311.38309375
312.00328125
139.393375
108.035796875
518.33121875
304.7063125
240.88753125
101.869828125
89.2872890625
217.870734375
177.758015625
222.82075
344.1093125
143.115265625
321.79721875
100.2824453125
36.331125
434.56771875
211.83071875
96.838921875
24.1071796875
519.9234375
101.4542265625
297.38921875
531.66225
57.83062109375
358.62928125
330.43509375
144.279828125
285.35971875
262.492375
128.307421875
241.588171875
273.46003125
82.6806640625
426.36878125
180.55346875
112.46590625
342.28015625
451.14634375
146.76728125
288.4076875
107.48228125
298.182625
151.60184375
242.6661875
233.88878125
93.994703125
165.049
91.3661875
390.91115625
64.944671875
407.85803125
129.1225703125
373.00734375
184.11425
115.392703125
181.5168125
108.8656328125
349.205875
194.402625
347.71721875
265.17553125
108.953125
333.42575
487.85603125
299.264375
54.45618359375
467.38025
141.26853125
205.237921875
517.67078125
56.57405859375
140.281796875
112.3034765625
454.8905
103.94921875
37.61650390625
212.294375
392.83815625
506.6679375
301.71978125
260.988078125
523.08803125
156.157625
159.221265625
202.384609375
332.8375
480.98946875
64.6809765625
107.1420703125
203.586203125
163.55853125
254.696390625
249.67634375
153.443015625
258.114609375
199.85075
27.579126953125
133.274703125
147.061671875
405.06290625
232.166640625
298.74196875
160.695109375
406.22675
197.917796875
208.7608125
145.272859375
71.0145390625
416.009875
299.6695
144.51034375
224.28715625
144.404546875
410.5589375
84.013640625
269.725625
129.847796875
127.0851875
364.22959375
76.021578125
233.81103125
413.661875
132.809484375
222.323640625
158.415921875
222.020375
57.06093359375
487.3645
260.2131875
104.254625
406.5
220.2385
171.2055
502.43490625
315.59440625
44.6664609375
358.1136875
485.5554375
198.160109375
388.65153125
267.43359375
34.01898828125
143.610609375
326.58078125
462.72121875
317.08890625
147.05471875
321.27025
298.9625
399.38084375
403.51740625
250.401921875
240.61278125
107.740453125
144.131953125
231.2224375
181.092828125
248.62
146.22434375
191.944421875
169.48734375
260.566296875
269.20534375
59.30996875
615.908375
224.869921875
392.786
271.39378125
101.548890625
222.939625
209.030140625
233.639359375
270.92375
19.1004765625
91.123796875
484.7731875
251.681515625
397.59525
224.212265625
210.60890625
232.45734375
562.5265
188.76703125
85.27571875
428.94528125
195.035171875
552.46175
56.094546875
385.23825
293.38325
42.58157421875
360.26725
352.73878125
87.399359375
251.98890625
490.98609375
210.19478125
84.785859375
250.004703125
414.8719375
82.109203125
248.717984375
211.19340625
412.63590625
187.5978125
97.9001953125
292.38840625
122.008828125
134.56475
54.8455078125
287.42203125
33.28810546875
330.7668125
288.719875
110.536875
85.1040546875
256.091890625
223.907890625
75.0982109375
127.742703125
405.8885
224.331875
61.92812890625
73.240546875
451.53040625
210.9175
78.5164296875
46.2640390625
359.21740625
180.614171875
533.544
110.814890625
74.2148515625
303.04890625
300.489
303.81775
273.07446875
341.4958125
326.781625
58.643125
260.85040625
214.4350625
116.82359375
203.65425
276.03396875
98.7942734375
38.40366796875
369.923625
76.4863515625
298.54165625
49.391296875
102.58328125
289.8450625
231.12528125
419.182125
244.572671875
476.69246875
160.963
397.11284375
187.36746875
166.705703125
253.88809375
300.758625
192.082
241.1178125
102.044890625
316.61546875
185.400109375
242.58734375
21.67782421875
343.83378125
185.540734375
271.08853125
340.8888125
385.86790625
135.44209375
109.4453828125
282.37159375
99.248953125
310.5723125
127.9667421875
106.286609375
356.992375
315.07740625
422.018625
95.9785390625
249.785546875
152.477046875
112.2993125
365.638125
247.610078125
250.951625
244.88146875
179.82828125
90.4956484375
402.575625
289.4763125
411.10659375
195.20453125
46.205078125
337.15015625
283.4229375
414.87034375
97.765859375
511.16571875
230.962109375
323.5575625
271.50309375
104.313828125
32.0811640625
167.06140625
31.871359375
363.959625
133.524765625
139.624953125
154.8513125
356.943375
153.690234375
406.15753125
30.12279296875
323.1075
66.263734375
123.301203125
186.555140625
63.89256640625
191.711453125
155.394140625
10.5380771484375
291.6603125
325.53128125
78.9800546875
211.846265625
202.319859375
23.137689453125
218.173515625
190.7095625
416.77371875
263.7240625
254.42090625
258.392125
264.47328125
152.008484375
383.06840625
421.3861875
164.903484375
545.67575
130.7098359375
374.5535625
25.036025390625
141.430125
198.89284375
290.79040625
130.6450234375
288.55659375
254.260171875
516.94190625
202.4768125
72.999234375
257.87146875
49.2167421875
366.83146875
68.067953125
433.98440625
291.45965625
79.2892109375
115.572015625
113.05778125
389.62290625
175.51521875
239.845109375
23.436912109375
361.23878125
296.57709375
41.537953125
500.4170625
296.9866875
103.76184375
286.93628125
303.125
307.810875
230.428203125
496.46928125
262.466625
453.85709375
273.4831875
396.73515625
448.79084375
209.822234375
217.335953125
281.23996875
578.484125
420.28603125
415.60859375
158.44246875
198.383046875
516.0089375
62.4848359375
448.47875
256.17925
452.2600625
83.249734375
226.653796875
294.41078125
325.9049375
195.360859375
287.417125
278.39
111.0825859375
218.519203125
168.893359375
316.2636875
527.5643125
323.37840625
345.03703125
392.16925
265.1326875
195.1573125
178.73434375
469.5720625
61.7438828125
156.20628125
215.861671875
184.553390625
487.6695
400.0844375
279.6470625
313.794625
269.3668125
245.105265625
81.780515625
120.4238046875
435.47490625
278.087
164.713515625
230.4505
156.683125
37.3458515625
155.98075
393.02365625
507.00603125
288.82525
51.8830234375
83.4046328125
40.29521875
196.925421875
165.66640625
239.480828125
71.388375
198.527765625
174.128828125
271.89346875
331.57578125
12.601208984375
180.84234375
462.526375
432.465375
305.95071875
354.02428125
393.88525
70.9911640625
281.44578125
242.945515625
116.58359375
302.8271875
356.5344375
222.44121875
393.05440625
252.0005
98.3701171875
381.73825
169.049671875
425.20053125
307.8296875
98.5784140625
197.109234375
305.51246875
369.7808125
373.59984375
48.13080859375
346.34684375
315.24575
406.688375
282.80165625
324.9695
318.56884375
247.200421875
165.774796875
160.441875
274.71803125
103.69128125
214.693015625
260.4354375
443.6715625
37.27503515625
316.74121875
221.740109375
206.48109375
138.50190625
193.12196875
149.274
232.79575
181.8683125
272.391
187.318609375
181.77665625
46.8411953125
496.6855
348.65990625
429.2083125
98.1849375
273.20415625
247.944109375
184.684453125
135.3394375
44.14191796875
139.66478125
17.870216796875
380.35278125
566.8388125
232.913515625
149.958046875
364.8074375
270.30465625
79.3084296875
509.93275
140.2916875
37.85711328125
109.2830625
212.2794375
317.21659375
218.19171875
347.47046875
255.839796875
212.98471875
203.5040625
348.8560625
256.33915625
278.036875
164.81840625
214.135015625
44.2496171875
231.293375
238.58728125
513.20128125
81.3609140625
323.46103125
370.29709375
276.22434375
439.25521875
155.24246875
311.8225625
242.616328125
61.6285625
176.8433125
191.901625
78.1531328125
495.59309375
361.12140625
113.0583984375
157.7566875
103.0411640625
121.01078125
74.5377421875
328.47228125
189.55728125
223.254640625
246.79109375
350.08484375
117.4150625
340.22109375
71.83846875
103.7031640625
226.50890625
222.301640625
406.07996875
223.721046875
147.3439375
66.4618515625
404.94796875
119.753296875
171.99228125
358.51690625
483.362
84.740703125
535.405
238.58825
17.51840625
217.525640625
314.68040625
96.189296875
308.65190625
210.470328125
377.5023125
288.63209375
153.254421875
469.0931875
538.5488125
133.102359375
351.18665625
243.655796875
50.3082109375
354.977125
174.23690625
307.67771875
55.20001171875
272.29340625
430.38559375
414.168
174.179
256.217078125
414.34734375
293.34340625
184.704890625
284.5773125
51.27640625
437.46265625
117.369453125
210.9163125
256.59390625
235.229140625
33.19194921875
271.65165625
135.707203125
433.58459375
79.4992421875
246.960828125
301.30809375
102.18190625
32.8851640625
317.31859375
478.285
243.47484375
353.21965625
96.1961015625
314.84546875
109.9265
172.13309375
33.03596875
254.17884375
44.76005859375
254.675875
154.155671875
112.28315625
51.65444140625
76.6851796875
161.00925
232.718234375
189.3465
68.879015625
373.743875
216.9778125
81.1055078125
93.986203125
130.169671875
56.3737734375
204.5971875
123.9865625
274.513875
83.2171015625
122.9200859375
125.7338125
164.53646875
70.00425
188.5565625
151.7231875
606.176625
259.98875
311.02428125
178.337765625
78.1546328125
257.592375
82.4071875
98.1178125
281.601375
298.0683125
265.93753125
182.60003125
155.777796875
208.757359375
209.407328125
144.7028125
78.2209296875
331.31646875
120.099140625
46.513203125
316.2210625
192.734578125
261.682515625
219.139921875
39.2231484375
142.260953125
231.377015625
153.547859375
252.685140625
241.38003125
237.615359375
251.041546875
229.834640625
246.9864375
58.960265625
252.269171875
199.533640625
142.52584375
43.81643359375
59.192265625
203.416109375
210.413703125
154.078921875
130.0989375
384.6038125
273.23325
276.73778125
111.4290390625
331.788
155.94234375
141.595609375
171.2495
110.51175
37.3972109375
89.1564921875
23.4593671875
381.0889375
464.42215625
227.877359375
40.079171875
449.74871875
174.8334375
277.95778125
237.980953125
187.7369375
326.3463125
118.9113515625
420.9803125
270.48690625
285.99621875
318.04909375
141.4841875
408.3229375
69.020359375
386.70909375
205.810375
269.97934375
36.98695703125
89.34384375
262.36546875
68.5918359375
175.967640625
234.343703125
87.8173203125
206.613703125
149.677828125
116.6197890625
93.6616796875
220.631625
131.954859375
267.5275625
98.74628125
333.19353125
330.29503125
73.98221875
23.078052734375
111.4880390625
403.75740625
280.13575
454.76253125
271.93665625
462.03353125
54.0558359375
245.2655625
372.31415625
149.352109375
111.5274765625
516.89790625
389.34734375
251.825203125
114.3277578125
119.3331953125
67.0588359375
343.50278125
113.14496875
217.456515625
415.043375
279.97940625
306.34671875
107.60475
224.939984375
163.148125
390.5026875
278.47659375
170.52121875
128.0605703125
71.7956484375
439.2620625
68.0665390625
94.779421875
183.585875
188.70503125
219.9819375
124.27115625
150.03959375
331.92634375
31.043875
189.877140625
561.830625
8.8623916015625
104.0156875
140.26128125
199.158703125
510.513375
383.93425
25.974046875
527.1728125
246.015703125
162.166046875
335.57275
382.86103125
308.37675
308.35153125
243.12990625
328.45953125
276.77553125
434.64621875
176.51115625
70.1649609375
149.994
141.696515625
317.5184375
177.3115625
343.20396875
128.6976953125
261.7931875
50.69827734375
283.65659375
566.1668125
150.68378125
272.26371875
170.8079375
26.199501953125
260.76075
562.232125
296.655875
259.788765625
233.177296875
405.644
83.9772265625
399.79296875
339.76021875
175.75859375
499.77528125
163.332453125
386.41953125
226.611671875
154.201515625
525.7540625
208.614453125
137.79003125
321.9038125
273.69996875
408.62346875
23.3898125
32.709775390625
414.14759375
121.445546875
36.79474609375
83.2640078125
169.518125
156.50403125
73.65975
86.8844140625
160.742140625
339.7306875
158.22540625
169.325
95.291
156.940125
288.81875
37.62778125
385.92084375
230.075390625
365.23353125
251.84653125
134.255234375
217.220328125
187.083578125
375.3509375
191.92315625
163.45096875
171.804828125
239.28225
40.72243359375
318.32025
259.895109375
174.345953125
367.5736875
274.3855625
159.063671875
130.021265625
128.5159609375
272.72675
91.828671875
189.434171875
93.8323046875
68.3381953125
88.0337265625
283.39909375
417.69796875
381.325875
137.23459375
106.2458125
292.979375
393.53328125
128.7774140625
477.0401875
79.2996015625
324.94121875
557.5530625
248.79453125
45.02212109375
162.277796875
151.837328125
437.751625
308.48903125
22.353138671875
86.795171875
333.06115625
120.5699609375
238.542671875
46.08998828125
221.193390625
571.2125625
143.672515625
78.977515625
104.7440234375
255.069390625
51.1063125
225.92746875
164.81571875
307.28590625
229.650109375
505.56865625
238.27721875
96.7981328125
310.52890625
176.2148125
117.8992265625
401.0259375
183.350046875
305.90365625
367.2016875
35.84088671875
202.7569375
7.16917822265625
56.27109765625
528.86875
195.6863125
400.71784375
232.842109375
21.487484375
84.4008203125
154.80646875
360.34584375
273.2259375
219.477328125
273.24075
47.08720703125
70.393390625
190.611140625
537.878875
112.25809375
400.8135625
146.153875
335.270125
328.01946875
465.854625
103.148875
98.1083125
227.815828125
398.77821875
135.065046875
193.292140625
115.6936640625
55.01923828125
363.49715625
406.59153125
290.46171875
432.57528125
124.8018671875
177.256734375
178.284
262.10440625
212.544671875
54.86169921875
294.91740625
104.32196875
263.52034375
162.382125
194.506296875
175.146984375
302.83934375
108.3885625
195.08559375
77.643875
301.16375
309.06790625
326.29284375
259.92878125
119.570046875
224.638484375
62.2563359375
166.57028125
183.203703125
120.7597578125
205.23653125
397.49784375
199.78384375
186.51628125
185.85071875
400.43225
447.136875
30.137892578125
66.4330078125
371.91165625
435.589875
92.9986015625
56.66203515625
352.09296875
338.8500625
471.89109375
472.9974375
81.4638203125
288.32240625
395.30509375
476.38790625
422.5875625
129.5826953125
316.69059375
364.774125
452.42575
180.746234375
318.7658125
19.9249375
149.97771875
251.957296875
278.12140625
137.530921875
209.7828125
366.1803125
444.13221875
524.015875
231.36875
53.40565234375
333.43309375
123.905640625
254.11546875
67.13890625
123.84946875
405.7654375
323.429375
245.377171875
189.01809375
29.294595703125
141.3035625
58.34430078125
391.7716875
110.8624375
169.14409375
328.8706875
440.80659375
36.5423359375
127.1875859375
254.964875
80.9514140625
227.902546875
339.80065625
219.87628125
152.339140625
144.80440625
180.00459375
179.83471875
195.18371875
466.49990625
69.29490625
231.529640625
72.333859375
53.98303515625
234.178375
320.03884375
46.10389453125
345.7045
307.71590625
51.7384375
117.004875
52.11532421875
409.48409375
300.147375
131.079265625
51.18934765625
255.61240625
109.1004453125
311.583
48.71173828125
224.524375
236.76259375
312.1126875
71.0641640625
347.80978125
228.879421875
372.78965625
123.060625
265.25540625
176.598140625
243.041609375
233.732546875
291.37596875
50.1000859375
321.88759375
198.682
86.132359375
260.175421875
300.0731875
343.55853125
352.0785
50.452203125
235.01640625
467.22934375
283.96665625
26.542580078125
246.358359375
251.15265625
93.85178125
193.963703125
39.0636875
263.50378125
364.5590625
159.916953125
358.6491875
217.040546875
157.767109375
268.61659375
100.1358828125
217.552078125
90.55090625
281.02509375
185.330859375
198.608421875
268.6083125
231.889953125
451.44846875
190.17109375
119.5220546875
323.20903125
281.97396875
23.625875
40.670625
176.3259375
379.88921875
102.1066171875
173.027390625
254.762203125
200.03
132.06559375
223.997140625
237.47234375
507.78096875
166.88415625
359.54834375
482.51871875
83.8620078125
255.32878125
102.7163515625
428.75728125
87.1720625
445.21371875
454.05696875
220.500578125
180.57034375
353.2409375
140.10503125
242.31696875
365.8665625
103.192078125
277.558
281.2223125
217.1100625
353.080125
90.5956640625
200.461625
42.01486328125
190.3435
93.6991015625
299.46409375
257.781890625
250.82221875
58.2059921875
117.533578125
150.250171875
