836.7265
688.5028125
736.814625
763.9570625
756.8048125
794.3863125
798.6016875
729.0606875
708.585
688.7110625
762.492625
745.9249375
727.0763125
739.221625
668.8741875
716.812125
749.2255625
714.824875
746.8725625
727.472125
819.171
725.5383125
791.3624375
818.9388125
812.9524375
809.889625
816.38925
721.9324375
709.3164375
806.5219375
745.7001875
821.090125
714.64925
743.165
752.598875
826.554125
816.335125
826.863125
712.88975
790.9391875
734.1930625
800.64025
711.3364375
715.1431875
706.438625
853.3854375
762.5915625
721.5720625
747.209875
761.9509375
678.5284375
727.1723125
699.1813125
754.6461875
728.636
676.857875
813.850375
727.771625
746.9060625
771.742625
902.11275
741.7395625
712.7949375
765.6056875
748.1301875
790.5919375
806.6620625
731.3043125
679.011
737.8573125
732.002625
759.5041875
835.69575
731.78125
755.4085
762.9993125
707.7625625
706.9296875
951.38775
752.139125
713.460625
781.2785625
744.4236875
730.975375
731.9944375
976.977
743.1065625
784.198375
665.56475
686.333
866.295
761.0136875
732.851625
715.6630625
727.063125
752.6058125
701.43025
881.2336875
728.6090625
733.49375
806.462625
794.5094375
756.5294375
712.351375
955.38175
737.8763125
782.114125
728.072
874.321
817.2078125
657.090625
771.8068125
735.8121875
779.270875
847.4020625
837.3003125
744.95775
796.2400625
746.9350625
690.788
733.9488125
766.558625
721.1814375
796.1836875
746.0560625
662.8096875
742.7335
813.541375
727.748375
892.7365625
727.292375
750.838125
785.9628125
748.0893125
833.3133125
753.5180625
795.720125
718.399625
695.7710625
778.83225
845.0530625
903.593625
755.854375
727.7203125
749.4691875
833.4133125
754.708875
820.957625
773.9323125
804.456875
770.8721875
706.36575
695.21375
876.667125
723.26275
732.3481875
689.77575
722.6639375
739.849875
725.417125
781.2686875
747.25225
755.5683125
753.3314375
748.0
751.5061875
813.5616875
747.1921875
746.9285
700.04925
689.1096875
740.3549375
727.7276875
735.609375
801.389375
750.0619375
724.7601875
773.5121875
745.2156875
812.7386875
739.1799375
782.49325
769.7138125
703.4701875
741.214375
750.7209375
662.6229375
916.698
769.7063125
802.6861875
733.023375
780.6154375
715.9325
717.250125
812.4533125
729.446
694.5069375
744.361
879.59
967.4838125
786.6704375
804.0585625
706.7925
707.47325
710.5616875
745.6441875
750.535375
809.539375
720.6706875
789.4746875
794.20725
711.818
767.4275625
733.5973125
810.4
847.2921875
731.686625
781.902375
706.0995
697.424625
618.436875
753.4735
743.1174375
807.3595625
903.436375
739.298
712.5284375
855.126125
807.5778125
729.83075
929.978125
701.5130625
812.1180625
736.5323125
748.4250625
734.2521875
768.642
681.0804375
791.8408125
729.139
739.9291875
798.1535
806.48125
759.6658125
720.0700625
804.1800625
764.2520625
810.3608125
852.98625
754.7383125
763.9618125
731.7298125
707.4505
832.8189375
677.7224375
692.071375
892.61
674.2214375
703.769625
706.924875
706.7463125
792.9205625
838.80725
711.023
707.8905625
850.7446875
725.432125
866.914
714.5851875
847.660875
878.4605625
744.752
1033.9400625
813.27125
761.845375
753.4370625
706.65175
789.7251875
731.1854375
909.639
702.72125
896.647625
709.4113125
762.8404375
807.785125
826.7628125
757.3221875
749.189
717.877625
867.9125
695.7135625
865.918625
776.1385
689.534625
794.9834375
735.60775
851.6065
737.4955
781.8079375
888.21775
726.442125
784.7039375
707.5089375
775.7106875
697.2779375
893.7578125
989.1308125
789.6265625
698.77
682.8306875
1061.8565
757.743
717.928875
698.0748125
723.3191875
799.768
730.2981875
737.098375
777.003125
884.126625
838.7180625
759.978625
709.4031875
721.3598125
711.678375
990.0629375
1115.636875
786.9430625
755.4295625
772.3901875
809.512125
692.5851875
692.8963125
730.37
697.224375
745.410375
753.6921875
727.1996875
866.7990625
783.4099375
756.8889375
755.637875
928.2209375
991.7656875
714.0161875
776.8646875
707.4034375
803.4303125
738.043
876.940375
750.1893125
869.876375
671.5026875
807.5393125
710.655125
736.433625
678.308875
747.9515
803.2845
711.9293125
804.2114375
725.4646875
740.981875
827.8596875
716.9185625
775.34975
691.8385625
705.7348125
789.7553125
843.732875
735.35175
700.48525
735.6549375
798.2081875
769.399125
899.994625
742.784125
855.34125
720.938125
820.2035
726.3148125
863.03425
785.9559375
842.5335
690.215
748.868375
801.7564375
785.466875
814.22675
708.6595625
819.61575
759.94025
727.8740625
801.3441875
702.7621875
652.253375
805.960125
743.036625
702.54975
769.6755625
1018.3874375
675.1676875
802.972875
854.5291875
898.73575
688.5656875
738.9453125
797.427875
822.0136875
740.417375
724.3579375
749.5621875
735.4524375
730.6391875
780.043375
759.3279375
715.011625
662.8661875
743.1724375
722.4435625
943.7535625
762.887625
760.9404375
757.598
785.74075
768.2720625
746.7220625
789.570375
739.32025
965.1975625
889.19075
689.1704375
707.0379375
728.43925
684.1784375
713.383375
757.8776875
812.131625
765.312125
673.248125
773.4095
707.3329375
784.110625
722.47875
683.8591875
739.02425
797.2483125
741.407375
841.827875
753.333625
710.021375
753.0213125
879.1066875
739.4933125
854.4469375
763.041625
712.31975
727.744
760.5975
913.01825
808.1500625
730.8765625
961.8646875
697.225375
719.2058125
710.242625
869.703125
781.0223125
823.0113125
881.3675
728.3195
805.4351875
897.7281875
767.377
762.019875
651.5643125
784.6670625
695.564125
721.3344375
710.2195625
719.983625
794.1114375
872.1934375
1036.761
715.8673125
734.6935625
908.8080625
779.6329375
720.1711875
852.6380625
798.8273125
1030.65675
721.1781875
973.77775
733.116875
844.67275
943.77925
789.1795
724.226625
809.672625
708.6999375
747.3004375
750.352875
715.625125
706.0615
767.8078125
713.243125
707.60025
727.24425
716.0014375
732.078625
858.680875
734.8409375
740.0661875
926.1494375
712.4915625
747.3406875
768.4028125
856.1153125
722.37725
746.5879375
894.1810625
928.227625
828.971
710.3514375
716.42425
798.2755
871.5221875
860.331
743.6005625
707.5210625
767.084
712.5065625
727.863125
865.8635625
775.5468125
734.630875
884.380375
864.9520625
726.51025
736.63875
754.742125
751.6115625
765.5846875
647.712
739.871875
817.4991875
714.5624375
872.4643125
860.401375
738.5240625
662.4583125
788.343125
727.6236875
806.7558125
778.4815625
890.9180625
755.7463125
752.69975
754.4203125
723.858625
852.5560625
1198.832
1073.7255
946.2639375
816.50675
738.7949375
1032.6820625
726.9218125
715.4645625
663.4663125
866.5815
741.29825
1043.308375
783.62
1205.15475
740.761875
701.295125
704.819875
769.325625
697.7591875
778.019875
1026.8691875
712.5556875
732.5386875
745.5774375
744.5506875
806.11575
735.22625
725.88575
791.8310625
863.4510625
803.7940625
769.38925
796.353875
821.6386875
720.3891875
689.650375
717.9035625
845.059375
949.372125
752.2368125
733.0274375
779.1910625
772.903625
756.31025
726.5125
875.755375
723.8713125
708.9354375
981.8656875
768.5508125
782.9626875
696.8988125
738.9159375
713.2295
741.8015
846.2625
736.16325
807.7275625
760.713375
756.0174375
747.91275
776.194625
734.218
745.419625
838.75025
853.438
710.5379375
766.5821875
834.192
735.4235
774.2755625
917.153375
730.3054375
700.4920625
722.3836875
817.3919375
758.904625
767.9689375
730.986
891.752375
971.277625
727.4290625
819.34025
836.553625
789.6514375
762.7778125
707.018125
755.517875
835.5730625
852.3114375
717.23725
739.5783125
669.3569375
864.7814375
771.938625
721.8498125
685.947125
718.0346875
795.0651875
838.35475
730.9796875
682.5768125
795.8019375
769.08625
797.2824375
742.8563125
749.5820625
1082.096875
832.3259375
737.416125
718.9963125
745.522875
729.3046875
748.587625
736.60125
748.18525
770.3918125
723.69775
760.853125
670.3403125
721.4326875
755.9970625
961.65075
899.1266875
723.6795625
705.6879375
721.6793125
723.93675
759.0989375
765.4550625
872.6855625
736.218
793.098125
895.0446875
728.3999375
760.7410625
690.88225
927.81675
847.827875
802.5054375
898.77575
761.5665625
708.921625
721.440875
790.1216875
791.6788125
796.1764375
869.8384375
719.6260625
898.6013125
812.3391875
737.3
689.4908125
858.6378125
884.8815625
712.665625
718.9645
743.904625
661.8998125
724.6555
740.958
697.82225
703.9833125
772.2589375
777.860125
776.8609375
772.50075
817.8678125
757.4715625
716.04375
898.8601875
777.609875
879.8418125
708.354
759.9859375
674.2625625
777.8044375
752.341875
800.057125
678.895
706.9799375
754.4186875
661.61825
831.6053125
814.122625
715.1008125
1106.46375
675.2403125
830.5361875
675.7838125
905.8234375
728.06475
742.0111875
811.1225625
737.08475
734.476125
723.1188125
775.3029375
756.5328125
744.395625
921.6885625
704.6676875
886.617
622.727875
962.8819375
857.3566875
729.7569375
761.5478125
756.814125
683.8308125
725.9806875
758.17075
716.701875
851.448125
897.1190625
698.12825
831.5108125
792.7720625
825.0514375
824.3998125
692.9024375
812.623375
777.2529375
782.5939375
747.001125
761.0556875
764.99725
715.648125
717.1000625
739.6221875
846.68125
713.896625
954.551625
717.717125
783.9200625
716.9640625
831.363125
751.4458125
713.1325
673.27725
787.935625
810.824
720.2915625
745.7781875
725.1543125
1046.34375
745.378125
903.7849375
693.4210625
696.44075
1056.6
796.540125
687.2440625
826.164625
739.981125
722.1379375
879.983625
816.706625
707.9998125
828.669
727.7881875
817.3880625
721.7830625
743.1365625
822.800875
776.7053125
736.699875
738.5675
826.6196875
766.3403125
718.173375
712.6695
738.306
833.7888125
1004.4126875
697.84675
722.137875
802.550625
746.2943125
723.954625
728.925
766.91825
846.3649375
851.9566875
731.578375
698.4263125
828.7936875
838.001875
756.9184375
707.884875
659.30475
903.800625
692.83475
752.2723125
720.899625
762.278875
719.9323125
730.3658125
716.832375
665.365125
714.63425
1243.609875
780.506375
749.2869375
815.769
782.250625
822.8173125
753.675625
794.049375
932.0650625
734.67125
759.6456875
854.35375
717.610125
733.395625
842.896875
707.01375
897.995625
774.5795
709.770625
718.8750625
690.393125
805.376
721.1223125
796.4018125
812.2173125
966.863125
702.7705
765.8275625
805.473
803.8980625
800.333125
772.36525
918.3198125
750.06475
789.5655
729.5313125
846.5391875
802.227125
731.9325
730.75525
700.08125
738.0984375
774.490375
797.07525
722.905
659.6605625
732.744
782.344375
1010.562375
680.603875
847.5510625
703.05275
741.8049375
736.933
773.5004375
791.46525
708.1653125
806.4005625
708.7223125
739.7968125
693.62725
723.66075
743.393125
837.13625
839.275875
740.768875
908.5458125
843.3745625
721.6249375
763.6234375
920.7855625
720.2454375
724.131
856.108875
750.8459375
733.540375
767.9146875
727.548875
711.7870625
940.3773125
769.404
720.826125
698.41975
851.4614375
709.1376875
746.396625
775.9723125
718.9519375
779.751875
929.992625
906.535375
726.1639375
864.1651875
755.8945625
706.350625
677.0211875
704.6393125
729.6083125
797.360875
723.8106875
890.5270625
1016.8999375
722.349125
709.7473125
697.16825
655.0174375
751.5434375
692.901625
737.998875
725.659
662.3654375
833.9248125
763.29
690.1120625
1237.362625
783.3033125
736.3831875
730.0671875
745.7495625
775.043
708.885625
744.560375
848.0463125
852.82325
738.293875
768.5184375
762.9741875
854.0718125
687.94975
748.5993125
913.2735625
777.188125
783.3233125
719.1166875
766.968
705.5385625
738.139375
740.6495
900.117375
1035.70025
707.3266875
714.4699375
946.722375
1061.64925
726.5370625
815.7119375
736.038625
745.7580625
747.0256875
786.311125
790.9061875
786.4083125
757.4385625
915.6030625
807.7345
762.7380625
789.727875
784.711625
983.1541875
815.0035625
833.2836875
897.389
908.308125
764.1224375
725.106875
856.6588125
693.4088125
707.0433125
773.92225
808.443125
740.70575
730.5449375
676.5595625
749.41375
713.038625
1021.2155
783.473375
723.31025
743.7961875
689.2358125
785.7180625
742.04125
912.9738125
759.0126875
794.873125
725.73275
790.639375
809.747
885.0880625
737.145125
976.0146875
795.42
751.9955
738.026125
778.240875
841.8983125
753.603375
714.0138125
694.376375
702.085875
722.4835
848.6936875
673.2611875
676.5910625
913.4599375
759.80925
824.1774375
766.1438125
912.494625
696.3719375
801.9111875
712.3836875
718.5101875
776.9254375
733.786625
752.788625
718.9244375
716.861
739.2651875
735.8065625
812.8781875
871.385125
903.510625
705.8914375
859.6275625
758.7838125
714.6243125
725.9830625
701.3181875
780.470375
757.51025
760.5468125
767.449
718.804375
779.692125
752.4034375
730.513875
779.0410625
731.222375
819.1701875
722.8334375
700.9555625
659.4388125
749.6330625
721.2448125
698.1330625
736.389625
796.4195625
709.448875
752.349375
767.8955
698.7169375
689.7705
748.646875
850.33125
714.706375
731.696625
710.7244375
730.9614375
693.7555625
735.1214375
792.499875
871.4073125
819.497125
786.460375
774.775
778.4879375
785.4961875
920.6329375
756.5090625
725.145
1000.083875
773.7945625
722.073
843.2721875
713.576625
732.3593125
705.1160625
721.292625
678.865875
889.3021875
707.0586875
744.65775
770.669125
821.8185625
842.0455625
746.4235625
737.592
732.1750625
823.43775
784.7639375
936.415625
744.315125
754.6650625
787.3575
725.2919375
688.7960625
718.7905625
778.507875
901.45425
775.9018125
782.4415625
694.9645
713.072
641.5368125
765.152875
729.596
754.2065625
869.31175
729.4646875
808.112375
748.5655625
707.931375
963.673
738.2495
726.5391875
720.6534375
745.2066875
672.1904375
764.738
742.254
711.4091875
764.382875
817.0368125
707.059875
700.870625
784.139875
820.9586875
749.4858125
773.4218125
795.3204375
771.5003125
805.320375
752.8571875
704.555375
723.50325
891.8521875
817.3398125
689.0505
774.022375
797.4818125
842.081875
718.3305
735.0600625
749.0618125
694.985875
684.421875
742.6314375
743.5998125
893.9794375
904.0348125
853.481875
726.365375
749.712375
707.8785625
726.80375
867.8159375
839.96725
642.5901875
734.0606875
708.79975
704.5555
960.6929375
1086.602125
725.7499375
809.630125
869.3336875
898.46875
901.56025
704.71575
751.50775
678.8910625
765.45525
721.6229375
771.916625
787.13
780.8565
779.398375
742.038
745.8698125
714.18625
828.956
679.9223125
717.4005625
817.508375
892.3005625
681.4429375
765.7024375
1037.6476875
768.9390625
961.865625
709.0376875
817.5171875
705.9635625
722.44275
767.5138125
750.2411875
737.6939375
691.376125
820.2395625
889.574375
697.1463125
701.300875
784.5903125
726.9919375
702.269125
776.0189375
702.931
857.621375
701.6044375
956.9615625
785.0735625
834.0659375
813.41
760.9098125
775.0161875
884.127375
731.5835
789.617125
741.416125
744.0464375
847.3856875
762.572375
685.9494375
975.8195625
749.2560625
706.01325
747.133375
737.3641875
739.6279375
741.2590625
819.9750625
971.411375
702.9339375
782.201125
699.488875
1124.775375
750.350875
737.0878125
719.56925
739.09225
833.7906875
753.58625
794.3908125
890.779625
855.609125
827.657125
726.566875
716.5273125
739.7016875
741.304625
716.5261875
775.9786875
786.1981875
820.0395
792.9268125
958.895125
970.578
651.0845
707.3125
743.905125
738.74975
801.2950625
802.251375
667.2836875
749.77975
755.60775
903.3965625
737.3041875
886.381125
706.9524375
704.6048125
673.29075
754.6411875
811.64125
804.06025
791.043
850.817875
757.4594375
705.74475
713.649625
773.842
710.0333125
744.352125
842.84875
784.10575
711.8771875
685.63075
770.7978125
792.9345625
801.06125
756.712375
733.335
733.7985625
708.1936875
743.1176875
1008.538625
768.42275
680.0376875
724.9338125
815.349
739.044
719.726875
673.3055
737.5439375
757.8596875
710.9453125
856.498625
747.6096875
882.12225
707.5160625
688.416125
771.433875
720.7906875
901.9994375
763.8714375
731.957
801.52775
745.9626875
802.5174375
773.882
735.859125
738.9500625
753.116125
714.6344375
965.93475
855.263875
855.6056875
712.7871875
682.378375
1090.422625
692.68075
737.8386875
736.342
770.03575
822.317125
644.280375
727.2400625
750.1710625
718.0935
823.1876875
710.13275
830.497125
752.7246875
727.6688125
722.899375
783.348
870.0543125
932.7383125
791.03725
764.609
781.639375
719.4920625
753.0005625
726.5936875
861.1905
668.1899375
768.100875
767.727875
780.9226875
747.6835625
1091.841875
713.631125
743.68325
706.5045625
741.27725
724.6056875
677.3313125
728.741875
808.45075
709.058
859.1650625
737.490375
864.61125
948.636375
895.6211875
841.1006875
760.3953125
731.714625
764.20975
767.819875
788.3005
716.678375
716.3015625
768.802125
936.28025
1183.903625
761.459875
799.7744375
1214.781
760.32575
702.272
802.75675
700.9716875
715.8681875
667.0926875
703.9375
757.661375
893.90525
776.3723125
866.278
718.23925
744.8886875
783.8525625
713.33325
758.7226875
949.6136875
1036.0831875
713.5081875
835.0191875
698.5618125
695.2184375
732.120875
757.9544375
735.1666875
827.9371875
876.1091875
727.6035
792.638
926.76625
818.887
792.519
761.3150625
670.37125
732.4593125
728.915875
741.4588125
921.5295625
741.1399375
914.2448125
803.582125
852.8016875
779.731
691.252625
879.32975
847.655875
713.8884375
690.087125
816.4444375
771.82425
855.74225
776.43275
735.124
784.3588125
758.3965
757.217125
720.1770625
831.2893125
729.2231875
761.107
972.0200625
733.82675
822.006125
785.6015625
715.143125
783.2776875
768.4914375
1069.577375
929.003625
711.1784375
805.90475
780.722875
824.4266875
723.5818125
730.832375
694.1750625
760.7051875
760.183375
941.6276875
752.8744375
672.5324375
685.6465
1114.335
781.3309375
852.6685625
754.3014375
710.6698125
826.7801875
738.204625
830.6128125
986.328125
722.761
760.2240625
812.98775
732.0805
866.5691875
690.7710625
880.24775
778.09275
950.672
887.50625
767.3829375
708.997
1461.42375
718.779
696.5936875
704.7799375
745.3456875
728.699
790.45775
720.4101875
855.592625
716.423375
802.53175
942.9489375
720.9275
669.7196875
679.809875
866.2829375
832.687125
837.6165
750.475875
885.378875
1124.044375
895.3603125
781.977
663.48425
798.7444375
755.4384375
920.4675625
1060.08875
866.622625
762.03725
784.341375
715.94325
980.8088125
891.2470625
687.84025
876.543875
768.3335625
744.169875
693.8054375
714.52375
705.751625
877.37225
735.6680625
730.5803125
688.4573125
827.351625
710.0100625
755.3425
728.9848125
701.07325
780.2169375
743.3675625
766.6225
662.0880625
709.25125
870.6720625
733.1301875
729.0869375
895.5375625
732.0318125
777.8596875
758.8943125
796.159125
720.309
742.5181875
978.142375
806.9421875
722.2741875
743.406875
803.4910625
822.57825
756.34675
765.99275
796.19275
794.3885
730.7983125
781.082625
769.8585625
787.03775
778.46625
822.113875
819.3765625
707.532875
844.0440625
700.4950625
751.330625
758.0724375
763.09175
766.351375
979.949375
693.1026875
787.3668125
729.7931875
726.2840625
729.5476875
728.714375
1194.674125
794.7279375
734.8665625
898.611125
735.944
743.0804375
1037.1378125
732.60925
723.8059375
1171.321375
720.2996875
758.90175
733.405375
901.3306875
725.40675
756.7806875
759.9625
898.686125
742.570125
841.677375
724.08275
711.162625
747.39275
722.1769375
690.9119375
730.06675
790.845375
918.711
802.4795625
688.24625
640.4745
737.6500625
877.9618125
702.222625
755.127625
1065.211875
833.4445
893.47725
739.829125
729.4663125
774.0465
738.115625
919.9083125
737.6784375
781.43875
747.808875
695.7633125
724.802375
725.365875
724.2236875
725.21575
757.113
957.786875
769.5823125
710.74575
719.3841875
705.3325
755.7666875
710.2124375
726.4321875
764.4293125
650.487625
701.4090625
711.7775625
756.1706875
805.053375
783.4828125
799.82325
843.47225
757.5178125
714.0775
964.5365625
764.051375
759.9951875
752.752875
790.894375
735.2323125
749.011125
829.4668125
792.2364375
831.7581875
757.873625
717.97325
692.914
995.289875
1010.5850625
739.306
778.873625
691.76925
883.81625
723.3104375
723.952625
819.6043125
715.0774375
735.7980625
762.058375
737.5620625
721.7114375
786.851375
779.0576875
772.7090625
677.2755625
724.3415
877.4958125
753.9373125
770.01425
783.9409375
879.1566875
780.1439375
749.4423125
743.7218125
754.304
809.4226875
809.329875
739.1405
744.238125
746.3704375
818.8005
692.279375
694.5244375
743.5710625
794.9315625
726.92025
722.8971875
707.2495
941.1534375
658.036375
977.46125
737.6434375
786.8475
765.81
1023.1440625
760.944375
815.3720625
750.7991875
755.62425
756.4323125
864.125375
716.5149375
755.58625
775.8163125
685.7344375
812.48125
700.966125
808.8056875
727.254375
718.496125
778.5241875
821.2143125
749.44625
696.8673125
713.5144375
888.623625
695.11775
820.0854375
822.1239375
734.5124375
896.2036875
746.727125
703.43125
1092.797375
718.6843125
804.867
758.215
668.1109375
736.926625
800.985625
880.322875
760.1385
673.470375
763.9669375
748.2331875
640.4288125
1214.6075
839.8135625
757.7005
801.85
864.5115
727.8931875
705.1936875
732.9954375
812.1779375
725.862375
740.4791875
652.613
867.14
747.013625
673.2659375
790.0625
816.887875
724.2848125
850.0360625
831.4114375
741.925125
755.41475
753.335875
774.8375
881.0956875
1272.065875
774.65975
741.991
779.1810625
732.0593125
716.9245625
729.1774375
729.8885625
727.5251875
721.0423125
1074.351875
819.0595
757.8541875
703.146375
722.2811875
726.759625
741.253
749.25375
740.1796875
657.9149375
744.277375
739.420375
736.529625
834.8058125
859.8026875
831.94075
704.625
764.6220625
798.6230625
1006.844375
901.1910625
708.92375
752.319
795.2605625
836.168
815.6560625
698.7614375
753.5723125
973.94675
741.419
800.7996875
736.3220625
729.3989375
748.65325
734.535875
796.8063125
740.163375
727.2411875
720.0608125
780.931375
722.6175625
725.5713125
744.8085625
789.3584375
795.6420625
757.782375
809.754375
1178.597125
996.4483125
795.66825
735.6504375
837.978125
724.8661875
869.3505625
755.7373125
690.3944375
1323.071
722.3003125
709.93
742.2405625
748.795875
751.9590625
780.894
775.0204375
744.1681875
749.604375
770.91625
752.66625
789.5410625
888.9778125
794.2883125
722.564375
798.5193125
728.768875
724.3884375
805.9553125
809.4413125
747.4825
786.8488125
822.3323125
783.7678125
802.8443125
756.540875
1085.071125
674.854875
849.11975
784.7923125
803.0694375
754.36975
785.7166875
752.517375
867.9161875
766.0124375
1080.04675
775.7925
789.207125
765.970875
713.6823125
789.4883125
771.0794375
763.3381875
812.3483125
735.2539375
789.796875
783.17875
811.801
782.4634375
776.504
795.631375
923.771625
1023.873625
725.7488125
1005.0230625
766.0003125
706.9405625
858.586625
842.68775
746.3955
739.5723125
724.4221875
776.3804375
752.155
718.498625
717.32425
750.946625
854.20475
795.8599375
697.3656875
770.7144375
724.46525
721.5089375
828.919875
724.6275625
740.4431875
852.956875
657.6533125
760.5003125
992.120875
749.62825
717.5061875
