725.7475625
767.040125
723.8739375
759.4923125
810.70925
1008.059625
735.9339375
715.03725
722.72175
976.81175
701.4693125
829.70425
820.83375
740.1343125
692.121875
734.5785
744.4494375
876.1814375
1024.3678125
699.4894375
737.3925
674.2741875
766.2711875
871.7591875
731.2704375
788.63425
763.7661875
853.015
822.0234375
774.1175
897.3884375
872.6933125
695.146625
849.4755625
685.40125
876.5201875
742.1523125
875.8840625
704.5475625
661.014625
744.63025
720.84775
777.411125
741.501
750.39625
712.7650625
788.831625
773.3136875
700.09125
699.2326875
1035.379875
792.6836875
718.2268125
743.7976875
805.13625
739.842875
738.8586875
889.440375
685.122
716.36525
752.180875
763.186875
786.6624375
733.808875
723.603625
702.307
1034.4421875
712.7111875
710.053125
718.5994375
792.8288125
739.182375
820.7906875
769.705875
815.7528125
766.961875
773.5261875
748.3876875
766.8056875
877.2308125
723.1149375
740.41725
951.508
801.0915625
830.51225
760.9805
752.6054375
734.7563125
754.031625
779.76125
650.2213125
713.0129375
739.421875
622.41925
893.1429375
814.345
708.3811875
772.290625
697.633125
754.4845
716.548
775.3365625
759.86225
722.89525
802.3611875
780.941625
727.7925625
758.2515
877.257125
725.9243125
746.894
810.18675
753.5645625
848.5606875
789.4248125
782.3415625
768.3745625
729.928
715.435875
810.4861875
716.3116875
708.1454375
873.1219375
728.5220625
716.8500625
791.1964375
713.19425
711.6384375
732.0098125
719.2471875
784.0895625
720.6711875
783.075625
752.3665625
748.0071875
809.5111875
703.78125
762.4751875
853.32475
733.0255
666.4926875
723.1175625
715.034375
874.53525
743.5889375
831.5371875
766.682375
743.0386875
861.530125
778.1584375
712.1378125
750.7274375
900.0864375
688.3469375
741.1176875
759.696375
772.0040625
988.343375
741.7549375
697.196875
761.4435625
845.6065625
730.0785625
735.7945625
743.083125
710.40975
699.87925
859.3615625
845.900625
816.0781875
872.5121875
713.289
708.7271875
749.2808125
846.3705625
731.18225
734.95025
757.695625
668.1455625
687.67625
764.49275
798.5740625
687.6703125
795.0421875
810.8905
692.168125
819.936875
788.4759375
857.684875
787.242375
751.765625
720.94025
716.936125
739.115
705.6986875
677.1228125
663.622125
866.8589375
860.598875
813.8931875
838.374625
747.5535625
718.6709375
774.3429375
791.5874375
805.3785625
821.9375625
824.7981875
693.659125
766.2961875
804.5920625
731.94475
748.263125
894.192
659.150875
863.6905625
700.598375
726.4963125
718.7424375
843.4243125
764.5854375
773.8028125
746.3215
678.3101875
903.845125
777.443625
796.765375
876.291375
756.558375
762.19975
763.989875
797.3814375
848.2325625
747.03475
822.673125
723.24725
840.049875
700.72975
731.9623125
783.840125
684.8439375
742.4925
749.48825
733.5028125
676.266125
807.9194375
867.4254375
1151.202
711.0541875
818.6215625
785.775375
874.670375
723.4841875
766.0234375
834.872125
782.693125
781.5771875
657.5475
753.2129375
772.196875
706.369375
880.2949375
734.1228125
1019.7144375
757.336125
645.026875
755.4521875
730.1985
794.64625
760.477875
724.026
839.3166875
727.784875
890.8995625
752.97275
797.8878125
733.368625
1012.059125
794.6984375
841.6974375
750.4064375
860.4334375
804.99725
787.0525625
781.1615625
683.215375
801.4038125
790.247
719.1610625
797.1145
850.6905
780.602375
890.3806875
839.0285
791.36725
796.4965625
720.2515625
716.407375
687.24525
768.9644375
697.9305
746.6605625
711.9509375
730.1466875
782.4321875
809.5054375
840.18525
648.522125
839.774875
772.1251875
742.466625
745.5878125
803.377625
817.7073125
797.255375
827.131875
752.845375
930.446
815.4241875
762.806
871.4123125
759.3755625
810.1435
739.9566875
709.1560625
745.74
778.0453125
727.608125
734.65525
721.8755625
956.203125
715.1865625
710.75175
790.2675625
812.098
823.617125
736.445625
784.8630625
803.5675
705.007875
767.25875
886.89325
824.9064375
781.04425
717.3083125
1031.7633125
711.90625
715.148375
708.203625
833.61525
758.30425
882.3633125
740.6924375
732.1295625
738.0659375
729.312
601.8311875
856.7170625
685.9189375
861.3263125
699.042125
799.777625
719.713
652.5725
732.5190625
854.3045
794.823375
710.4441875
727.869
785.769375
764.2355625
788.5223125
705.3983125
820.7799375
742.696625
702.086125
823.1396875
749.6185625
722.0550625
685.9649375
795.626375
704.57575
785.1018125
717.9403125
753.0306875
749.665375
711.1129375
794.3308125
819.7888125
754.0678125
731.5225
771.856625
777.013875
785.6865
788.2840625
765.983125
715.8563125
698.8695625
856.5594375
725.7555
716.3993125
738.11975
897.6818125
843.343625
711.571
744.2860625
717.588375
752.7001875
764.9380625
673.7179375
778.857875
767.1794375
778.21675
713.5424375
729.91525
840.75975
788.663375
730.1385
716.816
867.9586875
727.4559375
922.607375
732.246875
871.23175
733.08625
799.7054375
836.2203125
800.5939375
733.008
762.35525
769.8864375
891.99975
943.869
724.7926875
718.818625
816.5925625
774.6683125
754.8934375
705.0880625
744.7531875
762.3799375
655.7050625
759.744
769.07125
716.2076875
721.301625
786.5050625
873.8635625
710.9316875
681.4648125
769.3985625
792.3869375
992.665
769.3981875
890.7753125
796.153375
992.3973125
722.9589375
732.1463125
850.6128125
736.64475
780.4940625
861.3584375
732.6185625
697.744
756.8713125
762.1335625
698.2375
679.912
727.3985625
757.0349375
816.827375
710.892875
663.877
690.4535
728.939
870.361375
701.125625
738.7605625
758.7098125
896.3496875
812.7304375
738.6745625
747.702
842.199875
900.984625
783.884375
821.0920625
780.739
831.7944375
714.01325
742.2655625
696.321875
731.578375
737.2355625
733.70975
756.9964375
743.4606875
807.2738125
733.483875
769.41775
716.6571875
710.9099375
754.9421875
802.4651875
747.399625
949.4416875
756.4375
816.7095625
743.4333125
683.988625
780.0795
732.8126875
794.309
765.82925
792.59425
765.2535
771.90225
755.933375
816.8270625
866.9125
772.682
718.1996875
749.2220625
771.510125
701.4085625
720.8110625
774.3576875
828.487625
728.3525625
790.8111875
936.5071875
728.9976875
861.6505
683.3709375
790.715125
731.093875
908.3316875
714.79075
738.9514375
749.723
744.263
739.532875
755.5453125
784.44575
808.93175
758.10625
706.239625
705.5149375
737.8565625
678.618
762.116875
750.6929375
777.254125
859.7515
745.5618125
760.7105625
737.6304375
1006.967375
897.41025
713.1928125
757.5455
748.31575
756.002625
770.81125
695.1640625
782.31425
762.471625
762.8178125
762.0589375
838.73025
795.6034375
768.886
774.54375
777.4839375
690.892125
798.669875
732.4535
816.3041875
744.928625
720.6696875
868.9371875
690.4608125
701.53075
774.457125
927.946625
752.6248125
725.27775
719.45825
732.50025
744.129875
731.272375
739.8009375
755.9490625
798.77675
757.7015
867.3794375
689.75075
770.1715625
751.8225625
737.6834375
941.622125
727.6405625
824.494875
633.428
724.9968125
852.767
748.58825
647.8906875
777.3465625
790.50625
758.0099375
748.6889375
913.61225
691.469125
764.35125
686.57125
737.5260625
755.20025
707.173625
745.636125
746.9546875
777.488
922.08625
782.2920625
783.1633125
913.0729375
808.7270625
730.4415
732.423125
739.6335
738.0610625
739.704
777.099625
685.1944375
806.4090625
716.841875
691.8935625
855.4055625
770.458
818.317625
712.7035625
800.5041875
740.252875
935.4615
881.92275
751.0394375
795.0536875
784.7453125
747.0078125
749.41
791.0308125
869.157375
669.33075
740.2891875
816.78675
724.31075
844.5149375
818.7129375
765.9568125
746.698375
748.3803125
829.3580625
709.9333125
770.6879375
724.70425
786.428125
772.2715625
771.559
737.1638125
764.745125
797.200375
748.205875
694.22825
762.11925
648.0921875
800.41275
840.5366875
755.1754375
777.145875
748.8669375
701.1506875
801.547
765.5453125
846.02475
761.0118125
754.9590625
746.107125
763.43825
659.4673125
785.2613125
701.53975
736.1763125
706.2825625
757.298625
897.0784375
644.44675
685.056625
842.0513125
705.9250625
809.138875
716.504625
831.2405
724.2763125
713.5860625
812.9440625
776.737875
709.96575
739.659125
787.3361875
714.668
710.7335625
724.6018125
727.8583125
820.4940625
739.8694375
905.64125
701.7439375
876.4949375
734.28425
809.937875
786.0985
774.0858125
795.5639375
756.268125
816.2696875
726.23975
689.9755625
807.6251875
898.5135625
771.591625
753.255125
901.485625
861.1515
794.304
670.9003125
773.0511875
687.51075
727.3265625
849.30075
857.09525
697.808625
707.6055
782.9155
757.209
739.483125
738.8539375
709.2931875
768.150875
857.472625
938.2151875
757.9595625
725.9596875
687.609875
827.952625
716.287
745.93675
1038.278625
706.834375
765.7630625
851.745625
700.7823125
729.56775
778.9085
754.9079375
698.765125
917.4968125
716.9379375
710.013
743.2605625
766.6235625
806.1279375
673.81125
777.73
697.1439375
746.2369375
760.260125
818.5629375
778.217875
918.23725
797.6100625
928.0554375
750.905625
751.257375
774.78325
725.96375
742.20175
827.8325
801.629125
745.9005625
902.33575
789.410125
707.4923125
777.413875
690.444625
791.7388125
847.6250625
829.9011875
796.9336875
951.3901875
764.9226875
812.017125
824.8865
793.241625
759.7703125
768.6150625
735.256875
710.186875
752.2959375
682.03075
728.2635625
810.8024375
764.8049375
712.6865
745.0510625
777.2545
754.2841875
727.25975
875.3013125
868.57475
694.795
923.7716875
718.9190625
740.2140625
762.0065625
692.8334375
755.707125
761.975875
735.345125
755.6259375
719.90275
869.618375
702.227875
743.6499375
697.927125
688.977625
865.288125
777.11325
804.5379375
722.6699375
767.8238125
781.333125
725.871625
736.4755625
770.45375
706.980625
825.0225625
779.364875
712.58225
849.556125
720.90225
752.326
1137.372125
821.7754375
757.7245625
772.6385625
706.55575
756.651
728.7605625
1005.08175
725.870625
768.7813125
711.2386875
824.311875
751.5750625
766.7084375
778.8365625
727.033875
754.860125
734.3534375
765.1030625
884.0784375
904.7086875
767.457625
771.06875
736.663125
717.1113125
882.509375
671.4794375
741.5423125
770.0379375
766.1025625
770.7345625
930.411
802.72125
807.8403125
746.6436875
888.6008125
720.54525
1017.3021875
727.6565625
757.2619375
765.745
851.3413125
723.622875
717.26625
742.334375
726.9484375
838.0588125
716.1621875
719.3630625
684.0984375
736.3565
744.1470625
703.0720625
825.6884375
810.0584375
817.5654375
850.0618125
810.76175
898.9863125
736.953625
717.9145
744.468625
783.11325
754.339125
819.84825
767.2646875
739.591875
730.7960625
675.731
730.3864375
737.283125
746.3675
732.025875
693.2665625
712.6195
751.58
847.246875
767.8579375
715.8943125
854.1688125
880.9711875
628.7985
714.7641875
748.6203125
785.0371875
748.619375
804.78825
724.647875
1045.4858125
745.6336875
721.7884375
725.6375
745.1939375
690.9971875
821.9255625
724.1865
739.017375
743.6249375
726.4230625
751.46125
795.0944375
735.6204375
753.071125
773.5723125
819.1218125
760.7538125
714.112
891.9924375
716.9926875
775.2579375
752.4184375
744.1704375
731.2015
797.4089375
949.1648125
753.9258125
786.881625
734.0666875
682.7135
729.8483125
812.783375
718.7674375
789.9973125
774.726875
753.803875
765.3925625
753.0681875
861.7156875
900.4
730.34325
693.1128125
807.95775
870.817
749.0100625
716.0981875
685.7294375
805.7379375
717.44675
763.577625
818.217875
720.432375
737.4980625
730.156875
763.6486875
694.221375
702.343875
686.09975
770.9246875
915.5245625
735.434375
694.7820625
788.4549375
807.7344375
731.1116875
892.73525
722.7298125
696.6235625
815.99475
781.0300625
699.872125
750.2725625
878.2171875
917.2106875
735.00775
739.952875
768.8641875
742.669875
719.1624375
762.1491875
709.6085
748.619
744.5710625
736.280125
848.607625
765.3875
709.324625
966.9151875
747.6240625
755.4534375
749.1556875
842.007375
777.4795
737.52625
710.3973125
856.3619375
697.9203125
736.8875625
721.459
679.0209375
893.0760625
735.2100625
853.176625
740.571625
774.4636875
741.567875
841.779375
714.354
820.6745625
714.7868125
730.945625
869.388125
741.8691875
755.924625
786.04075
738.9373125
798.843
772.584875
830.32075
854.499
720.233875
694.986
739.96525
724.9405
813.403125
742.3729375
784.21375
714.2243125
769.3538125
709.1019375
774.85325
721.44625
761.124875
723.966375
725.6570625
749.2859375
688.3865625
760.4894375
845.3605625
763.3873125
810.8751875
810.7456875
1017.822
671.2949375
727.4029375
722.052125
875.3443125
771.251875
709.6055
775.22225
766.6424375
730.9473125
695.482625
727.2075
837.985125
767.344125
857.5608125
726.7073125
816.941375
702.3175
682.0133125
796.2794375
779.809875
812.8049375
709.5895625
879.33925
802.5611875
771.155375
794.802375
748.1399375
782.1369375
1052.812125
784.141375
732.876875
975.6235
824.4518125
691.367375
745.2758125
737.8360625
752.1606875
749.4818125
744.62075
749.0109375
787.566875
726.6545625
684.3394375
781.6416875
771.7456875
722.0383125
818.6189375
778.5160625
733.1635625
739.5016875
710.1504375
787.3581875
723.980625
783.1553125
721.6990625
719.0803125
698.5614375
741.7836875
770.74375
713.1005
792.9344375
881.3435
731.0146875
702.9340625
781.9745625
824.0746875
787.8526875
737.8925
773.8446875
749.079
719.8298125
847.335875
695.721875
785.0695625
767.8184375
679.56775
795.3274375
693.1650625
1017.8741875
764.7871875
789.929375
766.5995
784.0074375
770.574625
751.6966875
853.1234375
792.170625
826.0185
721.8448125
930.553125
783.378125
775.9775
744.4565
754.889125
841.8483125
694.1453125
744.7213125
744.6639375
749.51175
760.80475
749.697
732.4810625
861.2030625
772.1450625
701.766
783.305
709.799
718.4908125
725.949625
728.798375
701.8453125
697.834875
748.644875
774.8133125
756.682375
724.513625
774.2189375
781.8753125
774.0336875
813.1095625
704.2565
949.6280625
755.8284375
789.9435
798.0114375
877.2333125
799.8629375
689.7810625
767.25375
693.0125
750.8831875
683.62325
724.380125
774.5701875
761.654125
773.3298125
750.5533125
743.98375
735.4223125
745.252125
726.5026875
730.67175
782.4769375
799.1528125
757.861875
722.170125
721.478875
729.6203125
782.0323125
791.5385
681.5930625
701.1931875
758.3038125
770.98225
874.35975
686.3274375
696.283375
654.34175
686.3830625
768.278375
850.8829375
774.0118125
788.05875
799.9368125
823.600375
705.3588125
804.89325
873.26025
719.856375
781.9079375
737.056
740.2233125
724.9689375
823.092625
768.6059375
786.7820625
1140.043125
895.9013125
715.5494375
954.1596875
777.6155
728.9736875
786.1620625
749.38575
721.3314375
887.5128125
743.7161875
730.1526875
730.198375
772.191375
722.648375
783.39525
754.6610625
938.3300625
760.4634375
782.717125
717.5135625
810.4188125
766.599625
740.368875
826.3773125
755.71425
710.8335625
730.8895
718.50175
757.5260625
765.77375
746.548875
777.4118125
745.4500625
757.7526875
882.0010625
755.265875
725.4508125
749.23475
707.7490625
710.4669375
741.0658125
701.222
722.20125
758.633625
713.073
689.9640625
715.6881875
747.604125
892.7415625
809.137625
737.8305625
698.3680625
753.10325
939.3596875
695.02375
759.804375
735.881125
721.4254375
738.880875
756.819625
709.641875
710.4935625
942.13625
884.6828125
732.8523125
733.8231875
772.5231875
755.123125
722.8080625
772.4528125
760.9995
750.279125
769.7364375
722.9348125
760.981125
785.4549375
724.4203125
813.19775
814.5588125
766.5035625
683.9500625
988.18825
722.1509375
763.9513125
801.5690625
695.3204375
768.496625
712.711625
796.873375
699.1520625
813.763375
728.7281875
745.2420625
714.0999375
771.2680625
720.2486875
745.2395625
887.1484375
879.732625
818.067625
776.0243125
776.11775
773.841875
739.1264375
821.7205625
705.559125
836.4593125
686.3605
787.88175
733.9150625
720.911625
733.89375
800.1093125
779.872625
759.6894375
741.152125
720.4396875
684.399125
806.875375
790.1809375
814.66325
840.86725
700.065625
740.811125
696.342125
776.08725
779.1394375
748.9046875
733.69825
718.1770625
821.171125
937.281125
702.56375
715.2011875
751.795875
723.4700625
829.284125
758.336375
715.3795625
704.47825
798.0110625
725.7364375
1051.942625
740.8985625
773.2853125
706.1300625
861.1421875
806.59575
746.0105
638.1488125
787.328875
760.0676875
725.0938125
719.122625
733.7834375
738.1798125
722.934375
828.31175
756.7414375
735.2566875
734.4548125
717.654625
800.5368125
852.626
774.0556875
707.7431875
732.079125
775.441
882.787
822.6980625
864.5278125
762.645125
740.272125
751.44775
699.2434375
820.435125
721.8835
815.2491875
932.5290625
771.407375
706.0865
811.3436875
777.958375
764.42475
732.01175
783.3670625
792.7005625
662.6261875
869.4448125
700.738625
707.277625
738.4630625
731.1546875
784.43575
761.858125
699.788375
699.159875
756.967625
847.2854375
789.124125
696.52975
774.9851875
711.984125
781.436375
728.0459375
831.1313125
752.166
805.0159375
675.20925
695.7360625
741.804375
867.667
713.536625
728.5804375
738.6965
733.4331875
737.864875
777.9990625
687.4594375
752.990875
713.6669375
915.9418125
740.8083125
724.5316875
1038.2431875
772.196875
777.160625
717.376625
721.6855625
807.4025625
754.3085
754.681125
1078.10275
821.3865625
810.47475
755.63525
786.385125
827.3634375
931.492125
697.6891875
752.629625
721.0546875
931.229125
734.6083125
819.528875
891.4554375
771.3865625
785.3403125
710.671
799.45575
771.9851875
764.1865625
720.564
760.552375
968.7836875
715.1985
699.4103125
742.069625
730.8404375
717.348875
709.635875
763.2175625
711.289125
693.8800625
685.2601875
781.936625
705.09175
782.7531875
731.1105
651.8356875
686.441125
695.459875
701.1541875
752.225625
846.0958125
755.7329375
737.1268125
763.854125
746.451625
711.00425
712.2036875
708.6201875
735.53925
759.530875
750.006375
847.071125
690.7125
758.7599375
693.92
716.3040625
689.9323125
804.6060625
805.796625
738.8090625
719.3123125
717.5218125
758.7326875
827.18425
832.0715625
761.022125
786.5065625
701.3156875
680.938
779.3359375
816.494625
885.52
781.6651875
768.086
792.4273125
778.3103125
827.573
729.3939375
800.2080625
692.9123125
716.996125
709.21525
742.7754375
888.8685
902.183125
744.412125
735.6715625
778.4525625
751.6786875
819.2135625
729.3783125
773.425125
737.72575
785.13775
791.9649375
736.0504375
730.1108125
845.7701875
698.591625
725.7796875
786.7645
752.703625
839.4139375
1031.2039375
715.706625
715.273875
782.04075
708.532875
670.288625
878.501
852.1043125
767.54725
788.17225
759.4680625
737.7941875
779.8695
711.19725
679.936625
771.0088125
827.2819375
721.1746875
786.5145
840.2555
729.7540625
765.601625
737.8575
743.755625
736.6928125
829.7980625
795.5855625
739.84075
704.16075
954.5923125
751.716375
717.9560625
733.5940625
795.3560625
810.914
901.18
696.4316875
703.23675
697.2416875
791.7996875
860.65575
768.8859375
867.9916875
786.0830625
790.8383125
709.72125
791.2095
889.044625
708.143875
783.987125
799.1498125
645.31975
660.1156875
757.4149375
861.8355625
762.1810625
769.340125
752.41525
777.4625625
757.6165
875.6375625
920.0813125
766.5245
839.0426875
909.762125
734.6596875
989.8476875
755.348125
788.2516875
884.64425
714.5836875
1030.566875
793.947125
873.351375
779.8106875
735.2444375
844.249
754.0101875
742.80825
776.287375
810.6620625
674.0453125
748.3024375
707.944625
701.234125
838.4548125
690.7391875
741.900875
842.58
714.3745625
701.6341875
948.77075
792.7294375
842.32975
833.637625
899.820875
761.7040625
704.3686875
706.0763125
696.1863125
730.914625
807.4058125
780.308
736.1296875
952.5526875
776.30825
739.99575
733.4235625
832.466125
702.1180625
739.78125
753.315125
862.140375
743.1986875
748.3601875
793.8035625
757.37825
684.04825
819.02075
846.7570625
784.5296875
777.480125
734.3933125
732.7229375
758.0953125
780.3951875
766.2194375
807.468625
867.109375
718.7054375
678.6968125
744.593875
767.1489375
671.047125
727.539625
842.52725
765.553375
732.9418125
735.5571875
758.6220625
765.104
767.4908125
714.6519375
776.6508125
787.3176875
803.33925
798.767875
714.48025
748.067125
884.6888125
779.860125
768.072
763.432375
718.1488125
673.8355
717.7678125
708.7521875
867.8255
765.0513125
668.771
719.809875
728.20625
778.521
731.4545
781.15675
769.59725
793.8514375
732.9619375
842.0931875
731.311875
678.2029375
751.4389375
725.641625
760.3100625
717.4329375
803.4098125
859.48425
760.2839375
769.514
877.474125
736.5011875
757.8141875
801.141875
818.187
931.222375
714.5643125
704.970625
756.9536875
714.361
721.19775
790.2670625
788.38125
884.5794375
809.9513125
803.727625
758.195625
703.1954375
746.1985625
854.089
754.106375
725.2315625
764.1175
810.8841875
686.2598125
709.3634375
827.582875
873.721875
668.77075
815.24825
714.246625
735.3965
863.7251875
754.0999375
777.34875
744.253625
777.1386875
806.7425625
780.4235
803.4851875
693.7860625
738.541875
796.718125
743.758
679.721625
792.387875
772.269625
802.285625
722.28025
818.951125
785.1395625
898.867375
749.2446875
720.02275
772.5560625
670.418
797.38275
837.20675
759.011125
782.5373125
774.61825
783.138375
785.98075
715.349625
740.84175
743.1829375
718.749625
747.90925
728.784875
1058.00225
706.888625
716.334375
721.081875
729.562375
657.051125
770.22275
742.9144375
766.2188125
777.782375
772.704375
949.4119375
712.9054375
720.9305625
732.923
766.5048125
747.013625
750.941875
783.0499375
747.03625
701.5903125
771.9755625
756.2595
801.1199375
864.068
694.5373125
745.223875
812.9663125
734.853625
784.4985
731.2848125
729.3454375
880.704875
895.5374375
756.9461875
726.025125
935.3826875
743.074875
705.5273125
818.4886875
768.8083125
668.9295
773.91775
832.8956875
781.42425
1059.657125
747.0283125
802.26575
715.485875
707.5175625
735.0385
788.6916875
776.587375
751.896875
944.1608125
682.964
792.7196875
914.6264375
788.3876875
853.00775
739.832
878.5403125
829.508125
865.2975625
726.9324375
783.8874375
789.442875
728.40625
744.7936875
733.2675
703.041125
705.1355
726.86775
737.8050625
698.2478125
735.941
849.2515625
749.334875
777.6709375
727.606875
777.669125
695.5819375
847.671125
810.4149375
747.7628125
882.740375
730.7523125
763.044125
731.9533125
794.092
663.183
791.0885625
728.6354375
734.283375
800.9446875
750.8365
716.743125
700.816125
753.0800625
818.9994375
727.031875
676.5531875
751.099875
711.3235
718.920875
712.8431875
703.9673125
799.712875
940.3840625
757.621
779.9285625
761.433875
778.44475
738.3613125
726.446875
758.505625
703.143875
808.387375
759.0500625
724.666875
746.7616875
714.2358125
724.5846875
784.88525
700.5554375
811.7013125
828.4413125
786.028625
918.494625
732.6063125
788.635125
693.11525
775.2810625
739.5714375
743.823125
690.6763125
766.0570625
761.719125
745.404875
856.14625
775.5561875
738.310875
814.1625
942.816125
763.537
741.4003125
747.7425625
717.427625
694.174
892.068125
746.95
815.6795
807.488875
766.82925
761.57975
783.612125
1033.0395
792.1423125
803.0281875
769.2071875
715.4108125
1015.2071875
782.810875
886.0929375
784.597
848.1894375
721.2314375
747.8884375
730.2643125
770.3645625
947.952
731.675
787.0316875
724.43575
723.6206875
908.1181875
800.091
767.69275
882.86325
868.335875
790.36
729.471875
602.5701875
710.1401875
928.1445625
713.28475
797.4220625
766.878125
758.5228125
701.978375
767.03125
874.3255625
748.436875
660.1304375
823.356375
867.2091875
710.7665625
775.4330625
736.3534375
765.3499375
750.3519375
805.276
720.7424375
761.8320625
773.8278125
810.366375
791.2955
772.137
751.3955625
743.892125
777.5638125
748.39525
755.913625
859.586125
702.208875
738.6063125
762.552375
840.80775
884.328
797.6453125
894.139375
788.592875
797.976
824.822625
1015.4094375
671.5508125
840.9414375
801.300375
776.921625
750.4454375
701.109375
695.864875
684.3754375
726.6420625
773.0291875
1048.850125
744.1975625
626.1235625
727.7039375
743.7910625
670.6440625
732.6940625
788.3323125
768.036375
879.0224375
878.9513125
705.6956875
771.36175
758.2211875
718.4206875
752.0283125
725.02925
782.3298125
743.69875
773.067
721.5488125
756.261125
723.9138125
712.156625
819.858375
784.4179375
682.2945625
780.5244375
735.386875
791.40375
733.089875
773.694
746.7345
863.5069375
693.2190625
755.22025
709.9010625
766.703875
876.88325
694.4463125
709.238625
719.696625
776.6099375
864.6674375
829.655125
786.2664375
745.4731875
794.302625
692.9765
790.129
776.45725
751.9630625
777.4825625
763.453625
743.423
924.164875
771.694625
760.2391875
727.7643125
823.7164375
774.712
749.6485
768.9279375
693.1770625
700.695125
718.2020625
787.431
743.3383125
636.622625
721.919375
856.969125
732.93875
836.4573125
716.900875
756.513375
701.656375
740.2174375
712.945875
752.2358125
746.402125
810.439375
751.9809375
792.2745
758.7301875
736.0786875
792.4949375
737.3415
693.1576875
722.448625
779.29775
712.1896875
786.5423125
732.7394375
832.369375
725.2003125
755.2268125
866.81975
763.219375
902.651375
767.417375
777.165625
886.096625
762.2121875
703.168625
777.379
719.20725
752.1831875
757.521
725.93825
793.0250625
773.7594375
764.9038125
766.983875
727.1809375
736.807375
726.5478125
789.96
848.9935
696.847875
728.8346875
785.99375
785.7048125
918.515
862.80575
784.3654375
733.0244375
742.447875
714.008
721.7209375
709.3268125
751.3770625
720.59575
745.9761875
812.257875
815.342125
714.2415
945.279875
769.182625
707.9958125
778.523
795.3740625
757.2185625
761.0395
741.5445
812.0693125
713.5619375
770.2614375
732.3121875
705.12425
777.0705625
697.555875
793.158625
666.848625
701.826
732.639625
702.4046875
737.4616875
886.24325
698.0301875
784.8858125
728.469
715.9945
766.8484375
718.415125
705.2286875
712.3280625
868.5504375
760.170125
728.184125
743.6633125
804.9965
780.76525
747.1903125
721.908625
754.327
715.734875
770.96025
829.701375
790.4673125
793.9053125
747.315
1095.028125
676.9788125
704.7020625
832.573625
722.39325
755.79675
767.2185
768.1084375
793.0706875
761.2824375
695.9594375
787.4358125
707.298375
794.769875
795.1480625
802.851625
786.1291875
790.2010625
725.4571875
801.0511875
791.5368125
719.8401875
669.381125
711.6814375
722.817875
791.465875
832.714375
850.7543125
754.5701875
813.816
680.573875
631.1664375
688.6775625
814.9358125
749.133625
964.22975
765.2135625
755.73575
740.348875
731.424875
754.7168125
740.3808125
775.487375
777.0234375
737.0635625
760.959875
771.4614375
849.4303125
754.9231875
757.2148125
771.7771875
867.550125
758.623
739.9925
884.418125
745.2593125
714.119375
714.436125
749.9229375
771.798
694.4653125
673.542875
824.59475
913.603875
674.01
851.5550625
749.1375625
770.1580625
839.0194375
763.2048125
754.13525
745.426375
867.6268125
789.53
839.5370625
871.5746875
700.5291875
762.0411875
716.4424375
824.75975
794.893375
791.7201875
802.1366875
837.95925
759.707375
756.003375
717.48475
747.8540625
799.07525
1187.99025
733.0616875
745.3806875
858.8311875
783.914375
791.5135
744.199625
729.797875
704.5605
756.3416875
736.945375
770.871625
701.01475
835.4940625
751.2334375
883.0369375
665.1155625
757.9255625
706.4043125
739.0686875
745.512125
696.6589375
734.4598125
792.3264375
727.8948125
713.1026875
790.91375
719.594375
782.344
886.346625
854.8375
667.627375
711.6745625
768.1131875
730.171
675.1760625
718.7469375
838.5615
731.133625
753.7933125
814.3198125
766.579
709.367125
750.7700625
792.1419375
804.565
731.86425
757.8634375
774.7735625
736.73925
798.3590625
830.2529375
838.3375625
945.3811875
694.07425
740.426625
742.395875
757.3775
1008.2910625
1136.0055
827.7095625
787.3775625
765.7289375
717.9900625
773.28675
662.7780625
733.6598125
730.38825
708.3170625
732.9029375
713.9608125
685.79425
700.3495625
745.9191875
752.17825
694.6895
704.279125
832.3256875
710.980125
826.493125
705.5196875
715.2084375
833.269875
881.485
766.337125
936.6076875
754.0605
767.37775
713.6233125
788.41925
760.0614375
741.7225625
918.5704375
729.7091875
737.8419375
783.4518125
701.7941875
755.4945625
691.4713125
729.6159375
853.5341875
810.0383125
821.528625
735.316375
762.4220625
780.347
732.2075625
735.6800625
732.622
875.8760625
767.9705625
753.9053125
759.8876875
925.9918125
764.5655625
732.0899375
763.8761875
795.2010625
736.4598125
730.2995625
683.5121875
787.655125
776.5239375
941.244375
816.2489375
781.52925
775.2494375
743.3524375
782.9559375
762.06275
699.8405
776.9364375
721.4263125
1018.13825
809.4996875
740.553
903.7114375
732.637375
778.5395
792.589125
803.57475
816.3846875
770.5464375
722.7645
839.5515625
685.0106875
709.7545625
874.267
801.2738125
763.32625
872.2810625
752.4115625
728.8594375
703.7975625
687.5676875
717.14775
729.7003125
685.5165625
748.259875
737.5520625
792.2410625
913.3223125
896.491125
749.68625
763.0553125
757.6384375
721.19275
913.936875
706.82475
870.1363125
897.3941875
731.2455625
704.0310625
725.408875
716.8275
771.7863125
769.066625
681.419125
737.5556875
704.1136875
760.3201875
685.1519375
740.0956875
779.7071875
734.8136875
838.8030625
709.9330625
705.9279375
742.339875
699.7830625
772.396875
711.3085625
688.7959375
740.21275
779.6800625
739.5503125
773.234375
711.626
803.1695
767.8100625
760.3048125
744.465
838.4520625
699.915875
849.51475
709.095625
749.4228125
791.6183125
751.7678125
775.3610625
772.5559375
783.42175
714.7591875
839.7255
811.7195
847.3014375
864.430875
730.4630625
701.9998125
752.1504375
777.1205625
764.050125
713.7493125
729.020625
702.8661875
697.5095625
684.06275
761.0741875
821.428375
743.8651875
728.869875
866.8099375
679.427125
898.2439375
747.8464375
740.8115
817.511
745.6385
697.0563125
843.9455
973.165125
797.4793125
769.2749375
824.6715
709.8706875
767.705
895.8109375
760.3195625
734.4580625
912.85825
776.036625
714.615
872.1155
693.534
708.1669375
827.1830625
800.359875
790.299875
729.0025625
764.5581875
768.56625
751.0321875
775.74875
808.86925
705.8379375
741.0714375
753.742625
718.8085
776.754875
706.842875
742.2245
753.0426875
769.7940625
813.1305625
777.4540625
747.1749375
767.7839375
845.350375
758.9106875
728.48425
739.8770625
708.471125
853.3888125
758.6301875
708.3060625
719.7885
863.1140625
715.73725
746.521125
721.3734375
881.5541875
714.1593125
704.6894375
697.3930625
725.3548125
718.2615625
734.702
779.7664375
813.181625
768.1129375
642.4748125
696.47725
715.407
713.2634375
724.5054375
802.02125
719.599625
716.8789375
776.225875
753.0735625
858.9345
875.418125
994.9325
794.948
705.6093125
747.070875
795.2188125
766.682125
757.12525
892.82825
682.07375
747.423125
736.02575
744.8889375
804.7398125
725.1249375
821.4884375
819.06775
710.1505
733.8765
728.8706875
753.3029375
722.591375
895.8885
721.96575
767.3065625
725.965125
776.3804375
959.327
743.495375
729.4905
715.5529375
788.9510625
848.2439375
785.621375
818.71625
745.6579375
761.558125
693.70825
993.318125
779.34175
926.45725
806.1755
1085.70725
764.4751875
838.260625
884.2265
805.1804375
741.1505625
717.2619375
754.7998125
820.59775
741.3695
930.918125
672.684875
718.3965625
947.3046875
710.9784375
794.1571875
746.860625
709.4580625
686.0895
719.3340625
735.3569375
758.8570625
766.694125
729.50175
781.999375
740.19625
993.7115625
808.74825
934.4166875
718.06
768.45875
862.5513125
744.045625
790.2715
764.099875
737.5891875
697.7049375
663.9613125
715.455875
676.2055
804.876
776.0359375
721.2395625
717.3911875
691.5505625
850.1943125
736.2185
893.47175
718.6658125
771.0034375
677.7933125
814.0944375
829.5376875
774.4320625
722.4355
723.28325
754.8611875
715.5128125
684.7343125
754.0406875
763.02175
712.81825
810.9875625
708.352
737.6425625
691.2734375
900.2515625
788.248625
814.5470625
873.8840625
817.225875
636.9084375
771.302875
748.8814375
758.769875
719.9575625
838.5399375
788.101375
889.2674375
671.4458125
821.74975
752.0819375
709.8123125
702.8309375
770.8683125
736.5908125
776.29375
825.3601875
770.6109375
813.0909375
751.536375
716.906
958.7151875
676.0391875
773.7501875
712.473375
810.7335
759.2798125
804.69
719.6299375
799.311625
879.9473125
711.9230625
641.263125
759.234625
753.78625
871.4558125
679.523625
769.1680625
816.7373125
834.8440625
864.550625
839.56325
781.8125625
737.76225
710.4735
705.013125
771.982
897.1379375
734.4406875
737.234625
721.695
701.90625
756.630125
733.9089375
798.1730625
590.1968125
709.7863125
795.463
780.7815
738.4224375
724.444
699.0783125
755.1463125
795.785375
718.623875
776.649
728.1463125
722.1381875
782.3609375
840.11825
734.2254375
844.689625
740.507625
746.327875
1068.478125
807.2155625
791.2520625
697.3343125
887.03
859.4070625
710.378875
700.3801875
706.81375
819.1405
830.8814375
748.6609375
812.0325
705.2558125
659.133375
756.7074375
806.341875
693.135125
750.7556875
741.9994375
1058.44375
751.6108125
768.6709375
747.7238125
775.8914375
878.97725
749.078875
927.9094375
697.29
764.1993125
708.954375
869.3649375
669.929
703.028625
911.7963125
763.7756875
772.2826875
692.671875
734.267
729.5144375
672.691375
719.867875
768.8241875
762.7795
721.2583125
841.106875
891.9259375
733.952
760.4993125
695.8931875
753.6509375
745.85925
707.0124375
762.6343125
724.2594375
838.3988125
667.7319375
778.063875
760.7414375
775.87275
739.4691875
822.1008125
798.333125
780.4355
742.3560625
709.924625
744.1015625
717.0734375
729.6465625
753.5635
759.44425
712.3606875
750.1533125
808.058375
725.1140625
799.0895625
780.979
706.544875
744.6748125
994.4331875
836.0435
722.9046875
778.1593125
817.6541875
854.67275
704.6386875
745.3910625
688.083375
737.1335
754.981
747.4495
719.5694375
870.687
893.15025
865.224
827.1799375
831.6059375
694.0905625
808.356625
892.700625
747.79825
1075.1485
746.392
825.3043125
738.045
811.0163125
728.848625
798.680375
789.7060625
725.7213125
736.233625
825.310625
670.9885625
818.4899375
703.728625
848.6038125
708.9059375
802.110375
775.942125
769.17675
810.4949375
734.541375
754.8580625
735.6835
720.7238125
742.3785625
763.2775
768.051625
665.0636875
1191.401875
727.6554375
783.3671875
758.479
755.04075
854.7923125
777.0920625
763.1260625
745.747875
702.0685625
693.8753125
761.308125
695.8095625
758.56
751.3730625
799.792875
696.142625
819.5265
754.942125
1008.3145625
701.560375
693.5216875
