296.611125
213.974828125
107.3183515625
246.165890625
150.9915
223.5040625
184.286453125
61.21505859375
127.4169375
99.6686015625
251.1210625
249.850890625
274.51740625
182.178234375
32.37712890625
217.4376875
222.011203125
44.2969609375
310.92903125
162.0183125
246.58375
278.50140625
202.160890625
277.11575
36.41116796875
123.055171875
358.58728125
167.067046875
386.6605
329.99828125
140.752625
139.8201875
284.7799375
93.8540625
93.282375
236.195796875
177.641796875
155.976265625
222.021640625
25.4139765625
66.4058203125
128.181359375
247.3914375
256.0401875
139.032703125
266.65503125
161.576859375
206.28465625
225.626078125
193.2618125
184.967
57.42400390625
208.682296875
314.67496875
285.47859375
300.69121875
146.085875
188.091203125
421.3859375
54.44991015625
454.61746875
60.00100390625
126.3629140625
190.3905
254.954046875
244.52990625
104.71584375
151.19121875
222.475984375
286.45628125
439.65534375
33.72044140625
139.634
155.006859375
398.81703125
42.07498828125
306.68346875
61.7994140625
322.07109375
325.7440625
193.1455625
233.854546875
63.70125
269.6555625
228.223765625
382.3354375
299.28384375
35.12510546875
332.2356875
192.53084375
232.021265625
246.50553125
43.581265625
291.413625
13.8435849609375
141.97440625
309.182375
160.5361875
59.3738125
256.67634375
76.4112109375
137.34496875
121.8555390625
342.78071875
271.91821875
38.7091328125
300.99246875
74.8353359375
253.060265625
49.6232421875
203.705359375
390.15728125
212.1254375
45.83459375
284.3535625
539.2
314.301875
506.29471875
271.68325
379.12028125
185.801453125
361.35303125
280.12825
153.364484375
271.79325
119.7959609375
183.923125
306.121875
246.723359375
152.883953125
399.4478125
66.859109375
63.8393671875
111.5396328125
235.634953125
113.5429296875
406.468375
203.740390625
481.26659375
328.62809375
224.665515625
127.2720703125
196.896875
231.86565625
155.0684375
136.232015625
181.28278125
306.97721875
81.3256171875
146.876921875
185.3513125
286.55084375
118.3064453125
343.7590625
89.1664296875
390.716875
228.49190625
310.19284375
165.34525
312.867625
445.5021875
223.0518125
143.729390625
151.94771875
306.0450625
76.23278125
119.31628125
302.98909375
120.687515625
24.7355546875
201.0305625
139.838546875
169.72478125
221.30215625
36.1059609375
123.163
97.834125
8.10814794921875
359.07315625
92.6676875
372.1013125
188.287359375
217.511140625
161.792296875
69.0729921875
25.344537109375
282.2420625
276.67109375
245.79790625
181.210296875
123.75415625
320.08421875
360.21315625
140.683125
317.10940625
313.3736875
88.19946875
409.47078125
25.922802734375
263.39328125
398.70375
344.75421875
138.125921875
246.58396875
151.50928125
225.7829375
249.116953125
128.962203125
175.2270625
133.3773125
182.68478125
211.033765625
185.11103125
289.8250625
484.9383125
360.08521875
192.50090625
151.54853125
242.687
86.8642421875
61.74602734375
127.9639140625
328.24
128.078734375
206.584734375
156.10453125
334.9024375
368.8065
379.8424375
350.8523125
30.83401171875
79.7991796875
139.132578125
203.4251875
399.16071875
103.7398671875
357.593
120.978484375
176.3213125
114.1026796875
83.66184375
143.38959375
185.5060625
137.910234375
74.106953125
173.8449375
57.61233203125
289.7108125
259.283796875
46.83562109375
26.709384765625
362.66546875
388.39415625
207.838328125
358.4259375
400.3323125
283.5489375
295.3923125
98.47453125
242.869015625
40.79808984375
48.16258984375
133.663890625
65.2310625
465.50309375
225.03646875
313.31209375
349.932625
169.399125
264.58290625
271.7305
217.876015625
111.5178828125
153.248671875
145.904828125
225.24725
465.155125
39.8913515625
359.14271875
65.03078125
343.611375
271.77484375
525.221375
217.6204375
553.0754375
455.37559375
446.049875
219.779421875
207.27884375
232.792859375
224.477578125
104.12175
39.52899609375
342.819625
112.6885546875
240.73203125
279.14690625
160.090359375
475.04215625
484.36209375
102.4203828125
350.2115625
16.099919921875
38.02221484375
192.36125
84.1843203125
246.7895625
124.8831640625
183.1711875
175.67190625
187.2094375
322.23321875
151.095765625
106.9257265625
106.213296875
44.88494921875
464.3398125
226.622765625
188.283421875
220.426703125
357.519625
358.9878125
233.995296875
78.2641640625
227.678171875
30.79755859375
374.75678125
194.079671875
238.34978125
57.43608984375
199.2985625
109.0655078125
365.273625
117.4195390625
137.654390625
157.5078125
163.96675
238.98975
232.746625
342.03359375
124.486
85.7528203125
424.69603125
279.698125
103.3932578125
246.482171875
252.79003125
238.622203125
145.188046875
92.4081796875
156.178171875
435.4600625
486.4764375
335.43809375
159.837671875
27.07290234375
118.7186875
100.6544609375
485.79915625
48.57466796875
244.1951875
89.634046875
388.6661875
172.849546875
331.7996875
373.89553125
218.95428125
99.0115390625
170.585921875
67.8793046875
231.5916875
116.554875
135.162125
197.9895625
216.560125
360.73103125
208.085265625
225.994203125
186.168484375
250.1428125
116.1465390625
175.182421875
300.14090625
191.936546875
178.5373125
160.056125
235.538625
347.948875
133.798390625
269.7953125
305.7693125
383.716625
243.5513125
495.877625
248.52259375
249.762734375
189.685078125
463.874625
103.227703125
131.0063984375
404.3143125
228.169703125
60.14301171875
284.62896875
148.941578125
316.69190625
117.1880234375
325.37096875
206.497953125
516.20665625
320.1223125
170.453640625
119.2713203125
159.462265625
22.4854375
420.16253125
103.6251171875
340.06296875
262.395625
214.87259375
362.42821875
112.5142578125
329.64884375
340.53615625
357.4714375
153.028359375
264.1849375
426.1118125
333.09209375
51.7132734375
362.72271875
90.292953125
351.80928125
89.31703125
415.12721875
270.24925
200.991171875
285.3085625
78.7831484375
329.55471875
205.157234375
7.91329052734375
100.512546875
145.107609375
183.409375
170.632671875
204.018484375
207.7080625
352.23009375
87.6344765625
261.208671875
273.25253125
151.05153125
99.0478671875
252.73853125
272.15471875
74.822546875
132.2211875
128.4661171875
233.10075
263.10115625
87.329125
270.213
177.086796875
128.221734375
269.03484375
239.892109375
217.004796875
207.775734375
452.0860625
73.307390625
41.36480078125
66.17825
13.8013388671875
76.84025
277.10028125
265.234875
170.207890625
179.726
56.6146875
211.428640625
136.557515625
204.959609375
96.934421875
192.985984375
125.8732265625
205.490546875
127.952734375
234.875
222.72875
168.801484375
351.89753125
163.58440625
246.134421875
68.8613125
149.72165625
43.54277734375
375.6574375
202.710328125
82.55734375
82.8151953125
309.23728125
228.029359375
128.5333828125
192.3415625
481.37459375
392.57925
182.51459375
281.50765625
156.4030625
87.535046875
112.35859375
219.69096875
65.19045703125
288.31340625
348.5091875
413.8671875
179.735578125
269.57875
264.42359375
260.446796875
18.9113203125
130.3493359375
246.229625
292.4865625
132.823921875
431.0935
336.3921875
124.930328125
38.7001953125
165.100125
233.328734375
391.9934375
160.73428125
66.5826953125
168.448125
330.36275
249.346765625
28.9557890625
147.389125
45.88119140625
298.51859375
221.02575
226.575046875
214.398734375
234.038515625
285.2684375
251.157015625
7.21189501953125
113.6736953125
259.646671875
143.58396875
244.270140625
151.23840625
58.7994375
67.4892109375
274.89446875
319.19378125
306.6821875
258.53109375
80.052984375
189.469671875
244.069328125
245.651125
206.677171875
64.9436171875
202.902609375
212.79865625
455.21675
147.24990625
114.36375
30.6727265625
186.044265625
107.8334765625
122.7878046875
399.0656875
351.694625
105.226640625
199.677296875
216.456359375
406.17378125
328.27059375
215.315453125
202.853453125
283.6358125
164.301046875
70.8535859375
390.42875
144.153515625
183.8105625
126.0802421875
307.4418125
142.739515625
174.3558125
106.2287109375
244.127734375
115.8585703125
307.527
176.4269375
173.07021875
182.578875
140.24128125
318.2593125
19.195509765625
388.66840625
105.9110234375
281.5375625
116.34265625
120.3588125
336.31315625
6.36542578125
94.7900859375
203.41565625
202.89984375
368.70584375
110.451390625
48.4331484375
286.2530625
120.4992578125
178.124328125
135.02809375
72.533515625
394.28471875
112.8670625
240.989875
137.16178125
260.820171875
190.308015625
371.5133125
193.978953125
247.000359375
232.394296875
147.157296875
102.83225
194.410765625
314.4996875
255.5158125
140.809359375
434.0935625
64.05462109375
525.7288125
198.086046875
170.6895
429.95434375
175.89396875
215.093375
110.6445
73.949328125
206.232671875
229.299640625
25.9970234375
255.042234375
158.6305625
216.90659375
54.5203203125
224.72065625
264.34659375
47.027640625
434.31284375
200.972375
240.861625
128.8268984375
242.632921875
137.900328125
148.439796875
205.8835625
324.17134375
248.200078125
159.2508125
103.9073359375
286.06996875
186.49253125
85.9345859375
277.2055625
124.9215234375
159.240328125
121.2403359375
219.547578125
47.87528125
295.65984375
121.888
195.97875
93.83790625
351.99703125
60.0472578125
226.297625
209.116359375
248.221625
223.871125
145.3325
324.49665625
178.08153125
19.114796875
171.18746875
389.7498125
456.18190625
535.1378125
131.758078125
46.69678125
131.023234375
205.156078125
270.38953125
117.0044609375
149.018796875
362.3338125
342.053
289.74209375
163.91184375
260.215171875
145.78528125
72.3158359375
113.9661328125
267.68490625
170.467953125
193.774453125
289.1760625
118.035046875
329.284875
297.17525
149.34175
229.63875
135.109453125
55.8514453125
285.997875
366.1560625
183.165828125
82.873953125
398.2121875
97.63478125
255.65371875
389.51390625
128.8394296875
93.181484375
366.58484375
182.708984375
348.4786875
414.21634375
167.04471875
143.22865625
297.75784375
169.031609375
284.718875
191.4781875
429.09934375
469.4209375
162.092921875
172.75509375
206.16009375
307.07778125
274.6649375
343.05759375
137.084296875
229.02253125
177.208015625
53.4677578125
380.9981875
285.10928125
53.1174140625
373.34553125
186.042921875
218.70153125
56.09791015625
128.5609140625
212.263328125
287.72075
336.4051875
172.729828125
171.9450625
242.163015625
255.307296875
316.08771875
154.653796875
235.6700625
131.867421875
164.53259375
240.1509375
375.97384375
191.1315
216.311515625
3.617631103515625
68.9261015625
387.64396875
141.617875
244.16465625
40.364703125
495.32640625
93.6701328125
212.6963125
417.10215625
309.10140625
348.9750625
284.20984375
188.98978125
219.46125
235.42790625
83.3520546875
356.97734375
123.00515625
291.23259375
120.943546875
53.015953125
73.7838984375
96.1070625
124.1343671875
442.9858125
225.19453125
49.69762109375
171.66834375
83.9291875
127.85390625
366.41640625
360.88065625
398.74434375
40.606984375
160.8795625
173.967015625
92.1369453125
261.331421875
131.401109375
398.15703125
39.038375
389.46915625
204.991015625
427.34515625
216.36509375
176.1354375
44.46805078125
43.66700390625
173.204484375
218.2613125
144.488015625
469.22925
429.20084375
291.36775
276.81159375
150.34825
57.06884375
487.1515625
104.6263359375
445.16471875
98.34059375
255.636234375
309.85803125
320.4630625
89.4484453125
256.35859375
216.73265625
154.60371875
276.664375
73.1993828125
94.9823671875
376.19159375
83.07496875
142.059984375
144.194796875
170.3488125
268.90775
54.60094140625
103.111140625
48.11233203125
199.261203125
278.69375
305.8069375
369.4528125
279.1245625
179.825546875
370.9465625
384.9240625
216.464875
127.0226328125
124.6065859375
24.996681640625
30.281126953125
307.1295625
373.5245
181.54359375
172.776203125
168.850859375
176.870140625
445.39746875
98.010921875
63.56826953125
95.50725
101.7683515625
313.88609375
268.25628125
281.738375
242.76503125
334.114375
93.797125
247.407546875
185.213921875
56.50740625
20.685044921875
82.1536484375
397.3180625
136.774921875
108.123828125
402.30240625
148.152921875
107.909609375
148.460375
176.35240625
372.25775
278.20728125
195.20425
234.609484375
444.6775
309.2904375
390.8325625
88.9920859375
410.96771875
223.147
401.5536875
103.328703125
154.578984375
75.828984375
42.81441015625
138.280109375
337.27409375
152.715171875
178.421265625
97.5620703125
246.774765625
406.4306875
149.552046875
210.596140625
117.9842265625
20.8635234375
473.58871875
233.346109375
136.177609375
373.41871875
251.913765625
144.2965
113.2551640625
168.267953125
220.64040625
359.616375
224.267640625
367.17509375
339.14946875
140.65253125
250.536453125
196.8195625
134.692578125
32.02822265625
52.49926953125
270.3934375
207.1703125
147.09971875
181.737125
99.2268046875
26.19793359375
172.43115625
76.6237265625
44.03875390625
339.84759375
80.4771015625
301.7159375
227.8289375
96.6111875
245.045265625
147.15403125
77.4506953125
156.68690625
65.8000546875
146.243421875
354.36865625
302.66709375
243.551046875
56.8035078125
170.3024375
417.00309375
170.594
47.4759609375
390.0765
110.462671875
388.08215625
64.55228125
57.6048046875
527.2086875
369.77928125
68.0726484375
196.30953125
128.319859375
541.630625
240.1429375
139.013140625
87.295890625
25.77661328125
239.544484375
240.146203125
56.77203125
208.603234375
147.353125
401.98421875
174.599015625
159.3570625
258.62178125
309.261125
179.86603125
201.5155
176.993125
174.4355
36.634859375
326.46228125
55.29353125
155.58971875
342.87009375
247.58525
255.11415625
102.3441640625
122.1542890625
165.493171875
38.72350390625
332.35565625
89.236125
105.0922109375
196.680796875
206.673203125
187.18984375
377.74484375
67.8679375
260.77271875
154.857390625
241.20228125
110.9946171875
162.680640625
70.030546875
416.6125
118.94878125
36.99991796875
257.956765625
223.25065625
179.855953125
59.150296875
83.6959140625
290.278625
217.232171875
128.2311796875
122.0996015625
124.19240625
268.24428125
228.540734375
291.16284375
9.2534130859375
491.10890625
190.41975
174.653671875
79.143359375
343.1446875
214.008125
112.2382734375
278.55371875
180.588890625
113.1636796875
174.255296875
91.5561015625
209.420359375
290.626125
368.61221875
127.42846875
119.475640625
350.63575
62.17467578125
97.0289609375
439.9478125
76.7191796875
172.445859375
142.81978125
307.366875
367.7216875
68.432359375
106.6659609375
217.72071875
147.809375
459.56490625
471.56215625
233.030734375
121.612015625
305.83759375
214.955828125
160.1428125
455.65971875
171.2856875
217.597640625
209.854515625
48.3697890625
37.18640234375
379.6726875
150.62790625
269.00821875
245.7790625
115.020640625
87.551515625
328.8175625
27.75614453125
304.94746875
273.48878125
231.55503125
131.57690625
344.9134375
207.9495625
72.7414921875
117.7437109375
250.626578125
149.819671875
194.484671875
189.221296875
265.10846875
387.5374375
150.380125
350.113375
309.50384375
183.1634375
286.304125
174.478515625
243.55796875
294.51953125
95.796875
63.19903515625
351.8853125
118.357484375
147.049296875
120.241234375
287.7621875
114.4478359375
168.9434375
88.4908671875
202.239671875
394.5695
200.923359375
261.127546875
350.91578125
309.27725
279.30571875
160.96534375
292.36340625
189.766375
407.19459375
135.66428125
236.54540625
180.830578125
104.5123984375
66.47315625
152.95809375
305.46190625
265.1133125
358.5018125
206.5806875
436.65409375
331.659875
276.55090625
223.448515625
109.6192734375
158.006125
127.82909375
187.42271875
147.915375
374.9965625
140.27215625
134.790359375
199.45725
232.311296875
82.7665234375
140.962984375
13.606359375
87.9152578125
276.4426875
307.183875
55.27112109375
199.50375
216.473671875
111.2850390625
157.70878125
276.602625
125.9441640625
137.018671875
195.760046875
325.66309375
96.282296875
356.8565
87.2032578125
167.927875
292.39809375
156.04734375
229.244875
221.9073125
107.6669296875
451.707125
163.8581875
389.8786875
53.42114453125
108.429109375
263.38225
71.08859375
107.508078125
164.35228125
188.143828125
139.383203125
461.36990625
208.9553125
268.76953125
69.986375
354.3795
200.84415625
243.7955
338.50403125
106.138046875
474.74321875
24.326873046875
233.378625
237.339578125
229.754453125
218.74646875
237.20921875
34.1088046875
178.319671875
74.6971796875
290.8820625
69.7744375
184.416640625
100.4609609375
343.332
148.47325
143.763921875
31.171888671875
290.3343125
243.344703125
341.47278125
90.86371875
248.483984375
235.9840625
81.2543828125
319.04221875
316.52359375
189.439734375
352.056125
108.6074375
124.867578125
206.12753125
196.018171875
190.4431875
55.31085546875
400.1685
231.062921875
166.189359375
188.840671875
398.5258125
197.169375
233.498984375
51.71543359375
361.07246875
194.792703125
192.69803125
326.78490625
151.54665625
69.773703125
198.844421875
58.87721875
115.9210234375
46.69603125
194.401984375
258.85425
360.15821875
178.667609375
108.060484375
288.3488125
238.10028125
254.447359375
324.12821875
244.01940625
293.73271875
253.776546875
391.5063125
402.1768125
224.22728125
344.5893125
311.45728125
91.4154453125
273.4524375
149.316
79.273
65.55478125
309.0439375
293.48234375
102.94153125
294.41796875
165.0344375
337.9780625
416.53215625
256.922234375
89.0023671875
313.44034375
176.65103125
134.28253125
490.23884375
89.8643125
363.692
104.5297109375
287.43025
12.4668974609375
116.887984375
240.6036875
52.49786328125
139.977609375
322.09271875
316.6558125
110.9146484375
53.787609375
235.88509375
50.517734375
223.010578125
77.2595859375
16.7206875
198.508328125
132.30325
254.33540625
170.5164375
79.3823828125
263.1943125
392.33878125
209.53740625
461.153625
164.1964375
112.6227109375
79.4365234375
137.53046875
102.4700859375
13.4194853515625
159.442765625
352.05503125
235.162765625
300.75453125
372.1751875
49.11319921875
21.733435546875
196.396796875
76.7836015625
166.581015625
93.146828125
117.162390625
313.00675
65.6008984375
244.011703125
77.7257265625
68.83078125
115.6330234375
295.92478125
372.23071875
86.0182578125
59.52766015625
66.4351484375
255.125375
176.102015625
210.138390625
335.8636875
251.266609375
181.73225
253.1113125
90.7618828125
247.88378125
437.02046875
67.22940625
102.693046875
394.0383125
292.8375
260.366859375
327.51090625
205.616953125
337.0604375
474.3481875
105.95725
271.10796875
520.532625
35.7771953125
212.50071875
122.9095234375
126.1411875
364.39903125
231.693265625
210.923453125
225.453453125
242.2656875
172.05734375
143.669625
291.6850625
38.16445703125
266.02290625
206.139875
221.325390625
65.9387890625
325.8854375
164.85034375
202.567484375
14.64173828125
190.59384375
187.93353125
103.7063515625
130.8435625
60.40748828125
154.165828125
276.72484375
292.079875
179.643453125
178.823609375
144.155765625
151.36640625
342.98265625
439.66496875
373.35503125
122.559203125
154.743
507.01665625
202.36353125
30.130220703125
185.27534375
96.7908125
165.1648125
404.69665625
415.96290625
106.205890625
250.83953125
453.393875
276.88190625
267.053
92.3394453125
20.93180859375
120.874890625
237.096515625
186.374140625
406.109375
33.600359375
226.857625
174.214875
422.06565625
285.73621875
177.210546875
431.619625
92.5263359375
262.63378125
153.5844375
355.4425625
284.056375
223.4360625
226.02809375
144.345140625
30.7705625
201.618953125
499.7625
272.0483125
284.02415625
206.440859375
317.6765
147.1283125
80.478109375
256.795484375
541.7144375
145.456921875
317.9698125
387.55453125
93.1450703125
204.00278125
300.040375
23.7430390625
126.3538828125
232.685265625
322.0894375
149.07790625
271.3078125
389.413875
50.05940234375
207.68646875
146.1365
210.293234375
437.39215625
207.729515625
263.94209375
417.23634375
299.0376875
346.89709375
161.98
193.780265625
385.7368125
241.4940625
71.294625
242.606390625
169.987984375
327.185125
13.113234375
138.324203125
123.79546875
104.4983671875
85.8403984375
422.8314375
145.73540625
257.43175
171.0943125
255.842265625
173.778921875
311.858625
39.7873828125
395.66984375
9.89848828125
292.00725
62.70963671875
317.10259375
126.5719921875
78.204859375
303.85528125
302.60659375
317.87328125
17.332712890625
131.92015625
159.145984375
11.190396484375
65.8361171875
220.487890625
388.41371875
108.5187734375
121.3497265625
141.263734375
177.267703125
121.3613359375
207.758140625
78.9971875
267.6544375
231.66503125
14.42376953125
72.72421875
408.63428125
163.760984375
39.18757421875
198.96496875
85.01184375
121.34909375
160.393640625
193.5695
212.77409375
53.936796875
166.234515625
223.65284375
512.4420625
100.8586796875
109.7883046875
376.61415625
150.15421875
334.05553125
419.13503125
204.43421875
435.08734375
169.446453125
59.7123359375
194.12553125
225.23334375
197.441375
198.9096875
217.823328125
412.091125
326.0089375
149.11021875
446.060375
202.37
263.165125
62.83529296875
145.63378125
55.04633203125
399.29315625
110.9098203125
451.514875
184.252515625
417.99609375
176.93196875
301.97146875
139.21403125
119.81353125
243.853453125
176.019125
396.8720625
247.206
118.1456171875
207.217234375
174.62
72.264421875
337.48125
358.85090625
122.28709375
278.9760625
298.794125
86.1661171875
52.60362109375
172.513234375
435.1361875
399.05265625
96.3543125
268.646375
49.88521875
138.261203125
129.8000625
173.0124375
319.11371875
271.26834375
403.92184375
144.063609375
311.7665
147.811828125
320.069625
170.291484375
271.5306875
67.0999453125
167.908796875
475.312
145.4483125
245.678390625
134.575453125
63.45851953125
257.229203125
254.40303125
194.212015625
533.95725
550.5898125
88.195921875
91.03721875
63.07978125
86.3257265625
45.9376015625
61.48594921875
98.2207109375
315.478
334.11559375
164.552421875
369.69040625
80.1102421875
394.94684375
228.876453125
182.0675625
124.6970703125
204.35290625
379.987875
184.49471875
372.86090625
217.6496875
248.661171875
250.624703125
345.01525
262.036921875
27.859083984375
37.83181640625
52.30962109375
92.5795625
300.9425
100.365203125
221.623296875
183.4535625
230.41246875
157.687609375
224.8425625
311.9224375
100.434734375
319.6569375
280.8580625
97.9304296875
395.55303125
283.72034375
188.152375
254.286171875
89.7773203125
176.258765625
142.615390625
457.2796875
348.857625
257.36771875
416.4438125
346.916875
367.4685625
463.06859375
160.3004375
357.56340625
210.5526875
137.746328125
167.919390625
52.72533984375
437.975125
377.60325
217.92278125
163.718140625
214.461796875
127.838140625
196.74178125
267.6333125
162.98403125
280.1080625
106.985671875
38.82887890625
189.494484375
157.725609375
53.91054296875
106.5073203125
396.40409375
13.8015732421875
283.032625
58.2326953125
213.930765625
281.9440625
185.89803125
432.468375
336.485875
161.716078125
395.19325
136.9335625
322.19109375
194.54765625
353.514375
169.57015625
76.56484375
66.0390625
347.3064375
309.13921875
268.3050625
244.048
318.87771875
106.2369765625
270.705375
183.491515625
127.3310390625
234.78465625
145.26675
322.43275
123.277234375
102.9269375
274.895625
208.819390625
208.430625
84.4011953125
145.169140625
184.99159375
304.55790625
268.84275
111.1906328125
241.950140625
354.74390625
411.55475
119.2826328125
349.5689375
181.173953125
227.951578125
393.94375
21.104248046875
339.1099375
327.64159375
65.797796875
267.34509375
175.787984375
166.116203125
193.633765625
125.648
89.97934375
162.404890625
59.206890625
248.97740625
266.35146875
284.7259375
310.5211875
30.556986328125
79.4675703125
142.6116875
362.11434375
90.03109375
336.2414375
259.560953125
38.62567578125
262.604375
208.796828125
485.65421875
89.4065625
168.084609375
243.79115625
210.5871875
193.548203125
409.34775
135.155625
129.901828125
450.3251875
249.94765625
200.88853125
328.01871875
258.7143125
185.101234375
177.560109375
97.8099140625
119.6897890625
250.938984375
207.9933125
26.3859765625
461.40859375
178.27925
173.15446875
356.26171875
305.1400625
188.561125
470.6786875
203.476421875
88.4699921875
31.891966796875
92.7315703125
511.9881875
365.121125
292.88053125
203.46515625
325.70353125
20.1844921875
60.91773828125
274.15028125
191.35840625
386.44115625
168.5733125
352.5295
319.5206875
5.2042783203125
262.25165625
9.9717041015625
60.44526953125
144.1818125
116.4633125
370.777625
158.262671875
311.1089375
124.195203125
88.978515625
123.340359375
180.83353125
19.436017578125
61.7078359375
189.335578125
162.247953125
18.56973828125
464.15259375
217.5308125
138.648390625
90.4829296875
253.24621875
229.96840625
196.095109375
343.1940625
287.0715625
105.0267265625
337.8936875
319.17740625
186.810109375
315.860375
46.5064453125
412.3760625
83.830828125
118.5632421875
170.872421875
228.16428125
108.4602890625
166.73759375
181.390625
156.823953125
332.63990625
280.91421875
41.31653515625
106.5154453125
78.128375
32.1327265625
233.044875
99.41740625
158.531359375
336.1683125
227.184875
375.023875
282.090125
377.19675
200.805421875
29.057724609375
333.71953125
385.60340625
434.35815625
141.710453125
30.71780859375
250.307546875
188.9515
166.4848125
168.878546875
358.890125
68.8182578125
169.789390625
138.90890625
305.77690625
259.66153125
121.6512734375
448.90246875
57.29853515625
242.353234375
212.76215625
334.63984375
198.6248125
97.9190546875
265.5505
137.629828125
68.7072890625
183.90971875
139.349875
155.670015625
103.2132890625
309.79896875
51.78659765625
216.72565625
212.1950625
431.76446875
238.79296875
232.361046875
145.562
229.743828125
191.445484375
154.199625
47.9443203125
436.95928125
82.515359375
214.25059375
171.369328125
15.2513759765625
302.72821875
297.15475
148.176921875
156.46828125
425.456625
361.609875
422.7894375
359.6033125
319.98928125
271.47496875
192.3740625
342.21725
169.369515625
203.56178125
276.56665625
150.0279375
34.46329296875
78.108484375
291.5330625
158.907625
287.27178125
118.62490625
246.8611875
80.4057109375
51.54698828125
205.46271875
137.238421875
77.9461015625
97.6276328125
289.320375
345.80740625
376.79278125
310.7961875
28.34294140625
441.0301875
371.36771875
55.61339453125
223.213671875
172.8528125
136.89690625
88.124703125
198.808703125
335.02425
245.719609375
185.33175
130.9473203125
104.3233359375
32.7861328125
413.52725
105.2516328125
238.781046875
237.615671875
541.4373125
220.679375
129.1096328125
332.44078125
95.3855
195.750515625
272.3934375
46.187171875
308.82284375
38.250734375
270.61303125
92.3564296875
127.093984375
457.6505
389.62146875
208.586875
249.216328125
348.15315625
135.98234375
33.121625
436.74109375
158.977921875
42.19153125
236.773515625
314.45740625
333.70215625
353.25640625
270.1096875
224.476234375
77.0811015625
218.526640625
314.78353125
424.06640625
496.919
390.75703125
103.609921875
331.7213125
164.726421875
43.57328515625
224.29096875
293.8444375
436.80371875
392.66884375
172.28171875
174.080078125
118.5229296875
36.493734375
116.6003515625
125.1365546875
199.709953125
434.1156875
202.063859375
169.31775
330.092125
306.6381875
303.06646875
63.0051796875
423.22253125
22.755734375
161.93584375
43.6221484375
173.2935625
342.126
30.72915234375
62.82735546875
214.085515625
188.84153125
151.199328125
88.796609375
170.374796875
475.61059375
163.622734375
225.09253125
314.10421875
246.866078125
57.6578046875
64.13925390625
148.42790625
302.43171875
317.57659375
436.3111875
119.6848515625
273.47759375
161.800359375
194.949546875
78.651375
368.18234375
135.233140625
18.387634765625
205.68565625
207.3246875
282.83909375
282.1958125
111.3552578125
464.0034375
168.456546875
173.40921875
370.50778125
342.5908125
103.4198515625
17.231177734375
61.17609765625
51.9235546875
199.838578125
93.0085546875
233.262703125
136.526265625
56.6422265625
71.3767421875
272.523375
299.9155625
351.3699375
287.83528125
116.03646875
181.777390625
37.566328125
398.82078125
197.02715625
386.7448125
249.0886875
380.4933125
252.16084375
290.4289375
327.10984375
279.95953125
155.394453125
107.3682421875
35.76950390625
23.721841796875
220.18778125
44.29948046875
186.82709375
326.18528125
91.6144140625
299.4681875
147.4145
287.658875
345.87121875
518.6381875
165.996046875
373.12940625
364.59209375
194.354796875
235.666
427.27678125
206.317578125
388.118375
124.1735
134.594984375
171.417828125
361.01809375
221.339875
38.8071875
55.4756953125
177.868578125
346.67934375
82.593953125
147.7613125
157.01078125
315.017375
183.38259375
334.4296875
324.54725
190.909328125
210.099390625
123.2730234375
549.664875
282.88434375
180.396890625
27.02448046875
393.4694375
224.517828125
346.574375
85.4772734375
248.284
246.745015625
112.4430859375
457.7105625
132.8059375
86.0013671875
79.9346484375
238.34278125
97.0524140625
127.54171875
347.5213125
262.43053125
183.800546875
69.4651328125
171.66275
181.65134375
26.679763671875
105.07221875
19.19947265625
70.611125
80.0918203125
104.2974921875
124.2407890625
347.0711875
347.8298125
294.00846875
349.02171875
227.990640625
244.461078125
272.50721875
47.1404921875
371.29309375
385.815875
298.66146875
149.148078125
195.27634375
149.484078125
52.04016796875
202.0064375
123.5135234375
247.694453125
63.05921875
327.48575
57.675859375
115.498046875
409.60009375
279.02503125
166.3386875
65.4137734375
316.09384375
306.36559375
47.9339296875
173.113859375
106.89065625
99.9550078125
156.791390625
289.97096875
35.04133203125
388.09259375
96.6658515625
140.2625
89.346359375
237.415765625
138.36690625
66.9136953125
274.73853125
55.841859375
315.41659375
175.63484375
290.60878125
314.5738125
72.2097265625
57.03108203125
176.44840625
426.578875
142.0996875
95.9671171875
257.641625
334.16040625
147.964015625
94.8896796875
416.31109375
170.297734375
169.633859375
307.8699375
455.70703125
410.4098125
185.3203125
274.34646875
157.15278125
376.5334375
115.877125
88.61996875
155.438359375
234.69146875
216.870671875
216.0060625
196.0851875
168.796328125
205.19003125
287.6559375
253.747625
255.620546875
183.498
85.22453125
242.838
87.442390625
96.54003125
192.38525
92.460609375
165.935421875
61.17609765625
198.400515625
268.07515625
304.81021875
254.7396875
69.28925
271.7028125
207.598046875
182.81784375
323.07034375
362.602
237.576453125
14.884505859375
49.8134375
140.583
133.412796875
397.9994375
202.1565625
245.458171875
91.3838046875
174.314234375
492.9504375
467.96053125
169.660078125
88.0855
186.222703125
32.42993359375
134.04046875
325.790125
154.932109375
215.959984375
143.729625
156.453
174.965578125
163.10771875
260.58265625
418.10053125
130.803296875
328.27303125
92.6713203125
141.99125
183.034796875
206.95228125
238.74996875
280.08371875
75.6087734375
68.99428125
173.901046875
342.75359375
310.28275
115.91846875
92.9340234375
197.29115625
156.301375
189.47465625
29.104208984375
121.345453125
317.88975
359.8185
417.10709375
395.66934375
108.699578125
102.1257578125
144.076109375
65.9604921875
267.1706875
86.587296875
228.7155625
142.31278125
265.65921875
6.86107275390625
413.68015625
337.1965625
335.91909375
106.96825
273.990875
143.246125
129.0939921875
193.616046875
158.369734375
186.8634375
161.534078125
255.97925
386.32653125
231.080609375
500.8789375
399.61159375
110.0180078125
409.13075
397.0028125
7.69951123046875
126.010046875
326.72609375
170.29315625
256.48415625
451.24528125
432.1285
313.743375
39.56465625
92.9048515625
117.0634296875
5.1433359375
10.2127373046875
47.35553125
221.340484375
195.775203125
153.011265625
252.21596875
426.0263125
20.64623046875
403.3370625
76.2933203125
205.6175
418.73559375
338.8341875
164.64659375
165.414890625
397.913625
255.61778125
220.228375
531.829
52.80914453125
41.55160546875
284.7869375
250.16234375
248.50996875
167.56296875
334.27203125
193.76071875
184.78959375
74.284515625
332.3908125
424.86265625
149.7306875
185.71071875
392.22071875
115.1958984375
307.72825
173.764140625
19.4083046875
119.8777421875
253.968734375
134.12125
149.867984375
268.16209375
173.130421875
245.664703125
210.073625
258.677328125
195.1588125
212.513453125
278.6364375
381.08325
162.46321875
172.085125
369.19271875
83.7486171875
43.38534375
91.5678203125
59.53151953125
127.0345859375
325.07125
132.966796875
273.74328125
187.86590625
321.89225
360.71528125
339.92365625
211.2275625
26.684615234375
258.197828125
128.472265625
69.2947109375
212.70865625
371.20915625
60.97952734375
264.02396875
272.63521875
293.337
235.305328125
184.405703125
35.4838984375
183.663828125
226.067984375
9.213361328125
243.26575
241.589359375
218.341234375
40.70816015625
92.402234375
462.8846875
352.871875
163.9231875
352.4935625
167.012984375
113.8544609375
389.6305
173.709640625
326.797
201.892625
42.322875
230.64509375
324.27740625
213.799015625
162.37409375
114.6890390625
340.5519375
94.5479765625
175.3215
381.85915625
200.686296875
262.99259375
345.98665625
160.843171875
331.92678125
308.79721875
40.258234375
341.534625
84.6426484375
165.853765625
276.41578125
213.873625
265.76003125
448.33309375
299.08765625
325.3429375
205.82221875
393.38428125
139.118953125
209.3751875
4.55414306640625
194.10659375
59.569109375
112.0003203125
251.175515625
95.43115625
44.63178125
121.910140625
257.463921875
20.607341796875
263.787125
250.88834375
285.2695625
308.47540625
91.205140625
108.902703125
164.01946875
281.3384375
244.97221875
388.0180625
252.124390625
406.24684375
59.53917578125
255.32971875
321.87696875
325.81309375
138.440765625
124.5279765625
278.7203125
317.27865625
277.2969375
154.42715625
404.56578125
309.61459375
198.26059375
182.276140625
66.055765625
388.92653125
486.42746875
521.82753125
125.6433359375
284.11196875
259.388109375
56.4955078125
52.903953125
198.110828125
120.11734375
319.6261875
374.5424375
160.425375
311.90921875
127.618
192.706765625
170.342078125
76.1826640625
180.437390625
257.304875
170.20721875
107.7290390625
89.00846875
148.2603125
177.982171875
482.6958125
276.67871875
165.535
290.49315625
235.67396875
259.322734375
205.36715625
239.753609375
133.42928125
69.145984375
4.98762255859375
73.934921875
114.762734375
368.93615625
187.952328125
290.13575
330.44384375
233.309125
97.515703125
250.7575625
270.7826875
216.2874375
57.8676015625
367.01903125
82.7111015625
337.50525
125.427171875
428.8975
191.079890625
114.12528125
377.6125625
314.6176875
134.8426875
69.6336953125
96.2114609375
166.985484375
133.55909375
272.843875
186.75603125
253.317015625
222.133828125
425.27975
333.9153125
250.25359375
106.0382421875
431.980125
331.25103125
328.33015625
309.76990625
538.9268125
167.191890625
258.66096875
232.915359375
118.71409375
350.14465625
252.819671875
45.9138828125
429.56340625
261.63115625
166.39471875
184.092390625
211.610859375
25.954005859375
182.404484375
169.1268125
233.9521875
366.29075
140.91315625
205.11309375
259.2800625
335.5210625
319.2746875
6.5524931640625
198.008625
129.1225078125
57.8305078125
162.5691875
218.157578125
149.025265625
211.525515625
65.4522109375
180.7325
297.3391875
74.7387890625
218.584234375
400.0610625
288.1531875
416.33134375
13.4921533203125
383.09484375
145.512515625
283.05075
283.56871875
37.575203125
357.43896875
420.8908125
231.02925
105.3102890625
202.099625
321.43475
154.106484375
212.15165625
214.917390625
215.28765625
456.25128125
306.53215625
72.546875
228.92509375
369.6481875
61.14607421875
103.935734375
271.54325
231.657046875
37.362484375
233.906984375
487.985375
63.33348046875
51.23425390625
127.917375
419.52559375
398.179625
49.400859375
342.44934375
356.93825
433.9389375
346.50190625
248.30775
233.099234375
161.82334375
104.99096875
151.136125
252.654984375
74.091875
231.94559375
187.4985
371.452
294.28584375
180.819578125
100.8363984375
233.28328125
180.55590625
122.4501328125
215.116515625
269.02609375
181.412515625
32.87137890625
382.550875
169.94146875
133.179640625
264.88628125
451.92390625
130.649609375
62.74309375
370.20275
225.59665625
233.6340625
185.614921875
81.2078125
145.9135
38.30535546875
296.52953125
64.71203515625
312.67909375
120.346046875
198.932875
28.9188125
137.993421875
163.625546875
471.73778125
203.40065625
334.32053125
194.575453125
230.190671875
114.4984609375
255.331203125
407.33553125
93.5282265625
269.4516875
33.57455859375
211.052671875
279.07534375
143.332671875
206.7680625
296.56715625
101.171140625
28.661048828125
144.137640625
335.94646875
209.2505625
62.08789453125
343.0261875
120.9955546875
106.2190390625
104.5424296875
391.60234375
473.5634375
206.95596875
231.24303125
295.609875
273.2305
433.2680625
131.534375
308.941
84.7388671875
14.463951171875
206.779578125
84.525296875
354.03825
118.7634453125
197.212859375
218.754515625
156.287296875
206.8376875
235.353984375
26.84208203125
103.1301796875
253.0090625
140.518421875
217.113171875
445.48996875
184.266453125
146.813265625
223.2463125
260.373125
37.3090546875
92.449609375
224.264984375
6.44063818359375
379.03546875
68.3365078125
111.1212421875
69.077984375
65.15189453125
186.64603125
522.6098125
251.715984375
46.77723046875
128.6880546875
239.34471875
175.975609375
370.695875
155.536
204.50015625
111.8231796875
228.4454375
386.7503125
190.920828125
87.7989140625
312.91534375
185.949203125
387.52846875
124.262765625
421.56321875
284.077375
75.724984375
185.015375
46.19376171875
81.104765625
86.289828125
378.916125
306.77228125
186.9268125
91.4913515625
403.02971875
217.99121875
186.3744375
260.602890625
419.1005
113.338765625
154.97840625
355.784125
300.871875
130.9390390625
89.1519921875
327.57325
393.3931875
178.847296875
119.0469921875
128.2100390625
409.21828125
240.47584375
247.0925
81.62859375
337.06603125
170.893828125
354.19084375
121.8300390625
420.27009375
168.4143125
308.86134375
182.916796875
153.0468125
142.746546875
45.4992890625
237.776828125
112.802796875
162.900796875
471.03071875
467.964125
373.83734375
139.89796875
222.60221875
177.73171875
338.09946875
247.73765625
378.4464375
219.798375
427.494375
284.88159375
221.260015625
256.13403125
101.185625
140.063734375
521.751
176.618453125
92.034703125
86.5510703125
456.72371875
14.1096611328125
456.08203125
255.833046875
85.48065625
252.782703125
239.610296875
122.2782421875
116.2393984375
327.71025
98.051046875
54.47082421875
213.214265625
303.014625
69.238546875
343.0251875
122.868515625
43.531515625
185.44975
323.3395625
137.0275
176.3474375
264.5243125
28.561564453125
255.371390625
208.216578125
270.67509375
60.46894921875
274.32990625
131.27065625
221.26790625
229.98615625
177.446390625
269.1961875
187.933796875
320.07465625
282.08865625
480.7073125
199.93634375
100.13825
171.818890625
517.69684375
161.0919375
103.03578125
338.8035625
76.779390625
249.547703125
348.25525
161.90003125
140.632203125
24.14824609375
246.06515625
178.491109375
68.4557734375
131.75965625
190.705953125
238.164609375
407.33853125
453.55765625
69.6312578125
234.470359375
244.97134375
95.124046875
65.334125
108.9998671875
189.825546875
104.5366875
165.64390625
308.21303125
52.6687265625
103.319375
95.341484375
14.483025390625
187.4440625
33.39742578125
244.001921875
208.584453125
112.0719609375
105.6202421875
187.940734375
528.0179375
76.4679453125
70.245640625
93.895015625
418.68928125
368.01165625
173.95634375
100.5129453125
371.6473125
288.0368125
425.61634375
441.61128125
206.883125
262.2425
266.192375
238.6765625
392.58246875
261.422546875
364.3935
382.60953125
118.25890625
63.777875
165.675640625
26.449458984375
150.3191875
35.6828828125
112.5684921875
111.4909453125
55.726984375
77.9556796875
50.15652734375
148.258359375
404.04834375
164.775640625
290.14340625
495.1505625
152.705328125
235.305875
48.76523046875
281.18421875
83.88609375
450.96075
17.724205078125
78.228625
439.6325
469.22753125
47.76565234375
294.9223125
292.66834375
279.15934375
