388.76221875
149.782484375
116.443453125
429.416625
161.61971875
392.04115625
274.358625
91.7164765625
54.22582421875
269.44296875
114.2289296875
119.552953125
229.772625
125.591640625
228.655203125
143.855140625
322.19121875
177.0833125
246.223984375
236.86896875
247.160640625
173.714375
400.80975
14.8895458984375
65.3508515625
239.81778125
124.72875
319.05690625
435.43609375
294.76540625
320.64296875
117.166875
26.314462890625
251.420953125
327.67603125
60.29953515625
434.5765625
361.91421875
193.076234375
201.473109375
210.07721875
315.6075
262.298375
119.3340625
341.0268125
334.1031875
299.5061875
167.85003125
240.32184375
89.198125
341.7966875
181.39459375
17.356689453125
78.2777109375
102.3609140625
91.4573984375
69.29703125
236.286078125
340.6211875
295.83371875
427.31409375
247.683421875
65.707046875
147.966265625
279.896375
135.728171875
115.4003359375
435.07290625
94.14178125
84.769296875
327.2774375
286.9869375
442.5665
60.15603515625
241.645296875
351.50946875
287.6828125
300.2575625
334.8916875
394.34778125
105.8774921875
182.9724375
93.8421015625
186.79175
280.28159375
35.6865703125
130.2187578125
329.09853125
344.55865625
300.0095
354.28940625
164.71690625
310.7409375
264.4538125
133.3194375
333.76765625
293.04271875
178.051
204.45725
306.603875
45.69810546875
172.846953125
247.506453125
159.193328125
184.7754375
184.466328125
131.180453125
95.691390625
423.2628125
91.7264140625
196.033125
219.726859375
224.19840625
43.31882421875
113.5362578125
496.78784375
93.711921875
159.04084375
477.8218125
108.7837578125
363.804875
157.20165625
210.036078125
448.47503125
293.8624375
451.5434375
209.810375
42.878890625
145.71378125
188.8671875
219.137609375
109.106109375
144.108828125
218.179265625
92.538859375
271.75271875
341.31
155.849640625
188.703921875
502.5356875
263.09059375
38.7591328125
188.407703125
420.7941875
114.2718125
217.38453125
68.3332265625
190.08475
223.630234375
350.46803125
130.09909375
210.6214375
458.21359375
338.757625
367.72659375
128.798125
293.25096875
228.605671875
167.866265625
222.215828125
49.1893203125
165.8213125
120.5454453125
94.5206640625
189.072140625
219.963015625
145.865578125
385.54409375
193.6365625
302.25353125
91.5649140625
220.585234375
423.47615625
227.663671875
392.07346875
234.881234375
76.9218046875
138.010609375
158.4508125
93.7932109375
109.6047890625
44.65409375
78.648890625
32.886375
518.7575
376.4943125
335.207875
253.76834375
265.93421875
206.344578125
281.605875
188.6865625
188.3000625
140.543671875
346.553125
262.071046875
391.24871875
129.04415625
448.18278125
261.128484375
260.277734375
352.85321875
383.45190625
260.77559375
477.106875
370.4136875
185.256609375
160.490109375
66.05371875
169.88
288.06871875
285.25921875
28.974625
357.6843125
184.521296875
351.81384375
365.03428125
143.323171875
191.10978125
245.926859375
164.476640625
63.510234375
45.2882421875
7.85540673828125
388.133
252.892921875
121.2909609375
474.78371875
399.3035625
25.79015234375
238.820859375
36.5628203125
326.258125
412.45521875
4.30527734375
169.035484375
276.9771875
91.7043203125
221.21865625
143.096640625
275.45928125
421.98003125
269.86390625
175.857671875
70.884796875
99.6557890625
31.827615234375
306.54275
133.50234375
70.0807421875
313.11475
50.50555078125
369.4044375
55.73796484375
59.5508203125
338.87975
265.6556875
191.15028125
317.0021875
92.9182265625
50.40020703125
278.71565625
139.271578125
146.8969375
151.870109375
253.374109375
170.841109375
187.895046875
161.167625
211.22815625
304.5725
263.256375
161.742640625
33.104890625
222.427484375
278.87725
172.20228125
316.68584375
103.8343671875
344.13409375
297.95746875
101.619109375
166.710953125
208.866515625
274.81634375
325.9586875
493.79090625
60.52428125
300.0144375
230.33396875
84.040140625
279.1793125
140.0468125
128.8176953125
215.849921875
154.109390625
249.984390625
430.24403125
250.920375
183.993046875
324.65028125
321.4565625
112.2437421875
258.0609375
39.93188671875
315.12521875
427.95321875
245.871875
87.5108359375
416.8023125
42.15273046875
402.02
297.6104375
284.197
185.113453125
373.04803125
256.87446875
218.037703125
66.171
98.7462734375
129.6459140625
293.5118125
276.387
111.4046328125
430.2024375
270.37090625
173.85728125
146.2098125
66.8435859375
266.953125
231.44678125
167.4395
315.06334375
291.29603125
218.981671875
179.4915625
157.601046875
239.548953125
383.81959375
43.46150390625
204.92446875
117.368796875
123.463859375
57.76981640625
267.83034375
131.0273125
152.291796875
92.00090625
222.368671875
186.908359375
268.62946875
210.515953125
433.19684375
62.07166796875
372.15978125
163.441375
232.350625
175.60715625
72.5207734375
243.277390625
63.59526953125
300.63553125
383.93328125
125.63334375
105.8725078125
208.11165625
119.1542421875
162.472390625
239.7276875
254.653234375
269.59734375
277.577125
147.93840625
102.0451640625
241.229
384.4791875
36.44756640625
234.596484375
228.389609375
516.61178125
397.98815625
208.42428125
41.96078125
243.281234375
36.60940234375
194.0815
380.19878125
54.3456015625
164.6548125
33.42441015625
333.61984375
82.7205078125
190.072109375
380.42175
286.67778125
138.13271875
47.14746875
162.50996875
99.3268125
258.40271875
161.56134375
348.15540625
397.02278125
122.350234375
294.6334375
524.785375
203.895828125
353.87396875
382.171125
97.47634375
48.77553515625
326.00890625
53.90527734375
276.27284375
122.2429296875
95.8716953125
87.588640625
462.94325
92.2401015625
291.007625
63.883890625
335.1548125
67.28175
197.05915625
220.680171875
420.41853125
148.234734375
165.30696875
378.8295625
457.1415625
392.6050625
179.134765625
231.5619375
383.38275
43.7926640625
115.735
402.76796875
429.59540625
249.864859375
165.725453125
239.586921875
53.08289453125
300.34665625
367.1305625
82.3743125
332.70565625
403.68309375
362.34109375
33.2724609375
205.109125
167.908828125
298.94190625
103.762515625
179.9336875
145.45978125
262.9793125
5.80429443359375
385.7195625
180.39090625
236.162484375
13.6346171875
290.9976875
69.1487578125
328.8974375
113.64578125
347.83659375
136.43375
371.0931875
84.61759375
92.257203125
484.606375
24.15966796875
299.77828125
207.375328125
254.90628125
274.2461875
157.9850625
300.130625
255.486015625
214.3093125
284.40865625
352.0715625
192.58278125
95.50675
213.885328125
316.40384375
203.556703125
212.09734375
389.434375
45.3264765625
19.0158515625
338.67878125
298.5625
374.3224375
65.3136796875
223.38803125
142.925625
424.17240625
217.47434375
56.53776171875
288.131375
206.400296875
128.9921953125
187.251859375
347.4396875
123.412578125
180.723125
250.026640625
124.8977109375
171.4066875
65.9196328125
284.03575
20.435353515625
374.54875
165.828046875
159.472
234.78409375
283.294125
57.861421875
224.043546875
286.05909375
197.45440625
166.457875
207.48475
112.974078125
152.06815625
151.508953125
410.28928125
578.325375
314.7435625
287.182375
167.10871875
182.505859375
354.6356875
121.61640625
41.0842109375
483.70975
139.832765625
273.1475
282.4701875
51.0720234375
141.44284375
176.68375
187.49040625
81.62871875
475.49634375
143.009328125
334.5973125
269.797625
378.634875
253.705390625
86.00428125
180.954234375
67.78628125
310.5019375
108.5524296875
4.9009736328125
367.007375
327.20228125
225.09015625
200.9456875
188.70125
386.98325
246.01234375
257.72521875
403.04228125
156.7970625
121.654296875
401.51284375
235.72153125
231.222328125
257.66178125
38.28863671875
332.31909375
93.89928125
173.208296875
286.99696875
127.10009375
207.03740625
70.2221171875
221.662671875
108.42265625
53.49363671875
99.4965078125
401.12996875
114.904296875
123.32471875
56.51444921875
325.92946875
415.3951875
11.3523662109375
351.84940625
144.65878125
266.18253125
202.16340625
309.88309375
241.410296875
146.996890625
178.7054375
499.03059375
242.351734375
269.0686875
450.28609375
437.79259375
191.0420625
359.339375
574.24425
120.6689453125
104.6804765625
199.5643125
333.27715625
71.4875234375
270.43759375
203.64684375
207.24984375
18.779845703125
96.925140625
261.807765625
186.234828125
240.015984375
198.690625
467.8085
191.5374375
65.5578828125
314.34346875
205.89425
176.0476875
291.15396875
14.0730244140625
190.9846875
178.41953125
335.0060625
522.8274375
495.41009375
368.29396875
414.8325
422.78721875
240.639640625
116.11121875
223.878984375
132.7765625
352.565125
145.498296875
426.497625
321.0795
231.844890625
55.7657578125
230.99340625
186.68384375
187.537484375
74.3400078125
183.677078125
234.554796875
32.748189453125
136.1146875
180.735453125
26.78450390625
89.09840625
341.60725
159.0505625
255.560640625
105.6630390625
364.3310625
338.68409375
198.070015625
93.28171875
330.1513125
412.00740625
123.079015625
245.55928125
97.2544453125
194.02203125
350.7169375
263.97971875
360.6319375
219.4351875
166.185890625
351.32321875
225.5799375
274.85325
281.0065625
435.70353125
126.4706875
115.7690625
213.66125
191.557953125
135.519046875
320.3788125
171.71528125
102.5855390625
203.213828125
198.113
353.10521875
293.110375
254.229578125
322.80878125
148.74784375
297.66665625
322.22809375
231.415203125
295.462875
200.5373125
171.443171875
324.20128125
153.8213125
209.1873125
330.9038125
128.496234375
289.3140625
102.051796875
16.399501953125
230.93859375
66.601515625
107.2722578125
97.5355625
41.00935546875
89.538359375
204.47728125
336.161625
259.890875
97.5004296875
165.05040625
489.63378125
401.44975
238.337921875
429.277125
182.510140625
227.27728125
254.933453125
183.602421875
250.691453125
290.7188125
253.692171875
354.76846875
364.959125
5.7570869140625
126.6569609375
80.1889140625
161.440625
381.45290625
135.723171875
162.041609375
240.689328125
267.29059375
204.533390625
23.175326171875
93.895078125
370.671375
122.5530234375
497.246625
39.5624140625
91.1202578125
434.73046875
47.53842578125
11.77206640625
261.18759375
38.9966640625
182.007484375
172.279578125
260.6085
218.38
92.610125
184.60853125
216.470125
164.313375
82.9331640625
135.68878125
425.57925
299.9375
495.8741875
479.12915625
183.302046875
142.3405
6.7806337890625
274.6850625
243.037734375
242.60975
382.7144375
77.989140625
189.670453125
77.003546875
289.41115625
89.646921875
432.510375
192.454046875
68.7589296875
184.11746875
274.983875
414.83159375
38.3356484375
61.60854296875
276.1795625
343.11159375
172.145015625
221.60815625
350.04553125
52.2187109375
24.5014140625
269.3464375
168.4355
119.933640625
86.78996875
179.70121875
343.31796875
446.77928125
178.124453125
228.82103125
262.104640625
297.96890625
231.674546875
393.1255
247.530828125
323.87734375
85.443640625
121.595109375
222.8365
110.533796875
350.88834375
77.515921875
148.449640625
337.65571875
235.4454375
221.821265625
37.66670703125
100.4749453125
232.015109375
63.6435390625
130.19790625
303.3878125
411.06053125
107.4316171875
216.010328125
384.44925
232.513296875
177.678640625
212.70065625
249.469421875
255.766296875
275.566
211.030921875
106.090734375
198.432546875
270.24803125
393.79946875
363.86025
163.4816875
136.20659375
316.305375
191.640265625
19.878861328125
306.2589375
252.785984375
287.92621875
190.64965625
148.462671875
141.7716875
200.93490625
248.981484375
199.148828125
105.1654765625
254.14090625
360.2420625
232.132125
92.771265625
135.442125
161.107109375
436.8858125
138.68371875
482.58953125
502.39215625
199.745671875
273.735875
235.019171875
125.427921875
229.970234375
141.992453125
91.1964765625
389.265625
195.772328125
309.5590625
218.506078125
316.8359375
197.60365625
116.7916796875
159.154296875
97.165578125
10.45376171875
434.8195625
37.4580078125
69.3947265625
81.2165625
76.268453125
190.84303125
63.321359375
166.882296875
323.088625
36.89522265625
561.5160625
47.8929921875
290.1369375
66.0206796875
219.9098125
178.576796875
300.06040625
329.291625
151.59421875
104.580953125
350.11253125
349.0311875
419.28084375
181.529953125
289.3334375
371.32540625
218.79065625
124.29278125
130.044421875
201.75503125
121.3415078125
308.74678125
146.887875
539.381125
114.333953125
509.39953125
253.145421875
142.181390625
101.56090625
164.622671875
107.6167734375
342.207375
321.01753125
300.7489375
272.4425625
77.9193125
263.257
191.65859375
102.560171875
212.2275
367.70925
128.25953125
239.655421875
219.505015625
159.568015625
39.896875
172.217390625
239.177015625
372.68321875
36.0670078125
215.643703125
48.77124609375
241.8395625
429.81753125
345.96715625
282.47903125
170.50734375
192.164234375
109.1058671875
58.50849609375
166.264953125
35.341296875
38.91179296875
83.01846875
214.017375
105.668609375
334.3658125
124.194375
253.02315625
65.782484375
208.8215625
426.9813125
194.397109375
74.452015625
273.699625
296.6089375
207.86434375
212.74090625
137.8434375
350.830375
424.4810625
238.325546875
454.5048125
154.7140625
147.767546875
290.425375
97.033390625
419.9530625
139.089
79.7413359375
115.0387421875
148.237234375
55.794625
385.688
143.503375
281.4533125
74.5236484375
99.0331640625
120.75790625
74.30040625
123.010296875
275.0158125
195.5328125
78.8698828125
190.110796875
270.53309375
223.672078125
150.130703125
75.068390625
128.700359375
199.850625
162.219171875
120.5077578125
79.8088984375
172.99790625
18.5937265625
312.39028125
442.3598125
312.2391875
240.133765625
92.7449140625
419.17928125
202.187015625
196.360921875
198.978484375
192.5065625
266.47846875
257.79053125
217.710359375
404.0829375
42.1056015625
287.3506875
93.091578125
34.5752890625
296.96196875
298.71003125
335.7256875
120.064484375
462.10734375
382.96990625
274.3444375
189.933828125
226.063765625
276.7324375
346.25109375
140.448234375
102.3250625
76.9782578125
359.0005
218.134953125
174.705609375
79.392625
288.5579375
171.27525
131.3808125
241.38475
30.074166015625
318.62859375
133.043328125
357.769625
194.52359375
36.62783203125
198.9641875
162.6125
280.445375
375.5118125
284.54796875
362.25803125
112.2798203125
125.071421875
298.17265625
300.5251875
189.4473125
29.018873046875
307.02159375
467.7244375
360.8090625
208.380703125
264.09109375
519.1244375
133.14471875
287.19940625
133.299140625
172.49775
159.46878125
97.9985390625
23.697689453125
153.052828125
153.54559375
258.513375
415.80871875
471.153375
194.028875
96.5102421875
311.5205625
437.13759375
98.6184765625
93.7591875
164.5708125
208.395265625
178.093921875
420.222125
69.349046875
139.3076875
224.869421875
137.184625
178.62396875
116.22865625
274.404
68.89565625
453.25075
62.89659375
186.696796875
140.033671875
168.739859375
290.5576875
316.2488125
80.16775
111.9883984375
207.36571875
483.7290625
16.80431640625
301.084875
202.34975
205.9503125
29.08876953125
109.488203125
120.0964609375
225.823140625
360.3711875
148.418875
162.076625
176.007359375
126.0292890625
312.78865625
355.6470625
31.662099609375
44.21678515625
453.99121875
381.05940625
190.20340625
163.3018125
262.2434375
356.39334375
47.7020234375
179.5685
222.060890625
167.5949375
267.061875
273.9966875
236.392609375
390.8378125
468.8903125
26.269560546875
351.8718125
206.190703125
312.25528125
548.5776875
167.19559375
289.57096875
203.18846875
220.803421875
163.234484375
363.9594375
117.0135703125
233.480984375
206.867921875
277.64571875
188.428515625
253.040796875
334.69759375
65.5451796875
238.210328125
256.051953125
278.5075
395.94946875
235.367171875
146.74846875
226.607703125
433.42475
175.77015625
204.469078125
219.591421875
135.330234375
342.45109375
229.205390625
176.76803125
196.987109375
273.5421875
372.194875
96.7190859375
211.015421875
211.982265625
241.62259375
234.263125
92.92134375
157.89275
275.4856875
164.12059375
153.657234375
35.82019140625
254.382578125
74.872125
404.94796875
230.732046875
213.329703125
374.42359375
266.01925
436.3395
103.92634375
95.1029921875
222.5018125
56.86591796875
86.1869453125
47.82537890625
153.939765625
219.27109375
57.6095
290.03034375
144.1724375
70.7964375
165.911453125
152.6435625
386.4955625
271.938
367.10640625
167.7333125
164.98446875
168.9876875
120.5495859375
386.836
312.189375
44.83539453125
112.0645703125
147.7943125
303.6661875
133.350921875
117.85359375
412.5401875
202.8016875
61.26548046875
357.89546875
370.2204375
413.56540625
234.8436875
225.060625
241.760515625
241.702453125
335.81865625
28.09698046875
477.1429375
84.1534296875
425.644375
408.795625
179.361609375
228.74709375
251.07828125
86.3263125
223.30621875
146.05571875
428.05303125
265.11440625
153.71953125
443.0133125
129.7823203125
207.498421875
121.0277265625
100.31528125
271.68921875
112.2314453125
130.3900390625
118.560859375
345.11828125
325.13296875
60.69790234375
134.9208125
50.78133203125
17.058322265625
191.247875
220.41134375
330.2495
332.78821875
253.718359375
69.1633203125
173.318015625
288.92553125
65.14737890625
202.886921875
95.8290078125
206.110390625
233.65153125
359.602625
103.2523359375
82.6343984375
123.498234375
276.9343125
457.5943125
155.466734375
85.0144140625
145.528734375
161.0331875
379.3479375
233.1750625
171.779109375
129.588109375
185.45309375
347.1418125
172.004453125
76.0465703125
50.42975
153.259984375
161.3735
327.70615625
376.031625
264.35021875
352.19640625
107.6320859375
43.919875
312.761375
349.6091875
333.1998125
103.8706171875
193.616515625
284.08240625
111.483375
75.9344296875
177.0403125
199.031015625
157.5755625
239.670859375
17.32832421875
222.2975625
390.6425625
371.67828125
424.33359375
122.5475546875
236.929421875
329.17065625
84.5296171875
341.6911875
461.6908125
96.513546875
62.80358984375
448.80165625
370.86375
331.39078125
292.61034375
258.6545
95.5571875
346.91909375
456.537
118.465203125
321.58865625
148.8605
148.01128125
271.296625
261.59590625
206.472890625
349.9181875
86.3234140625
346.4785
117.665171875
278.1690625
463.56521875
436.47940625
185.47275
78.5895078125
213.118375
432.90128125
262.5241875
178.298890625
203.1858125
170.0916875
297.53659375
263.6115
93.4691328125
329.61315625
201.599625
149.56959375
181.8895625
35.0722421875
154.3935
97.5090390625
157.0835
97.8660078125
168.90140625
258.42675
264.887
358.16490625
185.23346875
289.72634375
232.50209375
123.76925
226.609515625
217.817703125
213.03971875
283.7471875
263.94596875
88.6591484375
111.649609375
116.834921875
136.693671875
124.1659140625
323.69521875
271.7285625
67.5996953125
406.686875
103.0586328125
226.239625
403.5310625
246.17325
121.8170390625
115.4966953125
277.07009375
230.449
160.360515625
27.61821484375
92.4891171875
132.00559375
124.9420390625
157.68203125
363.92878125
283.13940625
328.40803125
151.553296875
103.5984921875
102.3162109375
118.3590625
239.13946875
119.3574375
155.114515625
382.340125
505.53815625
74.3613515625
338.3544375
340.55240625
77.6918671875
178.502578125
214.99675
408.50646875
259.351046875
266.0161875
174.665390625
291.566375
91.917453125
217.21928125
30.94184765625
176.708328125
171.367046875
37.7598515625
125.9678203125
166.7173125
265.50734375
127.809921875
158.257640625
219.7548125
68.0068203125
228.633390625
320.44834375
189.18909375
129.3700078125
248.97203125
302.58871875
227.21871875
113.8481171875
218.436984375
100.797671875
256.010765625
90.843328125
84.9915234375
20.615794921875
299.50575
445.79546875
209.665984375
181.4901875
245.0408125
345.7689375
113.0425703125
287.2499375
188.044671875
446.42184375
235.928078125
177.98359375
288.98765625
273.78496875
24.2313828125
424.4898125
167.189375
99.1236484375
260.440515625
427.8808125
87.8788671875
57.95323828125
106.150171875
463.0418125
241.323515625
350.7165625
364.247875
246.895109375
205.965625
52.72031640625
372.26203125
82.23503125
332.60515625
119.4072578125
108.423765625
230.69553125
46.9020625
477.4340625
280.3334375
129.8859296875
173.4259375
337.51065625
386.3513125
118.108046875
213.670078125
200.88696875
294.40090625
205.396765625
113.274140625
184.667609375
97.91821875
411.4100625
249.47703125
65.726734375
329.179
293.14515625
305.142625
37.30182421875
179.79078125
367.5289375
85.0708671875
79.6875859375
222.548578125
82.2564140625
108.55359375
249.26196875
337.01021875
310.40365625
172.962296875
146.911671875
114.82215625
267.34765625
218.137140625
407.425125
161.700828125
382.7236875
225.4483125
216.450328125
447.23165625
174.828046875
162.078703125
92.4664375
34.02765234375
111.43140625
257.850546875
343.71815625
235.346328125
61.9726328125
186.2715
320.43815625
89.8220703125
47.9504140625
225.3401875
117.439171875
146.20971875
110.38103125
95.4629765625
295.661
30.056826171875
267.84490625
108.0208984375
185.85771875
353.42303125
271.33509375
37.35183984375
130.9538984375
91.6091796875
123.5160703125
152.50365625
298.44046875
145.9689375
117.165484375
339.30815625
184.948671875
65.814921875
77.71971875
299.519875
224.5746875
126.044984375
188.952046875
28.9220234375
135.021546875
215.5514375
137.064
49.5645078125
143.643234375
235.761953125
82.2129609375
87.0445234375
35.7509453125
340.9441875
54.81944921875
280.28759375
157.840578125
194.100515625
207.734671875
235.523625
267.20228125
206.634421875
374.9203125
177.2655625
340.78996875
90.6842890625
362.6146875
276.4990625
314.29421875
218.297546875
362.9225
87.2824609375
147.49109375
449.54415625
125.2349453125
425.5229375
122.6346875
76.077171875
312.41771875
248.93609375
99.1250234375
58.51298046875
341.23053125
289.5299375
106.960765625
301.41903125
206.978171875
116.79578125
165.237890625
134.408859375
67.0847890625
187.94653125
426.2586875
186.952546875
310.53309375
180.389015625
361.041125
406.152125
268.69975
283.6579375
129.40771875
274.4696875
74.5850703125
96.634828125
335.7291875
223.212109375
245.191515625
187.048140625
377.473875
81.890578125
120.1046796875
208.275171875
395.536
118.2517421875
221.187859375
129.1744375
95.5768125
370.01815625
14.317232421875
171.28403125
363.94521875
399.28240625
262.91240625
80.148984375
198.47325
124.0369921875
130.918609375
193.89003125
478.3626875
352.15546875
353.87371875
179.95496875
352.95640625
223.6458125
322.13896875
80.2831640625
121.94896875
129.4476328125
174.2048125
194.194953125
333.23871875
339.9016875
262.90003125
334.28834375
356.552
270.9788125
275.20634375
190.24596875
379.88675
95.597578125
353.33959375
386.14528125
55.06716015625
453.38834375
224.586921875
381.9298125
224.338015625
136.870015625
429.2008125
294.382125
268.82153125
36.370796875
74.6905625
237.858875
285.78225
74.3489765625
227.597671875
185.401375
204.462328125
109.4748046875
219.752671875
153.377421875
185.583828125
105.528609375
451.20909375
288.14134375
27.384291015625
322.0798125
320.79371875
94.60621875
322.64375
183.446125
184.537390625
88.6595703125
493.945
325.887625
177.2146875
89.121953125
215.88659375
429.60559375
42.5660625
74.86165625
261.7544375
65.4091953125
59.44574609375
28.234376953125
64.0663203125
26.493248046875
354.7949375
362.686875
492.59896875
91.401609375
393.00184375
220.175578125
147.235828125
339.61309375
223.091546875
62.87819921875
373.914625
94.6330546875
323.8780625
157.28234375
254.888125
219.357296875
18.263208984375
332.00459375
46.97915234375
223.58421875
431.17109375
249.587578125
170.150734375
166.27809375
282.6694375
286.34225
270.41615625
126.797671875
324.7421875
147.26834375
252.757078125
59.57390625
360.25521875
174.792
154.997375
219.600546875
233.46253125
82.7472734375
184.404640625
97.50965625
43.3122890625
228.914421875
67.071390625
229.327828125
289.5280625
434.872375
27.395765625
237.970390625
308.063375
244.79365625
242.860375
393.579375
421.40075
446.005125
78.2610390625
160.06015625
262.796375
275.750125
267.3754375
79.6088203125
271.60946875
141.3230625
69.020046875
330.58740625
85.901828125
144.7349375
88.025765625
221.17946875
225.378625
403.8879375
195.502421875
253.59865625
408.96334375
237.49134375
298.74096875
98.49646875
209.065359375
190.7771875
180.637953125
173.70390625
92.109578125
33.88330078125
304.7579375
380.24928125
216.632765625
83.748578125
108.795515625
402.8148125
302.84684375
53.943546875
343.34040625
152.2725625
293.15990625
235.213609375
184.10609375
479.88309375
217.892453125
45.49581640625
40.78870703125
374.03978125
82.152375
87.7104296875
42.1752109375
226.475765625
351.0
125.2606015625
85.1513984375
209.4678125
283.8399375
56.65130078125
95.6028359375
483.54740625
179.637609375
206.263984375
455.97478125
32.200505859375
331.0624375
147.412640625
370.0621875
152.786359375
233.329765625
59.7323828125
218.401140625
225.72059375
135.82053125
200.1585
69.394859375
168.66240625
106.8658984375
227.14159375
172.976328125
439.6895
329.07603125
85.601703125
213.662296875
61.81893359375
41.51630859375
288.66778125
107.3979453125
61.27152734375
50.6345
265.68821875
69.112265625
153.160140625
286.01621875
147.674140625
223.861328125
307.08325
162.329703125
289.61321875
211.612796875
116.1855234375
46.49964453125
63.865421875
387.50271875
181.390921875
340.45728125
289.44971875
256.454140625
283.4813125
68.794859375
20.901029296875
264.1416875
361.79009375
73.35478125
327.99121875
81.7404296875
401.83421875
130.024859375
74.382328125
320.377875
231.594765625
392.67371875
409.9929375
115.9962734375
37.86437890625
157.212640625
280.85471875
150.3843125
285.24315625
174.846546875
9.7494267578125
131.52315625
439.16775
168.62309375
201.765828125
79.4710546875
51.9568359375
169.169328125
102.0114296875
340.73875
31.16607421875
191.5896875
102.7403125
195.39565625
381.98459375
292.84025
141.875890625
296.25421875
202.637375
114.14428125
63.88202734375
191.420421875
203.3850625
312.5303125
150.500625
221.809421875
203.821875
502.24803125
165.360890625
322.1618125
179.45025
185.855296875
103.63171875
77.41578125
321.384625
279.045625
321.21540625
231.723265625
296.399625
421.426875
53.21163671875
263.090375
266.15775
238.818359375
198.07525
352.5324375
214.435546875
37.98534375
158.03909375
372.2415625
15.7587451171875
394.59340625
47.0185703125
219.020734375
228.82540625
55.57190625
29.9856875
392.2641875
183.854171875
88.4139375
300.45321875
158.048828125
340.95146875
73.3494375
349.51546875
217.2876875
4.467328125
269.57809375
299.6848125
252.403171875
231.86303125
325.5225625
182.226046875
276.4943125
360.4860625
340.39384375
