747.40625
749.353
1008.008375
740.4509375
738.0525625
708.570875
856.3495625
736.0866875
766.763625
702.48325
784.074
687.5949375
762.741125
698.2943125
683.0136875
730.26525
769.7454375
721.8384375
741.382
819.6340625
701.2035
818.68675
711.229375
887.7716875
817.310625
764.5235625
801.0911875
870.21925
743.51975
726.344625
679.7271875
709.0228125
673.05725
686.8334375
729.04275
820.815875
735.6625625
744.5111875
778.0901875
736.48075
773.787
736.336375
754.16275
799.8495625
753.7343125
854.5718125
717.087625
711.582
753.5793125
771.6485625
712.47825
777.7609375
812.272125
926.017375
724.650875
871.73125
701.030375
782.8293125
745.89425
845.1114375
715.95425
706.49375
860.5868125
696.6384375
742.7691875
838.678875
760.7329375
835.90925
751.1388125
720.4740625
717.9870625
689.5906875
719.4805625
775.8565
964.0078125
753.9810625
708.79275
757.7668125
711.72625
838.1864375
796.679375
729.453625
900.092625
845.61525
971.8939375
863.174
671.732
731.41275
874.5538125
826.6365
766.474125
881.058125
727.1319375
733.8785
691.1560625
737.2559375
808.392375
724.42825
693.334625
682.5595
877.2896875
755.7783125
696.5575625
788.44025
943.1028125
749.4335625
788.572
746.47675
859.5323125
745.6666875
774.3081875
720.0633125
752.78325
728.50325
849.4294375
824.866875
855.2011875
755.861375
796.56475
731.7865625
735.6146875
706.5556875
750.295125
733.4158125
745.1541875
824.976
743.1474375
774.5104375
735.716
797.1350625
786.2075625
814.7858125
728.015125
727.1854375
729.9619375
751.230375
727.8273125
757.6656875
709.6259375
750.3148125
705.5958125
733.0101875
737.6765625
732.5418125
751.328
735.7136875
760.84775
790.4971875
795.377875
768.070125
753.54125
982.9115
995.09125
697.9805
701.03
666.7511875
804.958
772.5619375
737.1609375
816.801625
697.274
849.3268125
858.38875
804.3541875
643.4371875
938.2026875
856.923875
777.19325
770.3045625
736.7250625
723.1725625
854.8261875
791.1415
731.8869375
742.2054375
877.8194375
860.29775
705.60375
814.579875
737.825
828.6948125
725.892125
750.5114375
783.234
734.1151875
755.7658125
718.9034375
802.9818125
723.4230625
845.658625
738.679875
844.66425
787.8044375
788.24625
716.649125
765.0888125
804.055625
727.0355
770.7065
818.306
715.7556875
717.0621875
862.6965625
853.3779375
792.7536875
713.798
730.3808125
818.7256875
763.5424375
803.293
767.676125
799.102875
839.9271875
827.918625
1012.012125
712.5269375
745.5331875
721.3221875
769.2225625
771.162
691.28775
913.2398125
774.04375
718.8551875
773.5901875
741.460625
788.6255
866.6913125
718.4425
748.255875
751.2374375
710.6945625
735.5883125
678.2129375
722.5981875
733.0239375
734.303875
752.0156875
889.4594375
915.64725
703.4181875
834.0884375
730.027375
799.16075
755.18575
732.9035
729.9958125
819.5479375
789.7445625
742.0523125
856.1655625
754.9948125
803.7240625
729.014375
1047.8730625
732.66075
737.9174375
851.91725
740.8939375
765.203875
808.19525
804.065125
820.1336875
751.0830625
676.5808125
966.568125
699.096625
719.1366875
745.3864375
859.930875
754.428375
860.01525
762.0014375
784.7043125
746.7619375
703.96375
696.789625
705.868625
777.230625
734.8590625
881.456
886.9046875
776.0075
750.8969375
767.10325
759.7009375
735.870875
914.003375
688.774
910.4049375
626.108875
896.3675
856.272625
714.6961875
682.2865
767.538875
742.58575
812.837
687.9234375
912.6803125
740.9316875
788.4745625
739.763375
801.745
753.144625
708.8506875
739.10725
812.4405
703.451
725.1574375
817.6093125
725.5788125
744.122625
711.7184375
744.594375
868.2575
693.538375
791.112375
807.0763125
756.8706875
802.592625
841.4196875
787.04575
772.6998125
859.1139375
721.5423125
774.4950625
776.08525
706.3428125
783.8504375
717.7403125
789.1765625
761.4195
735.802
664.65425
796.6398125
741.6381875
731.4433125
736.1880625
760.90075
725.3274375
846.0048125
694.4090625
692.2348125
770.3795
913.8165625
724.4541875
727.36075
742.954
669.2144375
810.5535
790.4013125
780.2361875
707.767875
743.5311875
662.612375
736.7029375
769.24625
739.8805625
712.25575
828.2724375
799.184125
725.646875
697.577625
713.3369375
774.567875
727.269875
783.5819375
749.2603125
697.5533125
759.144125
771.6585
755.009875
734.8531875
760.03325
689.0015
796.3273125
749.329625
817.0981875
787.445625
697.173625
723.8744375
689.9821875
709.9759375
664.1685
736.8823125
769.3185
723.31925
745.6635625
767.6921875
714.3255625
766.58875
689.5595625
742.781625
752.751
731.478125
701.615125
777.942625
759.5008125
1165.9915
956.143375
828.32275
719.0733125
789.073375
767.1404375
735.8523125
699.4720625
699.81425
769.7290625
681.9919375
919.422625
859.21925
734.6484375
761.2216875
801.2679375
955.6298125
730.2446875
795.9561875
784.18275
821.8654375
691.2101875
762.3784375
902.8849375
771.17675
783.8073125
789.089375
721.703
826.408875
754.6723125
786.8568125
747.506375
687.5958125
710.8103125
693.2395
745.1271875
755.058
711.982125
782.0623125
940.4408125
719.60025
879.4560625
702.6946875
800.48
699.0501875
702.0883125
776.742625
701.889
707.498875
721.123625
762.1419375
728.6980625
856.258
735.2754375
725.101875
711.8413125
736.01825
817.2038125
728.791625
749.9891875
769.7293125
735.4725625
780.90925
867.7345
794.1366875
728.0505625
826.3791875
716.1841875
770.0545
755.2024375
870.3166875
761.8920625
794.681
757.4254375
773.3881875
844.2705
716.4791875
1019.1243125
749.95675
722.0984375
871.504125
821.817
638.3904375
725.4400625
740.58575
802.9990625
689.018375
692.428125
801.862
754.4660625
740.2295
702.2469375
837.416
716.4978125
686.185375
750.947125
856.6816875
659.2071875
711.50475
767.248875
761.837125
776.6315625
779.9949375
710.5939375
765.263375
672.943375
755.3930625
721.77675
744.323875
810.7539375
692.240875
703.357875
712.6075625
686.3959375
823.775375
751.057125
726.4135
689.4074375
744.5518125
760.90275
945.5793125
727.6499375
684.544
774.01375
720.49875
735.0703125
947.546125
775.472625
731.9925625
1145.33925
736.1421875
627.829625
650.8056875
817.7824375
707.5929375
739.3325
744.820875
707.582375
861.8540625
980.5654375
755.166125
1130.767
867.229875
808.7800625
1047.919125
766.004125
749.5735
774.1758125
731.103
748.5996875
768.2194375
973.5823125
798.9271875
729.843125
706.539
734.96475
716.4858125
730.912125
850.6391875
853.5170625
744.276125
916.3420625
760.3445
754.7656875
794.801625
763.309375
724.88575
777.499625
998.613125
745.20325
687.426125
748.7421875
702.1806875
788.7641875
739.5384375
796.8029375
751.3889375
883.738
824.278125
707.4426875
855.975125
922.05425
776.1065
810.799125
911.0785
785.743625
750.138875
941.556875
878.843875
707.906375
813.434125
685.4799375
819.554625
752.41575
734.33275
705.2018125
630.9033125
752.262625
791.398625
799.29125
696.4268125
867.1785
1117.4765
760.0105625
780.29125
919.0863125
869.534125
769.281
694.1939375
745.435875
871.14675
694.9605
957.103875
912.929375
740.42625
787.101
830.3610625
846.113875
873.0325
840.4743125
841.7031875
791.5315625
829.060375
718.8455
737.926375
760.81625
719.801375
721.1911875
647.661375
971.241875
770.794875
878.641875
782.9484375
758.73775
764.235625
738.898375
772.098625
658.3744375
751.109625
713.177125
699.213375
737.8223125
840.8580625
693.230875
814.810125
702.769125
887.5015625
786.6225625
707.0361875
763.4049375
681.8779375
807.1524375
753.4480625
796.6755
761.1285625
740.4205625
829.0630625
692.02225
689.4598125
773.9276875
691.4050625
766.235875
775.800625
716.7043125
817.790125
877.9489375
720.06925
862.1426875
698.3808125
774.26725
877.43375
782.5379375
755.2876875
901.237375
736.4756875
837.9091875
748.50925
705.119375
796.6743125
754.0299375
771.7484375
804.24525
771.0156875
694.859
860.046125
745.452875
798.359125
686.8913125
734.26225
801.5608125
760.52775
773.3479375
782.782375
733.3608125
721.2838125
750.5709375
764.58675
862.1790625
715.6199375
763.7158125
728.02125
719.9353125
795.0465625
790.4185625
680.9023125
744.6
801.7095625
708.9370625
692.7759375
802.199
727.3656875
733.88
732.8539375
775.8421875
699.898125
768.7806875
714.056125
742.276875
772.784875
737.987
824.2806875
769.46025
800.322875
801.459625
691.7716875
836.1484375
738.36575
712.9775
776.544
713.1900625
819.3670625
749.2400625
926.6861875
692.0996875
763.4971875
834.7105
736.89425
675.6993125
721.93225
774.85425
695.8455
749.6929375
671.9448125
746.112125
731.9885
967.148375
844.6773125
734.066625
785.836125
704.4029375
740.75675
797.273
761.408625
838.29
723.0449375
769.78325
746.0284375
727.34075
718.789
832.4593125
738.442625
703.8628125
703.2428125
695.4911875
734.9166875
741.2755625
863.53325
714.299875
741.814625
776.1399375
778.3901875
746.0168125
781.1881875
834.403
919.036375
667.1221875
745.8211875
729.034625
712.7804375
779.7318125
877.8221875
737.11825
836.69525
782.76175
768.8934375
772.460125
772.376875
740.0979375
749.628625
890.4823125
765.259875
737.9679375
718.4903125
655.036375
705.0304375
794.9169375
790.0515
883.2490625
771.097125
799.4804375
818.624125
714.284875
698.7733125
766.4293125
756.842125
745.6155
746.0379375
868.4465625
785.1559375
807.4106875
1151.880125
699.9801875
708.98
796.47375
780.4306875
744.81725
738.2009375
697.388125
770.2573125
766.911375
746.061875
777.9184375
785.8540625
711.1748125
696.67875
814.4145
719.629375
709.8626875
744.0243125
756.209375
854.945375
803.39225
829.378
742.88325
701.077375
797.77575
780.464125
853.8358125
764.7485625
710.1365625
706.6305
730.3901875
774.623
765.175375
737.2711875
724.2019375
785.627875
767.6383125
790.8875
715.3141875
710.3221875
711.1325625
762.2518125
731.1705
729.9454375
783.0603125
898.1694375
679.381125
921.6671875
634.3035
682.2116875
681.4241875
942.974375
830.9054375
779.4850625
767.8199375
730.40825
717.8468125
840.42525
751.6825625
760.7789375
815.1980625
744.8051875
900.243875
738.644
733.8919375
711.571875
814.0776875
822.3326875
806.9289375
773.413625
757.5955625
726.5249375
899.795125
795.00275
770.883375
730.4215625
726.0274375
748.3383125
701.26125
752.2648125
745.2096875
777.95425
872.679375
724.779125
746.751
786.39175
863.3733125
886.20225
775.95025
763.157125
824.8385
772.950625
866.6446875
866.844625
733.3311875
707.3871875
899.22325
718.195875
724.0994375
759.3784375
774.1049375
794.1234375
904.3063125
708.17475
763.731875
768.254625
747.7021875
695.564625
779.158875
747.3075
730.124125
826.8731875
772.0440625
739.06225
731.14175
801.3585
768.9604375
706.2243125
726.625
774.9085625
991.1184375
712.2073125
772.9314375
707.7071875
635.359375
792.2496875
729.514375
824.539625
698.6719375
753.838375
676.3783125
787.1511875
828.786
675.505625
792.1711875
676.0023125
711.82775
735.9528125
1114.60675
881.5429375
784.0059375
774.44625
689.083
752.493625
769.7843125
757.030625
796.1725625
815.639375
755.2230625
765.19675
732.9578125
794.4380625
990.94475
740.4223125
689.4004375
721.74875
750.3109375
773.4105
807.0714375
770.41425
740.3430625
733.546875
710.9491875
721.6654375
745.1508125
670.107625
705.1786875
801.4661875
861.4664375
850.752875
729.3200625
903.0575
830.103375
760.4295625
821.702875
725.7674375
720.3288125
808.064875
750.11875
743.5985625
770.9181875
709.8010625
621.6316875
739.8185
755.951
883.3748125
784.473125
810.768625
691.9919375
780.9871875
757.11625
712.2514375
882.4814375
722.8399375
798.408125
745.2770625
716.376375
900.2624375
692.4943125
747.604375
714.4239375
717.7668125
761.542
777.4615
741.731875
752.252625
710.9930625
680.4910625
750.5225
773.3549375
699.8669375
748.8613125
743.892375
765.8548125
787.30775
722.499125
828.6295625
755.39325
706.2599375
699.205875
798.2831875
735.5435625
774.482625
711.600375
733.816875
765.4785
682.7661875
755.5361875
711.9139375
783.9793125
853.9394375
803.1421875
739.115375
729.1090625
729.683375
712.4696875
674.5925625
902.8409375
710.9446875
861.9321875
755.1759375
732.833125
747.8023125
762.6288125
787.0251875
813.5574375
781.35575
673.6915
640.33825
727.3019375
705.426875
711.7444375
756.542375
753.8895625
741.025625
759.59475
777.12475
688.77675
838.5240625
710.7929375
910.5165
735.6653125
806.2214375
722.026375
890.842
707.6321875
712.4496875
762.3345
746.97475
723.79525
727.5221875
730.5981875
745.2756875
734.468125
744.8450625
716.5766875
750.2515625
747.7628125
888.640375
698.263125
841.7096875
819.6459375
833.1518125
730.38075
734.255125
864.52325
741.4594375
776.581
698.7819375
757.6700625
816.803875
794.0764375
843.570625
797.33325
820.738875
773.3915
738.16
838.6940625
774.18925
837.02675
799.095125
747.5849375
787.12075
748.7109375
772.692875
974.3385625
759.125125
745.4388125
899.1095625
734.5331875
688.082125
731.4169375
716.332
809.5136875
729.9016875
690.8136875
744.6790625
792.0289375
739.5730625
779.46875
716.3098125
698.2681875
751.3860625
923.9480625
762.467875
735.4869375
716.405375
767.5543125
721.226875
827.0766875
697.9775
820.0450625
662.528
704.510125
738.679625
753.1240625
784.7391875
714.2525
780.0281875
924.6583125
817.8780625
819.152625
712.8315625
788.6181875
702.6906875
760.3406875
777.199125
750.903375
681.045375
759.6725
747.2634375
774.533375
812.7091875
740.623625
767.653125
699.930875
687.496
749.1479375
732.8621875
730.2153125
948.69325
731.925375
719.525875
694.566125
692.5675
756.1041875
1056.342625
669.0354375
784.088125
738.2636875
786.043375
759.75275
852.1024375
730.4414375
757.4595625
667.110375
608.541375
861.82025
751.3263125
1054.956625
702.725625
735.3658125
683.876
772.916
728.9968125
698.507875
815.639625
1167.47125
696.146875
863.3881875
778.3558125
760.990875
717.9585625
749.9366875
746.9279375
799.7925625
721.535375
760.965875
849.89525
730.5548125
740.6778125
692.0968125
778.3525625
785.705125
703.6718125
711.772875
753.51
711.3995
777.7701875
718.0544375
702.5428125
719.978
777.0143125
786.145875
727.4246875
846.5668125
887.6116875
705.0145
815.793125
770.018875
731.377375
656.6673125
740.788375
799.7489375
818.181
720.1833125
787.4076875
757.5976875
689.2941875
711.4663125
726.9024375
1045.8005625
850.432375
749.968
795.23675
734.438125
767.40975
749.103625
809.520375
791.2310625
943.62525
785.60775
832.0478125
726.321375
687.548
874.7459375
703.2940625
795.144
797.70975
914.25775
758.1616875
733.41575
727.1606875
919.0585625
770.073
681.969
688.68675
846.3359375
757.110125
807.860625
736.3814375
863.676
821.811875
848.67125
791.0870625
717.5365625
788.4593125
723.885875
698.971125
790.4373125
793.0693125
790.6236875
747.5394375
741.0611875
768.658125
744.13075
812.506125
757.23075
754.377125
738.4585625
747.5045625
836.224125
732.5179375
831.5630625
801.773875
752.8724375
708.097625
756.328875
694.483375
766.03725
798.38725
934.2723125
785.466125
721.934375
691.019625
766.90975
776.8648125
786.726625
785.4020625
694.91525
767.584125
737.191875
724.0999375
800.2291875
721.2214375
757.1163125
870.0833125
918.8406875
758.27925
824.279625
806.9394375
787.29475
918.3058125
889.8925
750.9224375
863.1315625
825.9869375
724.8520625
752.5879375
773.601625
702.1241875
746.7876875
741.673125
759.9078125
684.0226875
740.8015
894.8583125
804.3443125
795.2871875
763.035625
788.96
749.0965
766.3660625
763.8396875
692.1283125
780.9624375
747.3620625
741.368625
723.1306875
807.444125
1060.377125
732.5701875
784.74325
847.0385625
808.263875
786.6035625
744.2506875
700.396125
722.2406875
732.372125
720.389125
745.382875
983.1330625
686.363875
797.90175
786.11225
734.2596875
756.5613125
763.3649375
788.10575
915.615625
732.9500625
698.4733125
933.38775
795.2656875
803.2225625
777.449
743.11025
735.75425
642.3298125
812.8195
878.74575
855.90925
725.5165625
809.5646875
756.019375
807.5234375
756.3664375
800.345375
738.2519375
762.6405
744.56075
756.01
781.705
716.984875
805.296625
833.85725
731.80775
717.2011875
738.9735
740.37675
677.40275
691.968125
708.6845
718.49225
737.4265
722.152875
766.2941875
860.660125
800.742625
771.665375
719.3988125
770.9721875
750.7465625
772.3305
693.6009375
801.1035625
695.0648125
819.812875
688.803
724.10975
741.618375
842.1459375
714.953625
751.3388125
781.70425
740.9646875
850.4645
792.451625
799.0773125
737.5020625
728.465
735.345375
705.33625
769.373125
675.2575625
768.1218125
736.171375
939.059875
732.0526875
780.494625
760.7135625
934.4226875
738.383
784.1545625
768.49675
719.7973125
689.2021875
719.270125
707.8660625
763.085
735.489375
799.0929375
711.34225
749.3685
794.374
739.3968125
760.05675
780.1225625
741.261625
760.303
752.773875
709.833125
730.7348125
745.78925
735.3949375
848.1868125
730.4916875
850.416375
695.7294375
889.1035625
692.899625
703.6438125
737.4115
737.7869375
721.669
767.617375
808.948625
780.93225
657.4044375
768.45325
737.72725
868.9008125
724.335625
795.6400625
711.960375
778.1545625
764.394625
728.89775
801.4225625
752.5951875
818.2905
740.0798125
824.45925
711.255
835.12075
705.7095625
753.686125
779.3735
768.574
728.8691875
912.635875
724.458125
738.8416875
713.132875
712.2108125
736.2855
860.3775625
812.44675
703.718875
728.503
739.0798125
809.4341875
811.921
714.6404375
758.596625
741.246625
799.448125
761.101375
1073.643
727.630375
674.886125
772.34575
797.87125
700.089625
689.0391875
768.0774375
758.1613125
815.6896875
864.7120625
809.8794375
732.8965625
715.0435
713.8875625
767.2398125
771.69575
758.0539375
766.70325
753.48675
766.0910625
694.4573125
753.8963125
793.3325
774.2008125
734.103625
786.896125
736.4318125
769.5341875
719.45475
754.16925
898.11625
724.1878125
749.209
698.5554375
781.155125
722.41175
731.8736875
748.7149375
910.0309375
892.029875
834.3494375
843.0511875
705.0473125
971.455875
731.7923125
709.08925
704.721375
791.9306875
735.7865
793.3914375
756.0958125
683.6501875
805.680625
709.1590625
719.5789375
739.5384375
837.2075625
728.65475
978.449
717.5008125
739.220875
728.6240625
772.3115
734.1531875
858.4575
815.022375
717.5344375
748.318875
882.563375
933.126875
737.5895625
957.7306875
769.1899375
837.55075
745.428375
736.6105625
709.8765
734.1575
776.258625
739.7905625
734.8156875
809.9284375
712.4605625
777.739375
694.0759375
734.61125
772.5161875
772.8844375
730.5666875
715.2978125
919.1625
1134.446875
710.229375
829.1589375
948.3598125
684.158125
686.0878125
761.007875
742.18275
729.852625
848.135
739.1689375
818.1545625
722.91575
765.1055
741.737
722.648875
748.5373125
857.8713125
758.287125
1145.812
795.208375
878.855
721.173
792.884625
762.4544375
929.3790625
775.8565625
744.9600625
812.007875
807.1489375
693.4973125
755.73625
675.0705625
778.6190625
750.6860625
718.815
741.774625
901.4501875
665.79275
766.854625
747.0594375
888.8718125
862.8504375
963.8175
714.57525
749.3099375
747.137625
680.249625
839.8735
753.1391875
831.41875
880.7794375
753.61125
680.134625
752.2765625
722.3980625
774.9504375
719.6899375
738.05875
701.253625
748.827
735.1938125
715.6891875
726.1824375
745.2279375
728.2498125
712.0114375
712.2355
745.987
718.840375
749.2904375
773.4733125
731.9095
769.5670625
1000.96875
729.3980625
694.108625
748.112375
733.6265625
817.745625
747.8201875
1212.144875
756.5303125
813.649875
784.777875
696.0158125
737.200125
647.032375
710.3889375
822.51325
712.347125
766.5164375
648.7153125
744.3201875
740.6454375
744.1348125
733.8465
921.2716875
754.156
733.72675
679.53225
690.2280625
770.7298125
760.3104375
766.3390625
727.3489375
732.3038125
723.3523125
722.5661875
776.5273125
755.612875
775.6829375
736.8039375
708.1061875
742.7450625
719.899875
869.1926875
874.249125
815.9065625
759.6135
734.9978125
1093.80125
743.0945
778.021625
710.278625
715.8301875
892.210875
733.4305
629.0240625
784.35125
798.560375
870.88475
724.76675
727.22475
737.4560625
812.436
824.33925
708.098375
726.54075
759.1508125
706.4945625
896.955875
748.15925
721.7935625
732.3734375
796.820625
795.139375
744.4129375
1140.517
656.5105
685.5651875
810.58175
791.6889375
786.312
771.87
692.8423125
718.171625
741.9955
809.4614375
921.06725
741.36325
704.0368125
741.6879375
869.6691875
739.5300625
1129.393125
706.4849375
792.1345
763.0438125
881.9733125
748.4899375
751.892625
976.0139375
673.0314375
746.65475
789.998875
806.4798125
748.7019375
771.43625
735.11925
740.5263125
692.5449375
696.7251875
869.649
888.693875
863.604375
732.487125
763.9925625
735.7513125
752.6174375
720.8693125
770.708125
745.4089375
993.6628125
702.574
782.5238125
900.977
707.6640625
721.723125
772.9669375
728.1320625
726.49375
701.0260625
893.34475
704.6825
697.5484375
794.846125
770.1076875
714.3823125
926.3480625
786.62925
703.985125
699.8661875
844.78325
785.476625
794.232125
726.1976875
882.6691875
778.7435
838.519125
706.2800625
733.9424375
770.0884375
683.298125
701.76825
888.147
795.2405
811.5354375
779.506625
732.6900625
765.2303125
723.73825
731.92225
732.2093125
963.8884375
736.264625
705.294875
750.740375
715.0655625
734.9804375
735.2553125
749.4921875
892.2651875
711.0934375
729.4880625
652.24425
699.5306875
736.9013125
747.7083125
728.9105625
777.1944375
797.8329375
742.1425
701.129375
700.9366875
840.4620625
822.168625
707.16225
722.4555625
1003.9748125
727.0399375
795.8203125
793.377
752.6105625
821.4385625
707.08525
718.084
743.32125
690.615
761.2306875
746.9608125
692.81
773.8475625
719.6171875
701.3966875
784.66175
744.362625
700.8395625
750.5068125
697.934375
737.933875
748.051375
696.696125
761.681625
704.834625
822.580625
801.9526875
747.134
705.50575
717.7063125
775.769625
689.592625
773.0145
716.08675
757.3635625
732.0910625
726.188125
795.34425
740.4045625
761.2891875
722.7414375
790.3138125
722.4036875
792.2834375
729.868375
761.1046875
727.3683125
731.824375
739.640125
802.0680625
816.351125
783.1263125
768.61675
739.3333125
727.6968125
817.3353125
748.6804375
665.25475
742.402125
740.3276875
862.59575
766.3728125
758.846
810.2726875
873.9965
701.502625
662.0485
792.0344375
723.1545625
765.5194375
780.784625
846.0943125
865.4853125
679.7958125
705.8353125
730.001
1079.7825
778.04425
773.62275
760.694875
743.3003125
723.7135625
773.1569375
746.3958125
840.306875
762.1555
746.4696875
760.45825
756.4934375
750.3885625
748.4604375
759.668
723.0525
690.481875
766.0715
711.074125
883.852125
720.7579375
872.630375
711.4061875
731.17225
814.053625
736.5280625
763.9993125
803.4614375
789.5073125
730.39125
759.0176875
865.337625
847.1625625
722.85575
763.3445
729.339
864.7953125
949.1333125
712.2938125
796.3116875
869.51825
700.03125
744.1346875
752.4505
783.4325
778.9344375
697.5676875
712.0621875
750.563125
788.729125
772.5578125
729.9908125
