44.8694296875
14.3576494140625
246.86990625
3.839509033203125
139.41040625
16.933080078125
208.6145
12.77575390625
132.1165625
50.1775859375
44.33587109375
19.36366015625
56.4669375
37.3250234375
36.37405859375
23.226685546875
125.301875
30.538103515625
121.282734375
52.724890625
50.0314609375
129.79165625
5.62539306640625
31.807130859375
143.717328125
82.3505625
72.0465234375
78.964328125
108.589015625
35.270390625
2.276095458984375
16.942609375
11.235802734375
44.123921875
2.05326171875
47.7813671875
33.07613671875
33.76509375
31.007078125
15.539986328125
127.6497734375
64.046015625
57.99953125
14.743056640625
209.660453125
82.5783359375
10.824501953125
56.9786484375
35.70967578125
66.0631640625
35.40199609375
15.8858056640625
79.230125
61.4497734375
177.679171875
28.10852734375
64.0307890625
97.2518125
28.280896484375
177.9298125
27.670927734375
60.3641171875
128.7470078125
82.2439296875
62.4965546875
66.4231015625
144.490046875
23.90934765625
5.555224609375
108.6363984375
129.4200703125
137.2968125
126.2502890625
28.428984375
47.05301171875
37.4163046875
41.0490625
130.377484375
12.1383701171875
113.5902578125
45.026359375
47.56146875
33.07422265625
92.176078125
50.95659765625
37.07480078125
41.16496875
22.282267578125
74.885328125
60.289609375
5.10072021484375
11.0402451171875
22.78401953125
61.14384765625
19.05573828125
73.4665703125
26.150419921875
18.72840625
13.2094912109375
5.390939453125
57.76256640625
50.91425390625
10.305359375
37.387109375
42.28128515625
54.49979296875
32.62055859375
14.0242890625
91.3454921875
8.03489990234375
30.655462890625
29.507419921875
14.5053642578125
48.859671875
52.336359375
113.9099375
64.2434296875
102.11390625
89.788546875
27.074408203125
30.662537109375
16.0681162109375
130.2457421875
24.427447265625
12.3324130859375
196.770046875
113.2576953125
11.5575546875
13.759580078125
25.413369140625
145.41140625
109.4983984375
25.7986875
38.9795859375
24.71472265625
104.9490390625
64.143984375
15.186673828125
42.72840625
102.257875
5.548171875
83.1905546875
55.3155390625
31.7474921875
7.25459765625
117.371984375
41.9615859375
50.565109375
19.79949609375
44.649484375
227.82875
6.00867626953125
31.481326171875
30.591095703125
22.796185546875
41.61071484375
5.9861064453125
78.53896875
27.231390625
40.7414453125
161.1028125
4.9427548828125
35.010296875
84.7200625
41.108578125
31.853931640625
13.8519228515625
15.0847109375
82.981265625
86.6845703125
3.903367431640625
27.216173828125
71.144578125
57.04826171875
29.274978515625
63.34846875
12.982669921875
38.3407734375
48.72453125
68.3597109375
32.23913671875
13.6080654296875
17.829544921875
18.564548828125
337.08628125
30.966740234375
65.17598046875
77.5631484375
8.0239853515625
237.010515625
16.958119140625
73.1502734375
48.03686328125
20.610697265625
46.9520625
81.1270078125
25.938189453125
159.918015625
35.51930859375
101.7955546875
22.27227734375
3.42496533203125
36.8603828125
83.4539765625
28.72234375
105.3756484375
81.9103828125
36.2324765625
60.648375
13.4470751953125
10.2668349609375
6.09877880859375
96.7690234375
54.68951171875
11.165876953125
21.6945390625
86.4893359375
70.624671875
48.42706640625
94.1744140625
85.92371875
101.585484375
184.218328125
147.218328125
63.332296875
71.619578125
42.36509375
41.1346328125
91.0587734375
4.68989794921875
27.727978515625
14.3507861328125
26.501412109375
7.93988916015625
223.7541875
45.16630859375
16.3022431640625
152.609296875
25.95962890625
50.68025390625
20.670048828125
51.5897265625
65.717953125
91.9798203125
6.28727392578125
3.4454814453125
167.8825
32.8924140625
55.20809375
18.69485546875
89.373015625
15.63496484375
4.9257060546875
154.2285625
227.988421875
8.848685546875
11.21473828125
42.8340546875
22.621970703125
242.14190625
113.3097421875
36.2626484375
1.9621610107421874
93.2505234375
129.8982578125
120.91321875
78.7557890625
23.903662109375
147.94921875
13.7239736328125
61.87571875
63.63786328125
58.5753203125
35.80342578125
18.443373046875
28.698736328125
62.33259765625
59.11578125
28.279564453125
104.122125
8.56716015625
188.72603125
40.09351171875
15.262083984375
62.83275
10.1318408203125
47.90687109375
161.5990625
24.0878515625
43.185796875
3.95631005859375
60.99915234375
175.09790625
38.2385234375
67.7145859375
57.73511328125
6.07688525390625
61.40116015625
28.91616015625
120.6660546875
39.412109375
40.123671875
76.43690625
88.9541796875
40.7218046875
36.02666796875
34.19754296875
130.8051328125
139.33209375
13.9747705078125
54.09195703125
30.938216796875
85.9531015625
14.336998046875
40.3879375
41.154984375
50.62664453125
28.351837890625
112.2215078125
247.711546875
76.20903125
143.395625
4.8298681640625
23.6656875
13.8981171875
22.488341796875
30.361546875
39.45554296875
50.556265625
78.6335234375
14.132033203125
194.36115625
62.97245703125
24.2505625
9.8538525390625
16.589732421875
53.591015625
10.5163955078125
48.88112890625
8.003830078125
2.469789306640625
26.842458984375
37.0153125
69.072125
21.3712265625
3.149462158203125
46.495890625
310.00509375
43.60155859375
73.7822109375
33.7723984375
6.321103515625
16.34178125
30.2829765625
132.576390625
22.673181640625
186.387
165.0426875
17.180107421875
39.61447265625
50.60123828125
62.1253046875
21.52959765625
110.19025
115.151015625
17.347333984375
94.512703125
66.4636015625
31.07162109375
112.3308203125
59.3083359375
100.5839140625
85.0981953125
50.54101171875
102.683546875
43.79798046875
80.053390625
84.79971875
8.1555244140625
4.330634765625
93.19165625
70.471265625
88.97903125
88.7545234375
7.11981103515625
49.81983203125
46.23702734375
34.4939609375
32.39624609375
75.1999453125
10.2368623046875
28.429607421875
99.84990625
6.82898583984375
56.78160546875
123.68309375
148.7635625
28.688826171875
83.98528125
164.685171875
82.7851640625
47.96287109375
40.491265625
56.33016015625
25.135546875
42.3773671875
61.86262890625
60.0101015625
10.0318544921875
159.6583125
63.59414453125
83.925515625
66.11571875
9.755326171875
58.498125
103.157234375
122.827953125
2.21883056640625
5.30157080078125
33.3536484375
23.735232421875
36.21278125
151.74390625
18.35765234375
33.98798046875
76.68775
10.79009375
18.556736328125
51.2149453125
62.31628515625
21.61344140625
26.982845703125
48.15671875
45.85085546875
2.35718017578125
9.6385029296875
37.2253671875
6.72143359375
46.13970703125
22.192158203125
70.2301171875
60.944078125
50.6840234375
38.74515234375
53.883796875
33.1544453125
6.1313291015625
145.7806875
9.371234375
2.573707275390625
56.60660546875
44.81875
20.972916015625
16.587375
219.343625
84.779671875
48.1542421875
200.787296875
17.3482109375
23.130931640625
19.146857421875
9.2591943359375
58.27862109375
33.16182421875
243.353625
82.4915234375
76.1832890625
117.41465625
23.869232421875
0.0
28.6285390625
23.0635390625
32.08946484375
38.48863671875
30.83538671875
145.90890625
63.0765859375
88.98715625
91.0517265625
27.79451953125
40.29180859375
4.2323740234375
21.498970703125
28.506080078125
49.15349609375
52.0101796875
38.10508203125
22.38039453125
34.62375
62.320171875
58.4958984375
122.246578125
25.263630859375
35.25854296875
30.04140625
29.110013671875
39.58707421875
41.6259609375
111.4875859375
61.20286328125
4.64337109375
20.4438515625
72.15259375
4.75012744140625
37.09115234375
10.8564990234375
32.35387890625
25.42987109375
56.72440234375
4.040891845703125
126.3917265625
74.30346875
142.2790625
6.72907763671875
27.18471484375
100.2842734375
28.09808203125
155.654203125
1.9638436279296876
13.6654052734375
45.75292578125
80.52496875
4.5588134765625
98.0709609375
64.33175
138.56984375
363.15596875
78.363640625
92.044546875
57.27441796875
31.244203125
1.1540262451171874
153.608671875
40.6396328125
15.1625966796875
18.646892578125
196.2345
63.6954375
135.81096875
41.60309375
38.27188671875
65.180984375
145.280234375
47.2450390625
64.71587109375
57.334265625
57.7051484375
21.856654296875
94.2215625
66.1275546875
59.031484375
65.51642578125
7.39616748046875
29.9695234375
62.53075
9.4667080078125
2.199399169921875
24.603431640625
13.142814453125
4.26419580078125
0.0
7.8940625
79.30865625
38.0892265625
96.3873203125
1.7698040771484376
30.244896484375
55.2939140625
13.537134765625
5.27839404296875
71.4023203125
13.286076171875
17.029072265625
48.245765625
14.1523994140625
51.902390625
31.020630859375
57.805515625
171.7163125
54.78397265625
144.46659375
13.8007060546875
228.64534375
80.3074296875
45.76716015625
8.3107255859375
66.3680078125
53.380609375
14.16891796875
20.385
27.87490625
76.962828125
121.0474609375
74.9184609375
29.683107421875
57.7570625
12.563208984375
7.13393359375
24.989802734375
8.03734375
44.37908203125
21.733080078125
73.874734375
48.1645078125
49.78577734375
144.512328125
1.26821875
19.109185546875
39.8832265625
64.46101171875
22.96341015625
17.30284375
87.57196875
127.9446875
28.78121484375
24.356205078125
16.30565625
17.618591796875
16.2339921875
9.30914453125
16.839849609375
177.9026875
79.07696875
50.22326953125
61.472296875
12.2584365234375
100.555015625
76.1645859375
40.9088125
57.87780078125
32.60283984375
35.1501484375
7.03053955078125
3.897454345703125
61.7815078125
22.0032265625
60.40291796875
104.913015625
31.9123828125
16.456333984375
26.262453125
169.57234375
33.2783359375
5.714189453125
123.27809375
76.6723828125
24.72697265625
27.5040859375
1.9057027587890625
41.5387890625
18.51332421875
92.4108515625
65.609609375
11.8126240234375
229.963828125
35.35559375
121.2440703125
56.99251953125
62.8788984375
40.4786640625
118.1628828125
25.9421171875
43.9623046875
24.37459375
5.2132353515625
60.2613125
37.70918359375
21.090666015625
24.78558984375
21.5105625
13.5183447265625
18.968833984375
62.3722890625
165.20615625
30.131828125
12.3148046875
57.365640625
17.15294140625
46.03340625
25.807865234375
32.6073671875
14.95173046875
17.640431640625
46.384296875
80.9267578125
83.000453125
219.263109375
42.1457890625
122.7933828125
63.87375390625
133.058109375
2.677383056640625
81.5701953125
27.796322265625
29.980263671875
51.62203125
136.2318125
61.2960234375
153.8261875
159.157015625
46.51448828125
66.7593984375
65.1368125
2.946878662109375
16.2927890625
12.1323056640625
190.67365625
82.2168671875
43.55227734375
135.001625
19.105095703125
188.760015625
75.1253828125
36.15086328125
100.1065546875
154.795546875
46.351640625
25.51706640625
37.80009765625
0.7202576904296875
74.1728515625
15.97092578125
63.31176171875
81.8036796875
46.57061328125
46.98828125
122.703234375
160.669953125
69.373921875
6.31869970703125
15.894912109375
22.3751328125
29.840943359375
12.2548837890625
84.7753828125
46.36540625
37.95906640625
28.773583984375
19.476427734375
127.3867890625
53.9733125
111.4510859375
107.9246796875
57.01778125
9.13103515625
42.6836484375
27.480927734375
46.5826328125
305.44478125
75.695890625
31.010796875
38.1482265625
64.3071484375
23.9026796875
25.9344296875
109.5553046875
10.7555498046875
153.503265625
93.84096875
148.931375
41.5015546875
96.5105859375
18.6223515625
98.3063046875
42.0570390625
40.58446484375
12.409986328125
5.27162548828125
18.328419921875
67.5281640625
144.3660625
5.405453125
1.7654609375
56.1244375
70.825828125
11.2871064453125
87.7986171875
33.674359375
141.493734375
19.589171875
111.9793203125
76.75175
120.086984375
79.9678359375
14.9839189453125
25.99731640625
38.282390625
2.2268251953125
38.6394765625
6.13657470703125
56.06552734375
19.41574609375
52.66039453125
32.645154296875
18.905837890625
18.82033984375
10.17703125
82.561015625
86.070421875
8.6138544921875
92.5302578125
81.892390625
3.569218017578125
10.6244482421875
252.28403125
120.7703671875
66.903734375
88.163953125
186.8698125
17.969513671875
23.75383984375
26.38711328125
57.43366796875
36.2304765625
111.107421875
88.1235234375
11.568765625
20.4372890625
165.075140625
32.035666015625
58.990578125
18.59332421875
75.0831953125
39.50491015625
45.116078125
69.3890234375
45.255625
20.27271875
10.03833984375
33.05493359375
88.6682734375
86.713921875
179.48934375
9.1520966796875
24.929470703125
35.949265625
41.2847734375
47.85003125
8.06287890625
16.56284765625
47.1774140625
9.675169921875
35.3260859375
153.423671875
35.17346875
7.39350244140625
8.75343359375
85.3893828125
37.0051796875
81.8535078125
42.6761875
8.31640625
13.5103583984375
38.186796875
17.388796875
84.1496328125
11.0654130859375
15.405130859375
55.53542578125
9.2434521484375
16.328943359375
4.079083740234375
29.696697265625
70.32471875
14.7501552734375
89.2933203125
96.65640625
41.04133984375
79.3982890625
15.763333984375
22.113794921875
60.0789609375
46.63745703125
21.8402109375
196.93
68.0483984375
62.694296875
18.323767578125
31.253728515625
61.65322265625
10.4467255859375
10.61106640625
153.2163125
33.6295625
288.47934375
30.71608203125
49.46583984375
11.8648408203125
48.822890625
47.3835
18.849232421875
51.71909375
44.293453125
101.4354921875
61.12427734375
87.753140625
69.6683671875
46.74566796875
3.970552978515625
27.566130859375
64.0927421875
26.341876953125
120.2662421875
49.9220390625
76.219625
33.57515234375
151.347671875
7.0999267578125
15.09531640625
1.9757218017578124
65.80971875
25.802765625
13.07231640625
26.958052734375
102.7728828125
104.308234375
11.7736865234375
63.26280859375
109.314484375
67.395453125
9.3426416015625
18.90891015625
43.96314453125
6.12727197265625
20.062734375
98.239765625
211.975546875
119.202015625
75.3854453125
20.07040234375
21.38640234375
41.67305078125
17.253408203125
11.2517119140625
35.17848828125
14.651837890625
74.7188359375
28.27636328125
36.94776953125
83.0127734375
24.310556640625
13.6523115234375
91.4529921875
15.83892578125
73.9314609375
19.298412109375
19.717634765625
91.4722578125
18.9548203125
345.31209375
73.432484375
75.4912421875
27.555654296875
162.76696875
3.9875732421875
132.310765625
112.7714609375
88.35090625
44.2986484375
145.298421875
12.4437880859375
19.9113203125
208.390234375
16.80762890625
39.5434296875
11.9299052734375
106.2415078125
9.69673046875
15.911455078125
26.041666015625
11.14090625
77.0513046875
29.283916015625
28.894005859375
40.9619296875
73.941421875
16.674193359375
25.32102734375
29.40984375
201.11384375
16.066677734375
55.30329296875
111.6115
11.5833515625
25.01012890625
178.200546875
7.645962890625
20.22657421875
61.79580859375
14.5006083984375
94.20321875
16.2402998046875
61.071140625
271.67046875
68.1781171875
152.7198125
23.0569140625
37.08648046875
31.040064453125
68.684984375
8.1718056640625
50.4890234375
66.7326875
97.6141640625
18.9262890625
27.536046875
48.99180078125
137.331640625
68.4390703125
40.4595234375
137.257640625
89.1965
44.4663515625
8.07578173828125
85.3373984375
76.7111484375
31.023298828125
202.206125
38.2566796875
14.3840712890625
30.02851953125
38.2533984375
11.9796494140625
62.5881953125
74.7672734375
5.66999853515625
35.14169921875
152.6656875
48.19630078125
95.6163203125
39.31139453125
68.9106796875
104.7264921875
39.9518515625
41.22512109375
4.9493291015625
55.9712578125
113.35340625
134.49965625
36.009046875
94.4707109375
46.70134765625
11.77707421875
55.15063671875
51.91037109375
10.4527041015625
115.988296875
146.895796875
50.1171796875
20.854943359375
123.006640625
104.4600703125
63.943921875
42.329625
22.513646484375
19.6940234375
86.3610625
22.56608984375
47.34202734375
83.743078125
84.251328125
65.8197734375
288.3000625
16.1387705078125
68.2139609375
15.366693359375
20.622123046875
14.2761279296875
38.272734375
211.846828125
48.2461640625
10.234306640625
132.6358125
11.0426689453125
7.89934326171875
41.913984375
115.7345625
2.236856201171875
23.612119140625
38.91915234375
55.31465625
31.585955078125
47.92534375
87.7551328125
83.997046875
38.71872265625
23.32976171875
8.8966181640625
57.06177734375
21.705935546875
47.80127734375
69.681671875
63.30892578125
100.3021484375
60.7328203125
68.8265546875
11.4257333984375
84.699421875
6.528044921875
41.33976171875
19.0883046875
177.905828125
27.452404296875
29.780369140625
65.49216796875
63.1665390625
20.042279296875
29.36128125
70.67875
20.393751953125
213.634203125
174.393296875
7.11572216796875
58.91510546875
131.16328125
19.429603515625
43.923921875
13.483341796875
15.6529814453125
125.668125
49.91541015625
0.844859130859375
12.580525390625
14.9911103515625
80.435578125
10.3222333984375
26.286220703125
46.99942578125
14.3039482421875
59.81392578125
5.64872216796875
92.3351171875
40.16250390625
87.266421875
36.8502265625
3.06166015625
7.51365380859375
58.6886640625
31.95719921875
3.545330810546875
57.37498828125
5.42689404296875
15.2940927734375
103.2557265625
187.748875
44.741875
0.0
10.109794921875
36.04589453125
10.2646396484375
66.7088828125
25.30449609375
38.21753515625
39.251140625
131.26096875
20.5950078125
61.04187109375
27.357845703125
6.7192470703125
43.5185078125
79.2073359375
94.84228125
155.6029375
50.54754296875
142.00190625
56.77627734375
65.21159375
78.496796875
32.651490234375
76.1358125
107.4878125
6.13556201171875
41.43076953125
3.018365478515625
104.5165546875
100.64678125
96.4407421875
85.671546875
271.6389375
22.5773125
32.320533203125
70.33059375
27.518505859375
27.76498046875
18.519021484375
42.70228515625
35.3537109375
128.25478125
14.98817578125
52.556859375
22.96466796875
5.6541650390625
58.3386875
109.4765390625
42.2581875
13.343099609375
133.09875
65.7126875
9.4898955078125
42.52368359375
17.43224609375
31.699125
15.2470419921875
33.91993359375
39.26934375
52.28487109375
24.350521484375
16.511771484375
113.3963828125
79.8350078125
16.1341650390625
46.73293359375
51.8496640625
36.7986796875
92.0608671875
67.1250234375
34.46569921875
37.0528046875
40.17458984375
48.07096484375
3.015016845703125
51.450953125
43.56367578125
20.323294921875
48.368671875
77.5963125
17.0385234375
106.389640625
13.0325595703125
63.37679296875
10.0521640625
49.818109375
48.25573046875
178.47115625
48.76715234375
1.89007470703125
42.610140625
128.06646875
41.2956171875
27.246705078125
114.93703125
157.904609375
30.075927734375
189.1164375
48.39951171875
97.4277890625
192.933296875
112.292921875
204.345671875
12.879251953125
78.9576640625
74.1379765625
67.1423828125
29.077025390625
7.6487880859375
38.20531640625
43.82413671875
5.05519775390625
94.0295234375
34.514265625
153.504703125
21.613080078125
74.478078125
14.5023212890625
41.49976171875
19.08912109375
4.6894677734375
26.87826953125
4.38054638671875
13.9364755859375
98.0892890625
20.41678125
20.907044921875
5.6704560546875
112.917953125
40.43015625
75.9399140625
74.19340625
21.76022265625
41.3968984375
49.19971875
66.8441484375
2.37375732421875
15.735412109375
34.4294609375
52.95559765625
4.79569580078125
25.3207421875
12.5649599609375
30.007958984375
41.31826171875
19.094298828125
91.0716484375
18.21166796875
7.66806689453125
195.813203125
26.65050390625
38.91869140625
56.4657421875
83.4649375
30.103892578125
70.8196484375
44.59847265625
120.4786875
21.646552734375
53.088609375
23.58551953125
33.0422890625
61.28665625
103.319125
35.46590625
9.8744853515625
23.1048984375
101.163234375
115.4806328125
123.3916484375
86.4072890625
6.95438720703125
83.8391015625
27.04499609375
74.5350703125
13.965173828125
69.29403125
87.7441953125
68.0661328125
39.07942578125
235.689375
48.89671484375
12.69358203125
12.7890244140625
62.788109375
27.395109375
88.3255078125
124.9714453125
136.110171875
91.558234375
31.955611328125
30.126306640625
79.4666875
55.64339453125
74.5421171875
3.61177490234375
79.4969453125
122.7794375
46.35027734375
168.34709375
97.5706640625
33.2217265625
35.5974765625
87.6831640625
46.020515625
31.408408203125
90.3295859375
34.98175
90.0207265625
38.83068359375
11.1073701171875
45.45612890625
24.591521484375
69.4383515625
38.76099609375
163.506984375
3.96618994140625
1.9853885498046875
50.34618359375
68.7241875
42.1631171875
73.0040546875
43.0610390625
17.195384765625
82.1452734375
70.8246171875
115.3629765625
146.171171875
93.577171875
20.737013671875
64.52880859375
176.268046875
113.7328984375
50.588875
80.562890625
9.144767578125
292.94315625
26.66024609375
57.75465625
43.8341953125
135.32365625
34.6946796875
48.4518671875
39.84855859375
19.200150390625
29.936396484375
48.29539453125
72.357765625
51.03325390625
3.85494384765625
35.80833984375
4.20983251953125
19.34983984375
69.452453125
72.5871328125
53.90554296875
37.45778515625
105.1648125
34.463578125
2.6549013671875
5.70688134765625
34.271109375
12.36203125
26.49254296875
10.11213671875
5.37278076171875
11.78789453125
5.8385322265625
35.94830859375
21.786998046875
16.3634873046875
54.27467578125
79.0015390625
80.8232578125
68.1003828125
43.68470703125
34.20112890625
21.05287890625
75.321703125
22.96796875
26.472115234375
16.0410048828125
29.25216015625
119.15503125
211.33771875
160.912890625
54.01662109375
56.9703515625
56.75326953125
30.80061328125
14.5534970703125
17.54143359375
17.143880859375
35.592296875
89.4517421875
108.0961953125
44.4894921875
9.7072353515625
53.105140625
19.56708203125
47.36562109375
48.31285546875
1.8084971923828126
15.4218115234375
41.65469140625
74.269515625
8.1519833984375
25.557740234375
42.16303515625
13.1625595703125
88.1796953125
43.78261328125
15.59031640625
16.4013984375
25.584486328125
19.3488046875
110.1793671875
33.53009375
79.730109375
18.09744921875
47.9036796875
19.655455078125
42.8351640625
28.19761328125
79.022859375
155.36159375
10.4789501953125
20.377291015625
18.50480859375
15.7741748046875
17.16469140625
99.98971875
38.46838671875
12.836859375
130.8623828125
83.1637421875
48.94669921875
100.9668828125
45.85647265625
217.13509375
30.766966796875
92.801953125
83.6776015625
1.863082763671875
6.2509599609375
30.55138671875
24.959271484375
17.116921875
33.88746875
32.0886015625
88.42065625
242.496296875
32.643658203125
35.9703984375
95.9837734375
5.74623193359375
99.6846875
20.538810546875
21.69094921875
58.94916015625
41.14960546875
100.2426171875
42.33866015625
16.041521484375
3.166191650390625
47.48664453125
149.206765625
21.853431640625
66.57575
30.572603515625
69.0548359375
25.171671875
20.569232421875
6.358154296875
73.222515625
25.060779296875
75.090265625
21.9255390625
17.703205078125
8.418888671875
153.613546875
4.89880615234375
187.34471875
2.231591796875
44.3135078125
20.389669921875
73.14178125
57.8459296875
168.8059375
129.721578125
14.020623046875
95.3158203125
3.53326025390625
21.8668984375
59.82946484375
193.65225
88.45678125
35.370578125
135.38153125
98.0162109375
41.9060078125
74.7799140625
55.7354296875
9.4374267578125
112.3716484375
111.447453125
30.41945703125
16.420861328125
12.9525908203125
3.765408935546875
85.1177890625
79.79375
57.5593125
82.4578984375
58.501953125
151.061921875
46.34338671875
0.8693900756835937
287.2069375
40.7911484375
8.6979306640625
98.3003203125
30.980033203125
77.72946875
189.605984375
16.75335546875
23.07312109375
49.27846875
53.34663671875
16.540955078125
30.67191796875
43.1094921875
36.99088671875
32.74651953125
42.3411171875
11.05515625
14.3009248046875
59.758484375
102.015734375
30.0467109375
85.0506328125
63.00440234375
115.101953125
28.17438671875
54.51555078125
73.2422421875
105.234234375
88.8585078125
35.0913125
4.394240234375
82.441265625
19.755798828125
158.45525
106.0754296875
38.96578125
44.50728515625
353.91696875
37.271375
34.4218203125
76.12971875
44.814828125
14.4022373046875
23.70225
50.09941015625
115.143359375
25.9664453125
79.4372734375
13.0800888671875
185.9773125
21.600599609375
53.205609375
4.35861376953125
74.36134375
42.59658203125
176.143546875
29.242478515625
43.91973046875
37.51438671875
4.3693056640625
31.411943359375
398.30009375
39.042
70.5905625
6.10630859375
47.6192734375
32.9213125
5.39855078125
31.372462890625
41.872671875
67.40765625
69.1653828125
37.1148046875
235.78109375
3.526859375
30.215634765625
42.65378125
91.192796875
42.9096953125
16.696361328125
64.0884140625
31.843357421875
151.4935
122.2352734375
32.750439453125
100.01075
38.73972265625
53.46073828125
1.1453819580078124
40.97477734375
66.5163046875
120.3137578125
62.88503125
95.919359375
4.5280732421875
60.10834765625
140.502421875
197.801671875
48.0929765625
16.67180859375
8.5199033203125
114.2316953125
35.573109375
53.33347265625
40.6550625
22.484189453125
159.84859375
52.4328125
14.6226572265625
74.7899453125
80.86090625
76.043078125
41.89880859375
47.10375390625
13.778259765625
34.849171875
114.6337265625
74.062546875
45.900765625
70.5781796875
54.31156640625
46.20598046875
132.222015625
18.686541015625
31.178748046875
71.0387421875
35.19866796875
16.5881953125
24.310626953125
44.8816171875
9.725537109375
4.764068359375
63.7571328125
21.10363671875
24.789890625
10.100830078125
33.927046875
18.2963984375
12.2707958984375
32.93570703125
107.5375859375
47.34609765625
16.52742578125
45.06490625
19.06099609375
2.434496826171875
23.6496328125
124.8039609375
88.4768984375
8.992912109375
48.06659765625
38.87453515625
14.59051171875
34.11457421875
12.9526728515625
51.474421875
75.2383359375
88.5630234375
18.965212890625
67.8678046875
128.30453125
5.62115478515625
21.739986328125
60.54458984375
14.8748154296875
71.4790078125
34.29936328125
17.61058203125
44.14188671875
9.85518359375
85.8583046875
62.08296875
68.56059375
25.60391796875
130.944078125
88.1274296875
4.99513330078125
111.190546875
62.44536328125
49.06219921875
49.50694921875
184.43615625
37.51392578125
17.07807421875
9.8809775390625
94.09240625
62.89530078125
85.4969765625
73.977125
110.4974453125
75.4789609375
2.65264599609375
42.06817578125
0.0
1.5101875
29.0050546875
28.05741015625
33.647734375
9.2787001953125
25.66644921875
22.07598828125
37.68875390625
21.919994140625
61.36882421875
86.3646640625
115.652640625
48.00598828125
11.3652646484375
3.74885498046875
9.9158037109375
88.5534765625
4.197734375
165.65678125
3.7065908203125
19.692873046875
167.0015
23.775201171875
2.930471435546875
187.424015625
56.9024140625
3.318277099609375
55.0748125
117.4968515625
236.3250625
54.70778125
69.244359375
32.21159375
0.0
24.72863671875
0.9729718627929688
16.2721953125
12.3367451171875
31.24090625
15.017017578125
18.49662109375
9.8105712890625
32.3334609375
21.427265625
76.039609375
16.653279296875
35.5653125
18.519302734375
41.70240234375
58.9626484375
391.08334375
59.42518359375
39.4460703125
19.55637109375
49.59500390625
13.0261650390625
102.229390625
12.2977734375
204.47534375
95.915703125
48.2296328125
18.326677734375
11.5134384765625
147.90196875
84.15390625
35.76963671875
16.546658203125
35.6935234375
61.14658984375
5.33284033203125
117.4762734375
273.737125
107.3445078125
152.45309375
12.42458203125
103.2299765625
65.3702421875
46.59597265625
102.8170078125
60.39686328125
13.109451171875
81.8279609375
126.6628984375
31.844419921875
17.93701171875
148.81671875
12.44465234375
31.126912109375
110.8093203125
74.811796875
50.17044140625
69.25728125
184.708640625
130.846921875
153.930890625
6.86585693359375
5.08322216796875
84.8396328125
23.433931640625
3.454613037109375
101.1260703125
87.4334765625
145.726515625
58.10094140625
16.97146484375
35.24757421875
111.9379453125
53.32724609375
45.6205078125
31.3686171875
22.816498046875
139.750640625
164.452421875
225.200671875
138.174578125
196.497046875
28.09611328125
41.56783203125
195.3379375
79.11046875
59.41246875
106.425734375
124.4283046875
54.65883203125
34.375875
137.362171875
84.10240625
33.1758203125
56.64719921875
112.42234375
77.5137109375
192.7245625
50.0632890625
298.89465625
50.6866796875
12.956791015625
92.8696640625
7.050130859375
6.406037109375
5.640951171875
1.350634521484375
19.92215234375
120.5538828125
31.97251953125
28.304400390625
67.9836171875
9.966568359375
166.46984375
89.320921875
22.907443359375
120.714453125
269.977
171.556203125
14.5211826171875
166.04084375
18.68584765625
22.3920546875
5.7727138671875
18.7838203125
228.02803125
20.16625
28.1227890625
88.0038046875
176.239
30.912525390625
104.526890625
13.37895703125
30.2876640625
58.407765625
30.835173828125
85.3835859375
37.01940625
60.27176953125
41.70171875
64.28066015625
18.91201953125
28.4605859375
122.2075390625
54.3160859375
61.61755078125
12.5555068359375
19.46948828125
7.2339970703125
21.69949609375
25.048451171875
56.9402890625
23.32765234375
1.2909871826171875
7.87989404296875
123.2403515625
55.73569140625
57.8582890625
28.86910546875
127.826640625
18.688216796875
11.2240830078125
52.16803515625
17.66629296875
57.85112890625
2.186404052734375
53.801796875
47.97290625
91.3773125
163.183921875
85.5234453125
49.32787109375
157.85034375
2.318864990234375
64.04005078125
68.4691171875
130.125140625
50.07462890625
34.94556640625
80.4115390625
5.589259765625
72.643828125
63.14378125
33.49286328125
27.337396484375
4.8901572265625
44.4384140625
94.080328125
1.193954833984375
74.3127578125
23.645908203125
42.55918359375
115.4391171875
59.91170703125
14.302630859375
81.392953125
53.45428125
17.085025390625
153.01409375
32.397845703125
208.893171875
77.8013046875
6.02093505859375
102.666703125
11.5090107421875
233.2160625
28.031576171875
25.344220703125
22.033375
88.9887265625
54.6582734375
47.12171484375
168.142921875
1.1077933349609375
112.7651640625
34.73878515625
75.455921875
8.07953759765625
30.58585546875
17.18019921875
65.8404921875
161.606421875
67.634890625
102.60609375
64.196484375
47.29440234375
83.165015625
117.7769453125
37.41120703125
0.0
77.386203125
95.0072578125
13.170876953125
33.5010703125
55.9159375
94.131296875
16.96414453125
40.46891015625
2.5066904296875
32.49288671875
11.7504345703125
79.7572265625
265.42246875
70.7590390625
90.8003203125
51.1464296875
7.91101123046875
43.1211484375
20.306583984375
43.1991640625
4.38706201171875
13.851859375
15.4218662109375
88.821484375
33.329875
22.40923828125
27.1058046875
5.400396484375
19.381205078125
189.445125
192.142296875
71.423421875
77.5045078125
61.493125
9.229423828125
107.5208828125
17.41908203125
31.49116796875
102.9731171875
45.27723828125
2.43937158203125
96.090640625
60.20082421875
21.326265625
21.784591796875
18.873220703125
233.121015625
21.199431640625
3.412382568359375
43.02809375
16.528212890625
28.1988125
42.56657421875
18.289177734375
57.10308203125
22.290392578125
6.49913916015625
99.27290625
12.0235986328125
8.80143359375
57.29215234375
9.568818359375
8.70060546875
57.9822578125
52.7895078125
56.70847265625
85.474546875
38.49839453125
109.2210078125
25.893609375
42.23158984375
15.930146484375
21.823125
43.84714453125
76.279203125
7.26304248046875
18.17194921875
16.96821484375
3.38947900390625
35.2517734375
14.1652001953125
32.023486328125
37.76676953125
38.75594921875
16.0056796875
5.137111328125
44.35369921875
69.7157109375
245.492296875
43.62090625
8.8291806640625
3.87378759765625
8.9345703125
27.584072265625
134.1158125
103.2606796875
29.247427734375
16.24939453125
27.383875
37.04866796875
28.407599609375
58.1526953125
76.421515625
276.96353125
118.2958984375
61.00010546875
159.311109375
9.21483984375
62.152921875
179.427671875
34.638953125
48.27520703125
124.5919609375
68.8865078125
25.487181640625
87.801171875
40.04401953125
36.71498046875
72.332515625
87.491046875
32.624853515625
76.108
42.33548828125
39.59771484375
23.5718671875
14.6116337890625
4.44595458984375
13.0806455078125
82.7267734375
112.451796875
26.2879453125
41.20546484375
60.42332421875
29.397103515625
82.134546875
74.912625
55.50253125
130.3798359375
178.86303125
97.8686015625
60.25196484375
27.601025390625
92.979390625
77.067171875
1.3638154296875
51.07321484375
44.9236640625
111.281359375
13.4952412109375
2.19379443359375
14.869953125
71.0642734375
35.11976171875
14.8406240234375
25.660357421875
113.9706015625
15.8585419921875
70.219953125
104.4965
33.089171875
12.548462890625
2.389818359375
79.0871640625
58.0586953125
17.447423828125
71.1532734375
139.43378125
31.377146484375
23.484623046875
68.6138203125
163.9880625
404.8625
122.1050625
114.6403515625
57.2601015625
174.7215625
25.619904296875
76.8220390625
60.31869921875
28.10521875
63.0149765625
4.284068359375
113.219
44.69928515625
116.817640625
67.5854609375
172.222625
43.8739453125
90.5222890625
93.647015625
110.2054453125
23.983826171875
26.15522265625
19.4157890625
184.41921875
17.486181640625
28.1510078125
11.3017294921875
11.9156689453125
21.14990234375
193.611125
35.83251171875
88.7332578125
13.752755859375
60.0656484375
98.122640625
45.061734375
72.991484375
160.034390625
81.0694140625
16.1876884765625
12.1579423828125
38.7956015625
58.89021875
27.048966796875
33.252828125
55.929625
39.0053515625
0.0
3.330455078125
61.03575
32.185888671875
226.627234375
98.4098671875
12.390412109375
82.2727578125
25.525244140625
29.116591796875
26.6867890625
43.0910546875
1.216113037109375
82.9759453125
20.900154296875
41.38992578125
90.72371875
20.066576171875
39.756765625
231.6049375
169.363890625
30.279849609375
99.3823203125
129.844109375
25.94392578125
160.9960625
131.08215625
94.8944375
155.7715625
1.676168212890625
118.88628125
21.40111328125
15.5230927734375
7.77923388671875
40.15590625
53.0683125
8.08638720703125
3.453183349609375
60.1353359375
9.0785048828125
96.875703125
94.8552890625
107.3923046875
202.589921875
18.615103515625
3.041696044921875
142.010828125
44.23200390625
20.94588671875
4.340119140625
49.2931875
18.306314453125
100.6941484375
12.9481337890625
44.58070703125
19.66955859375
20.329509765625
32.112349609375
74.3748515625
73.184265625
78.27915625
75.101515625
76.880328125
76.1254375
76.72603125
28.193103515625
35.89126171875
78.0357578125
49.26896484375
87.2480859375
12.4476015625
49.0175
22.16415234375
11.85246484375
40.283484375
81.906578125
31.6874375
166.414828125
28.84026171875
11.943900390625
47.184671875
32.295802734375
5.37668896484375
16.3445322265625
123.8152734375
21.115109375
31.115927734375
224.702328125
14.5160458984375
118.406640625
33.015921875
24.482578125
1.9289464111328125
0.0
42.99203515625
34.96769921875
16.2622060546875
18.970474609375
242.88159375
12.96576953125
41.82275390625
60.78320703125
91.966609375
48.24420703125
170.74353125
131.953625
18.43080078125
0.0
2.13623388671875
31.153287109375
80.6679375
70.095125
2.961783447265625
5.4229990234375
78.5397421875
23.23318359375
43.45894140625
50.77133984375
64.709734375
12.5586845703125
33.3648359375
24.2030078125
216.46265625
60.567734375
203.567
41.9935390625
64.0888203125
108.2730234375
44.70382421875
8.7668564453125
45.54983203125
9.6224443359375
28.566955078125
66.933625
75.9605390625
8.3352998046875
15.935068359375
16.89268359375
45.227421875
65.0862421875
20.59873046875
191.26065625
84.6830078125
107.7023984375
27.9298671875
46.92894140625
49.4636015625
8.41740234375
31.0967890625
16.5378046875
12.5143662109375
79.9520078125
14.43403125
78.7349453125
97.258046875
12.8030234375
149.309578125
207.647109375
88.22103125
21.05586328125
21.00084375
76.1967109375
24.002041015625
7.77831884765625
165.7793125
6.2651611328125
19.416357421875
38.268921875
48.00969140625
76.38434375
89.14109375
31.089861328125
30.377919921875
58.5961015625
192.067109375
19.26440625
15.2714287109375
3.511647216796875
117.93121875
43.58723828125
17.689728515625
33.43478125
82.5300859375
67.1055390625
91.056953125
29.47351171875
15.922591796875
41.6047109375
109.727953125
29.24777734375
63.9693984375
41.36484765625
4.014576171875
26.80332421875
129.0833046875
11.6159560546875
82.7315546875
2.057385009765625
10.54958203125
90.12746875
38.89308984375
75.879234375
24.014146484375
138.472953125
23.134349609375
51.14179296875
9.617962890625
52.40846875
0.8447100219726562
126.6746953125
49.2952109375
53.9606015625
13.9150849609375
56.71315625
16.267080078125
117.434359375
87.08878125
205.5035625
99.092765625
10.8295908203125
39.494984375
91.6339765625
143.758484375
104.80825
54.9116015625
103.69871875
38.87181640625
151.694859375
36.56980078125
148.2675
147.46971875
34.11678515625
9.7150732421875
3.214791259765625
34.87434765625
14.32859765625
42.43754296875
21.723232421875
75.2380078125
67.5654140625
30.653162109375
3.147674560546875
1.3014429931640625
224.578734375
75.4261015625
29.142728515625
54.1177734375
14.8169296875
4.77092333984375
6.37374658203125
10.4166953125
57.9845546875
42.96702734375
3.12842138671875
6.718091796875
36.018515625
96.0140859375
122.071109375
3.682646728515625
48.78544921875
122.279984375
62.345484375
3.089100341796875
104.35753125
13.1027197265625
96.1165546875
6.35099609375
48.2705703125
34.59016796875
36.9321484375
50.31689453125
29.78750390625
61.98187890625
26.5363984375
48.49533984375
45.14172265625
224.5506875
26.3405859375
121.3047578125
188.195359375
6.77634326171875
9.896041015625
32.85622265625
34.846984375
68.744828125
94.8828359375
16.485685546875
74.6593359375
5.92547802734375
27.336373046875
32.2054609375
46.594703125
225.386484375
17.56484765625
50.02246875
92.369046875
88.0463203125
20.83221875
56.759609375
44.4439453125
41.0734296875
40.86142578125
7.88931298828125
40.75678125
132.296765625
100.3966171875
87.6281953125
31.74841796875
119.3004375
21.71918359375
7.37725146484375
18.3147421875
47.5280859375
47.46249609375
30.8881640625
129.613765625
137.51259375
170.502765625
0.0
40.48449609375
14.8207333984375
31.474166015625
27.972984375
55.05176171875
20.76139453125
95.3711796875
66.78671875
88.5788046875
35.17094140625
25.044876953125
31.214228515625
26.412517578125
144.2200625
73.843734375
8.326359375
175.510625
73.150609375
108.82384375
64.1503671875
124.752484375
189.075140625
50.515125
4.936861328125
4.4957919921875
5.2954208984375
104.27409375
76.6744375
11.5924482421875
84.99284375
20.98253515625
46.96896875
57.70802734375
17.446296875
116.197453125
42.729671875
69.4526953125
13.993162109375
67.346359375
142.508203125
3.247443115234375
91.5796953125
54.533578125
42.34848046875
147.822859375
131.0686015625
57.1660390625
16.540376953125
14.4214091796875
57.6645625
23.71821875
154.4154375
59.45998828125
127.2223203125
69.2448125
18.42684375
25.987912109375
33.99203515625
16.526701171875
0.0
3.4120126953125
21.50858203125
16.2643837890625
19.96771484375
27.990755859375
50.49365625
25.18871484375
31.669076171875
16.1363056640625
118.345265625
100.522078125
46.8467734375
13.3628740234375
30.045083984375
23.935927734375
17.374310546875
38.7788984375
40.43807421875
0.8760294189453125
24.359265625
47.44279296875
6.7821259765625
32.0764921875
250.912640625
24.930958984375
13.2709013671875
81.1253046875
50.68500390625
15.7726904296875
58.51298828125
15.79778515625
15.544154296875
24.1728984375
140.21665625
174.0204375
92.4312421875
29.29229296875
39.70990234375
45.38019921875
38.40001171875
47.85223828125
79.7131875
3.05398046875
24.934828125
86.6024453125
23.995740234375
37.62869921875
17.6955234375
125.4943515625
66.90546875
231.98590625
33.98988671875
12.2602724609375
65.1398671875
16.1091201171875
39.67944921875
64.93879296875
97.16215625
39.59795703125
113.608328125
111.96615625
1.998982421875
28.228064453125
32.664490234375
5.38319482421875
73.46303125
8.824916015625
33.4135546875
12.73803515625
5.59263134765625
58.80408984375
103.187828125
112.0030078125
43.88334375
40.9184140625
67.8619609375
27.039671875
146.82253125
4.67466845703125
29.089330078125
19.023953125
162.13621875
38.04272265625
12.6467490234375
27.4370546875
4.79699267578125
180.855640625
38.69446875
64.7433671875
72.944171875
61.2286015625
4.591453125
26.825767578125
77.9129140625
65.5227421875
2.125488037109375
106.6229140625
61.60706640625
147.4295
72.6222578125
23.827
37.01141015625
35.68923046875
89.67384375
14.2498544921875
108.872578125
37.9683515625
57.9797734375
51.57087109375
142.54371875
78.34159375
59.28244140625
193.11990625
161.359640625
127.8829453125
102.997703125
34.4223203125
55.81610546875
35.75060546875
38.00380859375
32.168681640625
35.92146875
63.49623046875
43.5525625
65.16349609375
25.574814453125
48.2147265625
9.721673828125
10.8629912109375
19.1246328125
21.32262109375
38.8768046875
133.502484375
21.42673046875
114.5955546875
146.7881875
29.29052734375
100.63965625
14.61044140625
38.25316796875
52.085546875
67.78221875
44.78921875
1.1210025634765626
27.547810546875
145.21915625
7.9650615234375
36.655
54.312546875
10.88965625
20.658775390625
22.937873046875
48.28363671875
176.4405625
78.629828125
57.41341796875
14.0337255859375
26.328697265625
13.17682421875
51.32794921875
77.67928125
62.37882421875
36.740953125
13.90801171875
34.83585546875
22.5023828125
11.483759765625
43.95129296875
68.9312265625
14.975064453125
27.37483203125
11.95929296875
14.5086982421875
175.093515625
3.101323486328125
28.089580078125
11.9522900390625
14.281673828125
23.8060546875
76.8454453125
52.9059765625
40.386703125
26.757314453125
100.8853203125
9.4601796875
4.6254208984375
11.3485771484375
20.388814453125
11.8184951171875
90.647
160.3881875
51.0733515625
78.990640625
108.32503125
98.01715625
85.37953125
45.52480078125
123.01121875
55.4785703125
205.14715625
46.7362890625
132.085953125
90.2199453125
54.0417578125
17.19783203125
38.8920078125
110.7891171875
67.678859375
2.751494384765625
71.19840625
93.41815625
7.52095654296875
42.6526640625
51.04450390625
26.30604296875
14.8005517578125
128.5646171875
24.845947265625
59.140625
52.358578125
65.8576015625
44.1290859375
5.5560234375
158.509125
31.751560546875
32.83123828125
59.811859375
24.249001953125
73.5008203125
9.1087900390625
2.75727685546875
19.799927734375
91.88096875
50.22809375
133.794359375
74.35734375
66.800109375
39.6921171875
19.533013671875
8.4023271484375
7.74279296875
71.22090625
67.4457890625
38.29560546875
9.13595703125
29.919302734375
74.8024453125
103.6700625
43.97082421875
56.40733203125
114.4320625
77.2599453125
38.67633203125
28.873234375
53.08649609375
3.6149013671875
37.8203125
65.978875
9.8929375
8.8362490234375
23.123201171875
16.1780087890625
54.56612109375
8.00665673828125
99.503734375
27.824146484375
44.90073828125
109.8724375
228.038453125
70.7836328125
68.0674296875
112.466640625
55.64621484375
17.940771484375
168.95334375
70.7043203125
132.088390625
118.2201796875
5.7585185546875
35.6651484375
13.8604248046875
54.96445703125
43.71615234375
75.6162421875
50.01965625
30.673576171875
10.6458603515625
46.22077734375
110.6718203125
141.786328125
63.5112734375
79.0865
35.01148828125
118.443625
41.82365234375
48.791734375
28.721646484375
4.50278662109375
101.5053203125
13.7310791015625
35.31946875
14.9190146484375
0.0
46.6110703125
95.64509375
35.676203125
9.0755654296875
21.195830078125
112.8866875
1.7020875244140625
79.2501953125
30.6620625
50.18246484375
24.39197265625
145.2403125
42.67109375
14.65925390625
42.15855859375
38.732765625
98.66946875
237.8904375
25.789552734375
61.8873125
55.9656484375
4.59631298828125
54.42980078125
35.35571484375
70.207484375
29.64498046875
80.35378125
107.663234375
65.20208984375
116.357890625
97.2899375
11.5934130859375
68.953484375
11.9195146484375
47.24766015625
182.92665625
46.423640625
28.256177734375
28.176541015625
79.1474296875
94.5617890625
3.71941943359375
3.048032470703125
45.95293359375
109.3472109375
92.2194609375
55.38622265625
36.89637109375
13.492900390625
48.4443671875
92.30659375
268.372875
151.146734375
28.236458984375
116.274109375
75.2532421875
33.76469140625
27.526833984375
41.6156640625
117.9354140625
77.9665703125
9.4510263671875
129.690046875
7.51251904296875
11.2550029296875
34.93757421875
63.49759765625
154.97334375
24.51725
19.813392578125
31.579658203125
46.80557421875
59.6533984375
38.07201171875
9.198654296875
121.1311015625
56.0182421875
