45.293375
154.610265625
79.4485859375
59.5764375
31.63583984375
20.54183984375
26.296953125
102.5966875
105.449859375
77.376859375
27.990966796875
167.910625
106.8880234375
56.4616875
24.71366015625
17.441990234375
27.8910859375
95.9366015625
92.9572421875
33.53855078125
39.8701328125
23.381158203125
35.709234375
25.596482421875
160.18709375
71.9125234375
76.6706484375
145.626578125
60.4455390625
78.725875
8.3384638671875
55.80433984375
17.518880859375
38.22212109375
52.40410546875
5.747353515625
14.375318359375
6.30989453125
26.910865234375
26.638640625
99.21328125
14.510712890625
17.6808359375
14.55934765625
63.5612890625
34.97476953125
89.403625
84.6774375
84.7278046875
99.2964296875
99.2657578125
57.21869140625
28.453263671875
87.167671875
161.415921875
57.86341796875
32.286353515625
36.50863671875
34.62723046875
36.84962109375
46.35325
319.7461875
8.483115234375
42.91158984375
25.707259765625
38.29052734375
59.8798671875
46.8368671875
18.308419921875
15.5560693359375
38.62340234375
37.1072578125
71.82646875
38.10876171875
17.62716015625
47.29910546875
105.113140625
15.4017734375
3.683251953125
41.56374609375
0.0
7.43543359375
22.8646640625
76.5017109375
8.4167353515625
9.0730439453125
72.02446875
68.9052421875
83.4735234375
11.5841962890625
89.299671875
41.2850234375
15.2989287109375
27.71567578125
148.4554375
75.59953125
17.461236328125
78.9221953125
102.5473515625
58.046890625
49.47949609375
21.722212890625
150.60359375
10.1327900390625
52.03357421875
39.0704453125
154.3501875
72.285609375
19.863083984375
77.3947109375
103.446375
6.711041015625
88.72146875
124.2652421875
28.72967578125
45.16122265625
21.452912109375
32.679251953125
86.3348359375
90.9311875
14.5828671875
67.0020859375
30.1274765625
42.2369375
17.7796953125
55.518015625
151.0233125
10.8505986328125
26.051119140625
32.0920625
43.5946796875
24.9703515625
41.36684765625
21.204052734375
66.0395546875
86.783625
64.62540234375
208.567453125
135.35565625
57.84928125
16.22276171875
29.27044921875
62.684890625
2.88489599609375
135.08578125
48.99926953125
99.7948984375
20.036275390625
80.06109375
167.11053125
34.51740234375
26.42648046875
49.94549609375
14.638517578125
10.5668515625
26.796490234375
119.652609375
6.6723720703125
64.2824375
22.045474609375
175.624203125
29.640984375
58.48508984375
86.6224609375
221.116796875
6.46377099609375
42.1850625
61.95491796875
20.634716796875
179.2976875
26.746560546875
20.331533203125
134.344796875
3.8041103515625
28.803646484375
31.14630859375
87.689
15.5606865234375
174.569828125
11.952080078125
35.24044140625
51.3031953125
52.57484375
9.4521943359375
98.377890625
12.6056494140625
51.607875
73.1559921875
27.18546875
38.69501171875
49.4839609375
64.31998046875
218.43234375
13.562279296875
269.66990625
36.757640625
20.482451171875
10.3618330078125
119.956
12.557732421875
36.8093359375
41.15959375
97.376515625
7.57015576171875
167.58078125
11.55612890625
113.6812890625
69.1593671875
97.6913359375
0.7020604858398437
85.09628125
98.9851875
79.013671875
121.494375
143.52640625
34.045734375
105.205328125
52.11451171875
5.25169873046875
62.81953515625
53.99814453125
98.622203125
36.70919140625
22.280748046875
22.34441015625
90.7702890625
217.2168125
38.9271171875
2.646233154296875
53.01667578125
81.0888671875
77.0057265625
36.29908984375
51.7893203125
65.19926171875
4.39751904296875
31.075845703125
28.114623046875
167.86925
9.3927568359375
33.6129609375
50.46192578125
32.96373046875
44.92520703125
108.439859375
60.54058203125
160.8086875
73.9550546875
17.412181640625
13.468935546875
119.037625
65.14459375
13.3848056640625
3.381847412109375
146.005171875
6.24769775390625
33.2216171875
64.23294921875
94.887203125
56.8633046875
170.0916875
29.317244140625
69.479453125
67.0963984375
2.02098828125
45.567765625
48.9074453125
33.66060546875
55.35948046875
250.58515625
49.63322265625
194.9738125
114.6840625
15.2634482421875
73.986765625
76.6142578125
1.177482177734375
91.6171328125
9.2870693359375
7.57352197265625
44.94469921875
46.68747265625
17.615822265625
9.783201171875
93.2611640625
10.1545234375
22.575068359375
115.9144375
10.5840888671875
49.944265625
21.876802734375
64.32875
78.228484375
227.2951875
122.19928125
166.340828125
38.89155859375
204.39290625
2.730422119140625
0.7212486572265625
64.83345703125
54.20833203125
25.747962890625
0.0
96.256875
13.9686337890625
106.3993203125
49.41729296875
41.99125390625
111.98778125
34.27908203125
0.8894044189453125
31.70298046875
61.20244921875
50.537640625
41.63754296875
28.881013671875
23.410001953125
33.4223359375
53.389703125
36.3769609375
25.676279296875
30.18923046875
17.717677734375
3.086738037109375
125.540578125
51.85873828125
81.1698671875
42.57745703125
83.9539140625
18.255263671875
22.590435546875
73.8742421875
18.983447265625
279.5334375
103.1217578125
44.2925390625
10.797416015625
148.589
73.6450703125
82.0123125
21.658875
2.78371875
27.7583125
94.1361875
158.08328125
65.773796875
60.1250234375
24.110939453125
45.98557421875
94.7322109375
103.72865625
32.742009765625
149.40490625
10.7818046875
32.350828125
2.38274169921875
52.98728515625
167.47721875
1.02865087890625
20.94986328125
159.727875
96.053328125
149.659828125
130.8517890625
101.8865546875
9.0003544921875
6.5003251953125
9.326328125
25.10252734375
53.41316015625
17.369798828125
17.858138671875
59.59148046875
49.67734375
14.96744140625
54.6296171875
4.4716103515625
57.43680078125
21.545015625
77.7522890625
34.827703125
79.4201875
85.3001171875
62.57125
9.786431640625
30.848419921875
144.237875
86.3985546875
35.7992421875
22.942689453125
45.638078125
251.315953125
95.0183203125
45.95274609375
50.80221484375
8.9325400390625
23.589236328125
141.317734375
35.613515625
150.36265625
103.0137421875
78.11475
30.168037109375
54.45261328125
72.1870234375
85.7289453125
65.20982421875
30.640630859375
122.2553828125
71.19778125
153.221546875
35.74208984375
101.0617890625
16.209296875
25.549830078125
27.374083984375
74.1674140625
32.54209375
51.926859375
55.31059375
29.379763671875
43.187234375
39.63252734375
15.9250966796875
42.8205859375
74.9121328125
7.04092822265625
17.603431640625
27.853580078125
205.00059375
23.318830078125
88.0902734375
22.386701171875
189.14215625
25.881490234375
56.99352734375
8.618212890625
23.09223046875
7.5781767578125
96.6863984375
177.926390625
30.68074609375
58.0638046875
64.44509375
53.41658984375
18.960826171875
49.2770546875
62.55268359375
170.4101875
24.783923828125
57.46605078125
28.829119140625
84.9959921875
62.92861328125
107.7956015625
106.6577265625
60.9643828125
129.2781796875
64.85878515625
32.15494921875
29.617908203125
4.20454931640625
90.804875
120.596546875
15.45612109375
88.4172734375
44.44329296875
72.8988984375
15.23351171875
14.6648330078125
35.62703125
192.7066875
33.950421875
252.743421875
10.939181640625
23.65076953125
41.64883203125
121.0907578125
109.6632265625
21.89353125
101.2067890625
17.138984375
15.44790625
32.70176171875
89.5026640625
76.710328125
70.350734375
39.65324609375
170.6225
46.6777890625
14.317458984375
66.1883125
65.0778125
22.11285546875
31.31415625
58.28039453125
52.33487109375
253.122359375
18.600294921875
219.21590625
28.1031875
61.88105859375
18.83489453125
77.7472578125
67.224171875
38.44385546875
27.1720234375
127.0002421875
30.864521484375
13.8802109375
15.6731689453125
41.0606796875
56.6538203125
89.35409375
76.1953359375
35.6492890625
175.1183125
151.73765625
6.66102685546875
48.2312265625
139.454578125
61.953421875
149.698265625
55.76354296875
59.24212109375
78.16659375
30.2602421875
7.2072421875
43.17727734375
13.4816611328125
17.17036328125
209.25496875
76.937890625
35.266015625
33.28572265625
40.35905078125
25.353029296875
85.0740546875
16.76869921875
149.49234375
63.57589453125
56.99775390625
50.5502109375
3.342728515625
34.46331640625
27.076416015625
41.4557890625
30.362857421875
314.77484375
15.8586220703125
34.1843984375
86.4755390625
107.602375
74.098625
106.8250078125
50.1298828125
49.77351171875
6.8367255859375
28.307935546875
123.803859375
332.69465625
76.0528046875
21.39242578125
68.766703125
60.7155234375
91.509890625
157.40965625
16.985166015625
2.384107421875
18.41464453125
45.57583984375
17.018083984375
28.050310546875
33.3214453125
95.209765625
83.15340625
61.21083203125
8.37501953125
10.21828515625
59.871109375
69.548984375
24.95457421875
140.509015625
68.231140625
16.9563359375
0.9892860717773437
65.46446484375
53.02340625
69.326765625
77.3247265625
49.29430078125
81.1462109375
34.91389453125
118.578984375
38.628
76.4940703125
47.615
66.7792421875
18.435044921875
66.5372890625
105.88978125
31.619828125
22.174720703125
39.431671875
80.1718671875
62.655140625
8.2527587890625
54.81005859375
82.2871171875
7.84833056640625
83.9293828125
5.49894189453125
17.84759375
21.015552734375
9.2126416015625
68.0822890625
251.470578125
126.740953125
66.46746875
16.32319140625
63.8878984375
148.520953125
31.38821484375
51.8859921875
34.85898828125
8.8931787109375
7.9697705078125
54.7913828125
20.08691015625
34.56940234375
193.142328125
75.24003125
62.975375
7.82197314453125
98.9642109375
5.83247802734375
211.70871875
37.30966796875
2.660060302734375
88.840390625
35.7349375
153.031390625
31.143578125
30.0843671875
58.3384375
228.1898125
44.67705859375
11.4034296875
7.71202294921875
42.0420234375
117.1869375
25.229337890625
12.8102509765625
21.5209140625
19.839212890625
105.1836328125
22.99860546875
56.28190625
51.00977734375
28.470927734375
32.78315625
10.776650390625
5.491994140625
201.2731875
74.6638515625
1.9424398193359376
4.8028310546875
67.0919609375
68.9964375
116.734953125
19.960478515625
71.9794765625
40.1193125
54.051890625
34.19970703125
4.39026025390625
46.92575390625
211.938703125
46.6953125
44.386359375
49.047765625
179.479234375
2.099685302734375
18.8154609375
130.1670390625
139.450015625
76.101109375
65.46042578125
10.879806640625
63.47398828125
94.31303125
10.906283203125
22.866890625
5.0587451171875
66.4581015625
75.0671796875
56.2313984375
197.53253125
107.498796875
24.185228515625
70.3641875
275.07221875
30.108822265625
9.3657275390625
69.1407890625
32.613548828125
49.9651484375
21.17792578125
52.39391796875
47.36807421875
59.07051953125
26.5453515625
14.6381064453125
58.8103359375
69.93840625
12.468015625
2.96935009765625
15.5059248046875
106.614515625
23.561849609375
18.645455078125
158.785421875
44.40617578125
30.20525390625
9.048716796875
119.89596875
32.7654296875
60.0770703125
88.74071875
74.015859375
30.31859765625
76.721734375
136.303046875
9.75299609375
35.0266953125
29.944005859375
43.1316015625
229.701265625
15.023275390625
13.1144638671875
19.003333984375
110.6438203125
103.9892265625
61.64999609375
33.6760703125
85.74165625
43.7086875
64.3757578125
153.276359375
13.7328349609375
40.13949609375
47.3078671875
19.543826171875
59.055875
45.09353515625
36.2227109375
67.322765625
108.996703125
22.8158359375
58.96498828125
61.802171875
151.28590625
52.75512109375
22.7163125
69.9637890625
87.851984375
48.91830859375
97.9144765625
33.45100390625
34.1643984375
52.585453125
175.3615
4.1572509765625
56.6220078125
25.52632421875
29.79626953125
12.2399775390625
165.896359375
26.95051171875
3.4998046875
14.99759765625
41.3530078125
82.662359375
100.0180390625
17.700361328125
22.2181640625
87.9981328125
29.74693359375
8.4973173828125
95.836078125
329.84240625
92.28309375
39.9462265625
67.3960859375
108.2872109375
124.709953125
66.4873671875
95.63171875
31.269888671875
29.288681640625
226.619859375
101.4815625
150.67734375
40.67988671875
22.4297890625
178.066671875
11.8827685546875
28.3743984375
45.24631640625
34.8942890625
129.9975625
70.82825
134.296296875
138.067203125
15.649919921875
69.197
25.637544921875
40.5903125
51.47475
0.8185546875
111.3048203125
97.2517109375
3.2852412109375
56.28230859375
23.068265625
27.9344375
14.624501953125
21.648013671875
102.9192421875
152.291578125
88.730359375
41.725953125
44.61791015625
31.023748046875
84.704640625
93.4473046875
228.4013125
68.2227890625
9.0196123046875
103.873578125
36.80956640625
5.49255224609375
32.8449140625
199.46003125
48.04566015625
146.8305
36.30878515625
27.271615234375
150.71909375
3.502188232421875
12.5531943359375
32.4476171875
67.948859375
121.047984375
57.99407421875
59.133375
57.69310546875
81.321578125
45.256546875
35.38063671875
14.3280673828125
70.2085078125
116.328859375
23.154046875
84.48140625
209.457765625
39.733671875
14.1429951171875
15.0980615234375
93.71696875
127.766171875
134.673515625
15.85466796875
29.171287109375
83.6107265625
112.4751875
36.46412890625
181.01146875
106.419140625
1.6985294189453124
6.197369140625
175.20815625
169.201125
130.0999453125
26.646236328125
10.738076171875
38.40700390625
61.8506640625
12.4818330078125
66.7375078125
68.12396875
79.1949921875
94.1633125
43.813078125
15.906455078125
99.3625078125
12.4032666015625
55.169015625
32.335765625
28.485591796875
39.31268359375
21.0236875
138.951734375
1.56092578125
97.309765625
30.734671875
22.184671875
6.24666015625
112.842421875
79.0133671875
98.8878125
28.5799296875
49.398109375
20.741388671875
51.99641015625
8.7783134765625
29.736630859375
11.1589033203125
46.0709375
12.8157138671875
56.0364765625
87.831578125
231.252765625
166.2459375
35.40391015625
52.138515625
15.975876953125
102.3650390625
17.423240234375
56.24522265625
85.5099140625
13.036275390625
8.5016640625
1.194950927734375
91.8550625
45.0776171875
53.7904375
57.5761484375
307.95346875
173.8125
96.056828125
49.04865625
77.3846171875
32.72094140625
31.422669921875
16.91073046875
13.3228203125
34.76112109375
91.191
7.22677783203125
3.69208349609375
2.54583935546875
103.1740078125
92.5286953125
58.24987109375
74.81128125
186.219828125
67.4795390625
5.7360517578125
100.4025703125
111.0398515625
18.38821484375
13.063181640625
167.809328125
82.0773359375
61.0734453125
19.835392578125
130.799015625
18.035623046875
33.2057578125
19.47213671875
45.64021484375
75.874828125
60.3751953125
14.188705078125
42.0067734375
27.67412890625
17.41308984375
21.7431640625
50.469484375
7.29210693359375
42.79308984375
15.006166015625
24.851283203125
21.549228515625
34.3083828125
62.56048828125
82.325171875
80.3255703125
196.62759375
2.707513671875
15.465232421875
28.76823828125
85.674046875
84.0870234375
106.641890625
26.88380078125
19.753658203125
29.5622578125
32.5376015625
28.985150390625
3.3765009765625
67.394046875
20.277599609375
68.1690625
8.8483896484375
80.4745390625
179.979890625
9.8083955078125
87.421
27.331353515625
38.295046875
21.56903125
13.6490830078125
59.81612109375
112.31675
55.5231953125
11.3270810546875
70.5454453125
29.749197265625
33.11326171875
64.88334375
46.29258984375
125.0511328125
15.4621396484375
96.9104765625
33.223453125
22.202373046875
20.97939453125
255.211640625
26.600771484375
132.273640625
303.4479375
15.977609375
35.6394609375
6.986197265625
161.142515625
194.370796875
7.54686669921875
138.047953125
12.091529296875
8.3324990234375
69.5598828125
39.16003515625
38.9585625
149.47321875
134.96321875
11.7642998046875
132.36775
32.40582421875
16.918333984375
38.23169140625
18.4912734375
81.47803125
13.626876953125
14.558853515625
25.195318359375
42.2556328125
40.34765625
74.0402734375
88.734234375
58.61808984375
96.9026640625
41.86213671875
24.814283203125
243.48840625
41.89404296875
44.96537890625
4.9171748046875
13.4320595703125
20.88395703125
73.8240703125
17.365001953125
81.6258046875
10.906224609375
46.08679296875
16.03736328125
88.180578125
60.52235546875
73.7555859375
23.683330078125
58.79836328125
26.834560546875
121.0468203125
113.49575
77.81634375
25.19871875
26.39322265625
17.1524921875
34.52747265625
105.5340234375
17.37671875
173.4230625
29.408162109375
169.458109375
118.8957109375
22.916185546875
76.44028125
77.671921875
277.4570625
63.58810546875
234.985140625
8.6926337890625
194.360078125
46.15214453125
63.558984375
51.68994921875
76.265609375
10.1202783203125
65.34449609375
9.409763671875
11.2504345703125
46.7965078125
52.902234375
3.352390380859375
14.2088037109375
218.29784375
39.6584765625
24.87858984375
2.0272740478515625
11.2305302734375
37.70005859375
45.68501171875
149.14946875
36.05897265625
39.7327890625
71.5747109375
15.1945341796875
52.62045703125
63.47631640625
119.874453125
77.921703125
85.19484375
50.94456640625
4.831984375
7.542984375
31.311857421875
30.582576171875
146.785765625
21.81608203125
209.690234375
93.3264375
31.524146484375
78.1617890625
12.1544267578125
93.1608046875
110.3698125
2.327040283203125
19.361091796875
88.4060390625
62.70461328125
67.28053125
88.7893984375
136.180015625
37.0125625
29.6565703125
249.56725
8.8151826171875
2.183811767578125
61.1403671875
21.57420703125
105.875765625
9.6238779296875
5.678626953125
16.274205078125
69.273625
29.772626953125
23.20835546875
5.305216796875
22.427923828125
33.87949609375
110.4413046875
28.281353515625
88.8038984375
25.896978515625
3.013573974609375
106.611375
32.389923828125
152.548125
120.9504609375
33.6829375
24.943970703125
54.06420703125
29.260453125
1.7007235107421874
37.615109375
30.02928125
17.252716796875
42.88358203125
26.31515234375
22.56976171875
55.64446875
58.708109375
42.96630078125
87.171953125
39.023671875
105.5100625
30.77413671875
18.81437109375
5.402046875
5.63755908203125
57.1139375
157.51471875
23.987396484375
41.70278125
48.00649609375
26.5599609375
40.68709765625
9.690955078125
68.272890625
48.06048046875
67.4302578125
164.080125
24.997185546875
6.62319677734375
65.864484375
15.6470126953125
23.118310546875
26.6818828125
54.99922265625
20.0790703125
8.4495947265625
77.4578671875
27.705447265625
8.7197451171875
65.34134765625
91.88428125
18.510146484375
9.1885986328125
134.409640625
62.77624609375
22.028552734375
123.8530078125
13.717349609375
40.34360546875
41.41345703125
48.82272265625
38.94467578125
51.40746875
67.1138125
99.8814765625
6.5669990234375
26.06501171875
57.79496875
32.036435546875
6.57474169921875
33.55809375
14.55891796875
1.727012451171875
79.5410234375
86.9565546875
64.13063671875
4.39330419921875
17.095740234375
119.32159375
30.44961328125
79.162140625
87.5536328125
35.26695703125
112.612453125
26.233783203125
78.358828125
35.24840234375
25.220591796875
153.105734375
201.063078125
39.80250390625
129.9834140625
62.24726171875
17.458576171875
13.0541005859375
46.77184765625
36.1577109375
13.566298828125
6.00307470703125
8.7405576171875
55.16643359375
75.714203125
170.315578125
36.53622265625
59.2780625
20.1561015625
42.6098671875
22.0525
47.24884765625
31.87849609375
57.10700390625
0.0
40.58217578125
55.2107578125
159.094265625
19.39077734375
31.361744140625
13.7698359375
37.5340703125
76.562171875
80.02353125
84.3450703125
18.717390625
95.652890625
87.4275
30.64204296875
53.07836328125
101.49078125
70.3900234375
75.2747734375
23.7022109375
11.173193359375
63.5549375
20.138951171875
165.03846875
23.496734375
98.034953125
339.6701875
54.6297578125
14.335431640625
74.600328125
83.4259453125
62.71400390625
27.487919921875
19.9896953125
26.98590234375
0.9896787109375
13.4780966796875
10.59317578125
37.58471875
0.0
99.368046875
9.2688701171875
52.12345703125
107.31603125
59.80421875
132.079484375
62.54312109375
161.10903125
4.3269501953125
36.859484375
5.85543798828125
15.96855078125
14.15673828125
47.7483203125
5.20799365234375
133.646609375
134.85409375
2.026034423828125
15.9820185546875
39.2558359375
167.919234375
3.41215478515625
50.28159375
34.6961484375
37.20000390625
128.2308203125
97.41590625
7.1692529296875
3.2529833984375
50.74429296875
101.391859375
33.133109375
28.979734375
1.9227896728515625
16.847259765625
167.519453125
26.600685546875
28.573009765625
9.5025107421875
22.815873046875
0.0
21.496900390625
15.1187880859375
38.6316171875
53.82673828125
44.1891875
110.779859375
54.9115546875
9.97644140625
95.5338828125
43.11274609375
22.525375
108.146171875
56.8633984375
66.7122578125
16.83403515625
28.88137109375
198.19759375
136.54396875
46.58941015625
49.23346875
64.041671875
7.82218017578125
30.03724609375
157.12934375
24.163029296875
71.8124140625
49.516828125
7.55058740234375
22.007693359375
74.5271328125
30.99041015625
4.23012548828125
152.80403125
118.2880390625
70.2440625
15.1597236328125
16.099849609375
55.3399140625
5.08080029296875
23.1346015625
24.487115234375
23.347802734375
54.82762109375
44.95565625
45.7978125
16.783908203125
34.37726953125
36.1218515625
7.26308544921875
143.406953125
100.4664140625
23.161853515625
94.23525
3.716556396484375
111.171140625
34.3280859375
24.467267578125
34.06477734375
126.3163671875
12.615435546875
60.04796875
52.55261328125
28.733587890625
128.38396875
35.8537265625
30.8366484375
7.992833984375
28.37617578125
62.67220703125
86.3434765625
128.26928125
9.3599306640625
27.5489921875
94.354265625
6.9618134765625
36.09403515625
9.3611005859375
24.2683515625
71.5746796875
28.118810546875
10.48423046875
22.466541015625
19.380953125
7.93031689453125
71.3823046875
11.975921875
85.113453125
182.55078125
143.8165
47.01693359375
29.18997265625
6.40393798828125
14.1851953125
27.4414375
113.6764609375
27.828646484375
20.619619140625
79.0900625
119.519625
31.438025390625
105.5847109375
158.253140625
130.762390625
58.58614453125
13.2063974609375
46.036890625
50.92051171875
43.68481640625
185.83065625
18.388505859375
49.5481015625
116.74165625
8.9359287109375
0.7566156005859375
9.3115205078125
0.81846728515625
97.5815546875
111.1061953125
34.61356640625
13.9213701171875
169.64734375
39.81453515625
64.24121484375
84.283984375
137.79421875
35.36652734375
17.296916015625
40.35631640625
67.783859375
5.77893994140625
18.58309765625
60.59344921875
56.053125
16.98257421875
98.0277265625
2.54350341796875
126.4154296875
45.07360546875
100.2266953125
173.9739375
24.312712890625
11.6267548828125
60.576421875
255.749859375
33.361828125
17.96587890625
27.780380859375
72.3983203125
61.43717578125
67.6424296875
121.1490625
30.5402109375
3.27091943359375
14.29266796875
35.23869921875
24.78826953125
65.71146875
72.4236328125
2.2515927734375
121.789125
7.70663134765625
75.9945234375
30.028228515625
188.871765625
30.317796875
18.928732421875
111.822234375
10.6130361328125
40.39946484375
30.90834375
50.83315625
23.1911953125
43.4813671875
74.2144765625
27.14474609375
15.6189033203125
59.609609375
31.44815234375
2.751512939453125
33.83988671875
102.771140625
64.428453125
63.98355078125
50.97054296875
23.433646484375
10.4553759765625
92.2137890625
73.19484375
17.25609375
81.7451328125
45.77778515625
10.511373046875
63.95291796875
12.3705205078125
158.183875
65.6085
30.730474609375
2.504294677734375
70.7755546875
33.8316484375
44.61137109375
49.65111328125
24.633609375
19.18467578125
23.8698671875
7.85809521484375
7.531923828125
72.0630546875
67.5818125
122.80625
14.3486484375
92.923640625
62.92632421875
234.965546875
3.40156494140625
158.665484375
33.57478125
124.4759609375
269.042375
66.1345
92.2792578125
13.00512109375
133.4443125
84.42284375
18.9853203125
12.581435546875
9.039953125
8.3330126953125
9.5028388671875
36.1160390625
100.694796875
104.5816953125
60.63458203125
3.373855712890625
87.9618046875
26.168138671875
7.3138857421875
36.40875390625
85.0436015625
75.8314921875
164.1201875
13.3547607421875
20.5933359375
27.4638828125
35.4263125
7.15575048828125
47.29240625
114.99084375
34.4018984375
67.619265625
78.484703125
8.80220703125
11.2845693359375
20.928220703125
10.2615634765625
2.4018681640625
28.38147265625
149.659109375
104.4445078125
29.6892265625
32.367626953125
6.914546875
127.806390625
61.5850390625
9.1621318359375
63.0142265625
28.86258203125
16.838689453125
12.4318271484375
131.531640625
27.982798828125
57.43039453125
66.6313125
71.595078125
159.273859375
77.896109375
28.626353515625
24.448345703125
22.959412109375
107.5920234375
68.41803125
49.31319921875
43.47237109375
51.86404296875
2.916277587890625
8.7796240234375
72.6082421875
13.51712109375
11.50680859375
66.8982109375
207.345265625
41.114109375
90.08584375
25.042419921875
144.667703125
25.894529296875
24.63419140625
24.489109375
9.3809560546875
20.5609921875
27.999853515625
18.803197265625
2.0379833984375
41.4636484375
77.195203125
9.32597265625
37.4854921875
63.1765078125
54.28199609375
74.962890625
58.49225
67.8458125
78.0861484375
188.4859375
11.4857080078125
156.853625
10.3145732421875
3.085140869140625
172.76765625
61.20685546875
107.7624296875
23.90476171875
162.32496875
83.6306953125
54.25887890625
55.7512421875
43.5338359375
57.40257421875
85.3372265625
80.6302109375
130.423453125
5.4515869140625
54.5894453125
38.706578125
107.1423046875
14.337150390625
61.54357421875
26.13963671875
42.7958125
72.8175859375
94.825078125
2.199805908203125
23.400171875
9.6572578125
36.32248046875
125.76521875
9.5971181640625
16.860732421875
102.5236171875
64.74773046875
123.9046328125
2.068006103515625
9.8555166015625
74.023921875
5.9798046875
79.8979921875
40.59369140625
125.900015625
31.68887109375
10.0753974609375
116.8911484375
37.3492109375
41.9625078125
33.12079296875
99.62790625
200.50409375
98.666203125
124.2944765625
35.0177265625
41.35182421875
88.8578359375
42.6556171875
14.5380419921875
39.01559375
77.7268359375
38.97861328125
32.29025
34.82819921875
91.164734375
33.5855859375
134.930546875
117.1258046875
263.355375
18.73687109375
13.1625556640625
174.9278125
7.58512353515625
58.6518203125
148.7000625
10.7064345703125
45.69594921875
0.8774559326171875
34.30034765625
150.38090625
6.51071630859375
21.152611328125
42.94241015625
12.8820869140625
117.8896796875
27.415255859375
54.01388671875
42.9475703125
23.81374609375
25.8397265625
49.36978515625
13.321416015625
54.44615234375
22.85287109375
13.489958984375
47.22786328125
27.102267578125
4.04565087890625
24.531142578125
72.25909375
48.0136484375
81.336921875
12.2459541015625
46.7623125
27.320146484375
34.041203125
13.339423828125
52.7163515625
13.9890732421875
18.477765625
27.07001171875
34.62777734375
151.77234375
49.33098046875
72.5393671875
39.91016015625
54.390609375
129.743265625
47.70640625
51.21673828125
52.22162890625
79.1318828125
157.489515625
50.59126953125
48.78705859375
66.4496953125
163.81525
38.73670703125
51.37614453125
4.41384521484375
136.098578125
41.87576953125
138.156703125
42.58575390625
34.4699609375
22.704728515625
27.370474609375
184.349609375
262.005328125
42.74525
55.6505703125
36.3438125
82.427828125
19.898625
15.381486328125
93.36846875
75.0540546875
5.2507294921875
12.70135546875
39.41478515625
10.61524609375
45.653859375
45.50721875
10.3576591796875
17.76207421875
46.68973828125
9.782083984375
195.752015625
20.17823828125
58.51490234375
51.57673046875
23.2376171875
92.85640625
50.6721171875
24.187880859375
21.592498046875
12.772400390625
59.70745703125
160.154515625
51.39871875
18.093578125
62.1978046875
25.453140625
31.627728515625
61.673578125
55.40841796875
107.5977421875
16.954103515625
2.466201416015625
27.46775390625
0.0
37.21764453125
74.147890625
71.2388984375
5.2002626953125
93.897203125
46.51241796875
36.0673984375
134.804875
48.88269140625
32.89899609375
57.43296484375
51.14820703125
12.005033203125
170.296453125
11.3559755859375
46.719109375
8.400033203125
83.147046875
126.900421875
15.758560546875
41.81040234375
13.2121455078125
13.75153125
35.0555625
115.361296875
84.7630078125
86.127234375
45.27421484375
23.938744140625
125.5361328125
53.9065390625
77.2692734375
84.9149296875
22.672908203125
32.698591796875
9.67134375
129.5933046875
10.5809130859375
7.6960556640625
58.1305703125
3.58427978515625
28.62375390625
71.36690625
49.216984375
154.887828125
13.1350625
33.52234375
131.501140625
103.9801796875
36.3014453125
12.99836328125
91.7782109375
54.03247265625
48.99761328125
19.447087890625
64.68492578125
27.886107421875
39.78899609375
51.2812265625
24.48900390625
21.969873046875
21.870796875
28.249525390625
9.4830986328125
29.79453515625
123.63190625
111.2863515625
89.72078125
8.486201171875
51.87013671875
34.18349609375
23.417666015625
133.59884375
76.7373125
10.539091796875
82.9157890625
15.922625
37.3564453125
27.355490234375
15.35405078125
8.87402734375
48.26006640625
13.205697265625
26.890046875
72.4972890625
131.286015625
21.9461953125
33.03778125
175.811015625
9.3552265625
33.0428984375
66.612296875
196.7020625
31.982646484375
118.29325
10.418330078125
55.21509375
49.70059375
52.8345
17.55171484375
3.355124267578125
20.70782421875
134.361078125
4.69077734375
47.41132421875
64.31318359375
42.0279296875
21.01152734375
2.886108642578125
28.8800234375
13.945419921875
10.5631142578125
59.11924609375
6.39157177734375
47.7213203125
142.658734375
44.86883203125
81.8297734375
43.48276171875
5.273591796875
2.84672119140625
82.361078125
68.2647734375
49.04000390625
130.7079375
80.555359375
46.22129296875
19.483462890625
7.50678466796875
123.863234375
4.052232177734375
33.3124296875
224.00290625
99.7550546875
5.9403291015625
2.89575146484375
