99.5852734375
22.752619140625
29.150822265625
25.189943359375
71.5886328125
25.252197265625
209.108
79.1357734375
13.81118359375
45.8460859375
36.4522421875
48.639453125
37.16442578125
11.5553828125
168.875484375
15.7000791015625
46.2222109375
86.04696875
64.594765625
9.2823916015625
91.2311484375
37.0110625
36.087421875
81.72328125
5.09426904296875
21.52285546875
53.42740625
34.1043203125
46.48246875
48.327296875
114.6754375
28.626265625
18.374337890625
22.7556328125
5.9435185546875
23.493025390625
126.2436640625
34.2211015625
38.97558984375
76.287984375
42.2231953125
45.17152734375
51.5119921875
20.277974609375
107.8676796875
26.50768359375
12.389392578125
31.807384765625
68.6999140625
53.20546484375
114.81678125
25.297248046875
14.690572265625
105.853453125
265.822375
13.5454228515625
116.395125
17.242951171875
72.826203125
69.99825
84.6512265625
51.21012109375
12.0546376953125
253.183546875
7.7267451171875
51.9741328125
10.5049423828125
17.99941796875
7.07480029296875
27.2773828125
17.8855390625
49.9279453125
126.9937421875
18.201552734375
20.739076171875
27.459947265625
20.688025390625
8.5587275390625
53.64283984375
9.269783203125
169.060859375
10.78553515625
38.40024609375
51.79615625
83.749359375
6.146654296875
89.8217578125
20.066333984375
5.37725732421875
181.2529375
35.6026328125
20.457025390625
7.44475146484375
69.179984375
72.06559375
9.86503125
289.1300625
24.745296875
311.70503125
56.25353515625
202.584421875
35.568640625
12.4638125
14.2432451171875
122.9187734375
32.673232421875
18.401291015625
10.18996484375
28.584064453125
103.1969609375
33.78014453125
40.32690625
14.194041015625
50.3300703125
37.99516796875
53.84992578125
147.53578125
46.6578125
189.9043125
48.19121484375
9.223162109375
41.2008515625
11.4953203125
12.68655078125
103.694375
23.731130859375
44.57821484375
118.9604609375
55.64242578125
16.788693359375
39.42506640625
14.4021943359375
41.2627578125
145.13703125
10.9315712890625
29.270015625
79.93625
23.64412109375
20.716453125
185.09753125
115.325890625
18.34048828125
41.89966796875
327.7248125
37.52504296875
29.65954296875
71.3326484375
27.5263671875
11.795865234375
149.827421875
88.5489765625
42.18544140625
80.9701328125
72.38365625
2.8380927734375
32.86825
14.5869423828125
23.820212890625
29.31572265625
12.9455263671875
27.6104296875
23.48115234375
15.184466796875
56.36048828125
202.919953125
46.96730859375
21.640830078125
28.726677734375
32.316962890625
3.408810546875
41.5665859375
94.0347109375
10.5288466796875
57.028578125
88.35596875
305.82728125
33.50694140625
11.32185546875
33.95910546875
73.2204921875
24.58295703125
34.1664453125
37.0147734375
16.1200380859375
30.624951171875
211.4768125
165.81784375
49.80373828125
20.56426171875
82.9501328125
11.630669921875
56.84464453125
205.425078125
33.56116015625
9.482984375
24.509984375
6.33143310546875
95.729203125
62.6947578125
43.7253515625
124.043859375
55.57380859375
4.76307080078125
59.17751171875
114.460375
67.407421875
13.9893916015625
7.992890625
62.54587109375
236.10090625
133.7139375
25.3072109375
46.76444921875
12.428580078125
20.6778828125
46.1521328125
83.30153125
21.56270703125
136.711484375
41.806140625
351.4046875
39.20029296875
58.06815625
112.713015625
8.971154296875
185.20834375
134.8813125
39.1541875
24.89567578125
145.9319375
98.38675
20.14063671875
10.162728515625
215.744140625
86.74484375
30.21897265625
43.60684375
16.95685546875
84.203
25.635791015625
28.177390625
25.982890625
32.477671875
83.45090625
25.63330078125
43.20665625
42.80962890625
5.6792060546875
71.41134375
124.82925
17.022970703125
85.2641015625
20.8918125
38.2261015625
32.42178125
6.9419833984375
76.0526953125
56.62523828125
73.227
172.15609375
89.945046875
15.4546455078125
94.6831171875
36.80342578125
18.527470703125
9.7677744140625
22.18940625
19.204017578125
131.860828125
50.26515625
20.42968359375
15.58611328125
197.9330625
16.2354853515625
30.14340625
33.486828125
7.354138671875
17.301099609375
25.11216015625
78.84834375
19.035037109375
36.09039453125
32.88482421875
10.187369140625
11.2908251953125
37.01796484375
2.840310546875
120.771171875
157.670109375
76.974875
216.387984375
25.618076171875
110.146828125
41.0285859375
43.63718359375
19.90126171875
74.338625
51.575734375
66.2405703125
57.77491015625
16.945748046875
16.55916015625
24.461296875
10.76428515625
109.6290390625
32.933078125
20.461759765625
23.427431640625
79.9534375
108.4138671875
18.534921875
43.98503515625
8.410884765625
136.471921875
36.64403515625
15.8192333984375
12.9277470703125
15.8621005859375
6.39953125
74.614109375
56.4597734375
87.8516328125
10.750365234375
45.95547265625
94.6493359375
221.85946875
2.495609130859375
12.46364453125
133.979828125
19.265896484375
219.747515625
24.5115078125
16.167556640625
9.5879091796875
74.0314296875
54.49302734375
24.0519609375
18.137966796875
18.4876640625
29.501228515625
23.605328125
76.1288203125
12.6521103515625
191.66253125
59.4093203125
36.86985546875
24.354146484375
12.9284189453125
100.0067578125
9.2264814453125
98.169171875
5.71315673828125
55.53452734375
15.8174794921875
62.46161328125
61.8906796875
8.5170380859375
156.1475625
24.3963828125
141.871125
49.48438671875
7.3429638671875
29.988841796875
15.2333447265625
74.1309609375
75.372984375
36.4129453125
180.629734375
9.6893974609375
17.53178515625
6.85607275390625
63.9069453125
32.8987890625
30.22476171875
10.788689453125
27.39221484375
12.1843583984375
146.919625
364.2566875
8.34780078125
33.9063359375
133.118984375
99.1128515625
45.8669453125
7.868083984375
73.834
45.4703671875
97.0506953125
43.64773046875
120.0353515625
3.11972265625
43.19034375
155.107796875
100.35346875
39.18796484375
14.8821484375
81.8707109375
15.3522734375
15.664740234375
28.150822265625
62.4653515625
47.9848203125
2.850847412109375
7.114048828125
39.53940234375
41.29878515625
61.41131640625
9.6809990234375
42.96257421875
52.72048828125
20.792322265625
48.80480078125
19.24462109375
55.31436328125
147.7788125
23.4151875
44.13476953125
17.06587109375
31.714666015625
23.791078125
148.005453125
113.08128125
22.595671875
123.115453125
96.5083046875
31.193525390625
25.238345703125
6.5997841796875
15.61331640625
236.43890625
16.668103515625
27.26189453125
15.7524248046875
8.420267578125
13.64737890625
21.615294921875
30.604703125
34.56376953125
137.55828125
86.7185625
30.896130859375
28.274919921875
24.475060546875
7.28037353515625
55.3820078125
48.5586953125
32.5749375
77.7138671875
40.17397265625
37.1416953125
70.3551875
15.34298046875
19.395181640625
20.9010703125
24.84071484375
14.4148134765625
134.110484375
6.16874853515625
18.845130859375
80.521453125
42.13893359375
74.777921875
25.540794921875
91.5629609375
165.079390625
15.5574990234375
127.6573828125
85.452296875
17.36165625
36.68930078125
15.626771484375
123.684375
73.377796875
265.20559375
74.3411484375
315.9989375
141.753375
158.614890625
239.455890625
90.93490625
28.0993984375
54.68537890625
129.3008125
29.6145390625
10.7039189453125
12.9852685546875
96.92596875
26.0675390625
25.4904921875
38.02280859375
16.87681640625
19.026017578125
6.95477587890625
14.0668759765625
35.68659375
36.59484375
59.12596484375
60.0215390625
217.962828125
38.56433203125
36.59783203125
3.60098974609375
37.4222421875
48.23256640625
4.7666259765625
27.084482421875
76.822125
64.7106640625
105.3335234375
21.121666015625
9.7562919921875
29.5353046875
32.58
8.796123046875
13.3691494140625
29.5658046875
19.55955859375
60.6523203125
8.19169287109375
49.22665234375
71.6871015625
54.79205859375
61.51886328125
14.2946337890625
62.62357421875
43.84021484375
44.41065625
34.21576171875
138.69953125
7.2996591796875
9.973392578125
20.467783203125
5.74836279296875
136.6570625
77.77115625
100.6861875
24.8156875
37.35946484375
89.919140625
49.8709296875
55.43896484375
34.44508203125
24.861474609375
73.962140625
254.291109375
23.253009765625
28.83318359375
11.4752080078125
31.74225
59.09169140625
78.58028125
351.43184375
12.0498935546875
259.41878125
38.2505
7.06993359375
96.1088828125
31.927453125
165.63871875
6.37536181640625
31.84459765625
34.085984375
61.30980078125
64.2533828125
13.382291015625
34.429875
20.493044921875
46.66308984375
12.6642607421875
6.32751220703125
22.9127421875
52.05094140625
133.513296875
212.110359375
147.162515625
162.035078125
24.897033203125
5.3464248046875
81.77746875
16.971322265625
191.312546875
26.261435546875
42.3877109375
41.149609375
12.55512890625
40.4632890625
30.984771484375
47.7671640625
39.30847265625
72.0645859375
242.316453125
332.8278125
112.8218828125
75.541890625
142.39634375
46.02199609375
22.489841796875
44.7609296875
18.74341796875
51.50405859375
59.39322265625
129.260546875
25.0913203125
101.0498125
11.03023828125
24.4114765625
6.25153857421875
14.1749892578125
23.6903671875
61.626640625
145.36696875
136.372796875
11.5589541015625
172.63403125
55.923109375
80.0275546875
194.93728125
108.7624765625
13.02891015625
70.795515625
6.10457080078125
13.335443359375
10.19103515625
182.8334375
52.62162890625
118.5416875
98.416546875
7.04480224609375
160.5759375
121.1756640625
11.5290810546875
119.3935625
42.131734375
185.989859375
154.420078125
33.719578125
4.88062060546875
42.88027734375
37.062328125
114.6054609375
8.866107421875
3.1902998046875
22.547099609375
18.268662109375
78.6340625
47.57115234375
76.9956796875
40.38176171875
58.53598828125
247.0525625
3.8197646484375
9.9137080078125
23.222115234375
3.470806640625
10.577849609375
8.6481416015625
24.593919921875
79.611265625
58.1708828125
21.283619140625
101.288578125
34.2568046875
57.093078125
21.172060546875
21.901107421875
99.7571328125
20.489439453125
137.843984375
5.3161513671875
38.1340625
64.5381953125
128.5153125
41.42190234375
29.5241953125
34.1993203125
52.4076875
104.4304296875
13.4770810546875
31.01798046875
61.20236328125
17.55243359375
30.146150390625
56.84173046875
16.550404296875
110.400859375
40.3526484375
67.334609375
16.194474609375
9.7612548828125
75.6491640625
24.788349609375
41.61409375
30.377349609375
143.39225
36.0290703125
92.3791328125
19.99171484375
252.23121875
51.63541796875
21.40753515625
12.6717373046875
30.13750390625
46.17987890625
66.436125
3.275706787109375
3.974870361328125
180.096875
14.9214921875
23.546451171875
77.3812421875
41.874359375
89.6040546875
15.5864052734375
58.27745703125
12.31052734375
34.43615234375
40.091046875
3.05039306640625
17.281080078125
57.71664453125
94.7219296875
27.21247265625
46.181015625
55.2628359375
49.038625
30.0603203125
16.7771328125
42.10989453125
23.395541015625
35.7402109375
14.1400546875
64.9390390625
33.30600390625
7.6012900390625
75.2848125
25.000064453125
27.678353515625
8.3183564453125
73.402578125
8.3110595703125
132.709796875
246.682328125
18.657396484375
35.46009375
309.10425
44.822046875
60.445671875
79.2575546875
10.1649697265625
123.0827109375
25.452078125
23.844205078125
21.1405859375
18.200224609375
80.4090234375
50.27765234375
17.265
64.54241015625
29.288126953125
8.9140439453125
19.650119140625
48.1134296875
95.457171875
240.451859375
154.611484375
27.45071484375
45.55415234375
44.78170703125
35.4262890625
22.07655859375
92.66665625
3.899593017578125
41.49251953125
41.2363203125
5.54525537109375
18.115078125
131.79484375
45.58823828125
100.1393515625
12.7670263671875
4.959314453125
92.3432421875
37.68716015625
51.673609375
5.18923779296875
15.599296875
22.86225390625
158.047375
35.20516796875
10.83996484375
23.068689453125
89.9496015625
13.4343173828125
13.30120703125
11.2706318359375
105.086484375
10.982546875
16.202828125
18.22384375
18.58798828125
15.1967060546875
57.24151171875
120.254796875
204.547953125
72.8111171875
91.2242421875
29.32380078125
8.20793359375
130.9116796875
269.23590625
33.25628515625
81.7771875
9.0552890625
26.0589140625
25.68380859375
152.804640625
47.4436796875
50.607359375
98.051171875
14.5769599609375
97.310546875
30.225712890625
18.919322265625
88.1774453125
9.2721474609375
27.72459765625
68.002453125
36.45642578125
65.672984375
234.012078125
94.072609375
57.35838671875
40.87119921875
10.076603515625
276.92425
26.705966796875
27.076181640625
14.901587890625
34.71229296875
42.5431640625
105.2306640625
20.115189453125
10.9656904296875
117.7796796875
45.944109375
30.109544921875
189.80125
7.56092529296875
5.2059775390625
53.80169140625
18.405125
39.2610546875
17.19446484375
36.57915625
105.37809375
19.652224609375
18.96633984375
59.2746015625
22.330859375
54.36745703125
48.87077734375
22.646298828125
18.883212890625
18.411765625
5.88863037109375
166.471140625
29.608326171875
7.3936689453125
28.741859375
40.41094140625
111.1129453125
2.87472607421875
20.293439453125
20.87363671875
131.821109375
26.411859375
140.166828125
8.3910859375
130.741703125
54.482515625
27.560177734375
22.273177734375
5.41089599609375
91.319359375
57.44261328125
19.359708984375
29.267119140625
19.34268359375
211.976703125
36.56454296875
23.946779296875
219.119671875
168.719546875
16.719203125
74.5478828125
72.5700234375
42.44312109375
72.8839453125
19.2471796875
64.174671875
60.58947265625
65.44985546875
51.2793984375
34.940609375
16.1957861328125
108.11759375
4.33856298828125
56.5203125
75.46034375
42.2622265625
39.9354296875
56.03244921875
43.61219140625
42.95693359375
30.600853515625
72.8583125
49.9539921875
20.777009765625
35.944578125
45.25625390625
46.58353125
57.050921875
2.39813818359375
24.50558203125
25.473935546875
47.8526328125
36.43457421875
185.255171875
112.6693671875
29.6218984375
40.9759375
62.1051328125
18.94858203125
33.66509765625
76.6941640625
31.160681640625
19.668828125
101.869421875
234.60703125
6.67559716796875
19.22158984375
81.444296875
3.3642470703125
12.4565390625
31.6004140625
100.25825
61.26862890625
70.613890625
27.90701953125
173.80290625
40.25032421875
12.6256591796875
6.46375390625
91.042984375
189.330625
34.68312109375
12.028302734375
102.9701796875
188.78378125
71.0424140625
29.38806640625
14.48000390625
56.01072265625
13.8274033203125
4.69125
37.38985546875
10.322599609375
18.2048046875
20.545794921875
9.58458984375
42.2913515625
74.6932265625
43.64134765625
310.71828125
29.793671875
12.052841796875
31.52134765625
65.0588828125
26.46894140625
43.75478515625
23.3902109375
66.0005
70.2784140625
43.08184765625
36.3542109375
89.7795234375
217.554359375
68.0948046875
116.602828125
47.64467578125
37.1485
15.71239453125
10.933826171875
89.972265625
19.429541015625
56.7772578125
36.25408203125
40.91359765625
9.6911083984375
22.3256953125
18.557306640625
14.1944736328125
36.13112109375
77.3632734375
47.65101171875
54.560171875
27.649375
53.4803515625
15.17032421875
28.844384765625
9.75646484375
10.629990234375
14.348580078125
23.5596640625
5.229048828125
12.560763671875
3.13039306640625
2.61451171875
11.2471708984375
14.6564482421875
7.05493017578125
22.255541015625
15.32859375
47.26721484375
317.2228125
74.213640625
60.51096484375
133.1374375
25.19586328125
138.538859375
32.7906171875
45.745015625
20.561029296875
15.28259765625
9.076828125
13.555298828125
36.22996484375
124.7936328125
25.475205078125
9.3719287109375
14.639158203125
76.5300703125
65.810609375
14.8799013671875
68.2617734375
26.241283203125
69.752203125
33.220625
77.775296875
9.057076171875
32.501859375
124.577171875
94.3057734375
354.5963125
12.4744814453125
39.22830859375
9.3376572265625
39.5415703125
7.366857421875
361.74109375
92.60184375
24.289482421875
131.56465625
22.344013671875
15.68910546875
59.982171875
34.1743671875
12.199259765625
9.3158310546875
38.26319140625
11.867857421875
40.99201171875
118.99403125
79.580609375
17.422779296875
87.8708359375
30.4175703125
9.3450126953125
83.5647578125
8.4276708984375
40.40594921875
16.31658984375
72.896859375
26.817861328125
11.51908203125
19.551744140625
27.012388671875
97.5317734375
102.4579296875
18.906837890625
8.2626904296875
14.288775390625
32.2233125
50.2061796875
75.1674375
6.20463037109375
43.75594140625
63.36109765625
237.0721875
53.81651953125
58.6653125
71.0889375
115.868890625
35.22374609375
161.011046875
17.1167578125
27.206869140625
53.0441796875
3.251485595703125
10.36850390625
45.4967421875
10.3578984375
8.5126455078125
40.3164375
19.94190234375
51.32805078125
110.97328125
21.083314453125
47.91732421875
8.7232919921875
32.14998046875
41.57082421875
54.91508203125
47.72830859375
99.06321875
13.0759091796875
4.37493798828125
12.899166015625
20.499796875
49.3486015625
148.705765625
61.9015
159.90603125
14.2625
11.443923828125
11.5969775390625
125.3501484375
5.20882763671875
43.0775546875
45.5378203125
32.170640625
82.75246875
6.74594482421875
25.5238515625
28.959736328125
47.04241015625
39.1448359375
16.592169921875
62.5263203125
17.805150390625
41.24184375
41.43836328125
17.1853984375
67.053125
7.6258564453125
93.609578125
62.972515625
20.500189453125
60.378484375
53.36861328125
242.15571875
77.7158046875
83.2775
141.50715625
89.88175
101.1386640625
17.790185546875
99.76003125
13.7579970703125
42.06148046875
2.75705859375
86.8407578125
40.92966015625
45.58068359375
20.5501171875
63.1705390625
154.081296875
21.8484375
152.429515625
14.045341796875
119.869375
16.954962890625
80.053484375
14.3686201171875
25.56201953125
16.98576171875
72.2155234375
64.9640078125
19.2865546875
208.164015625
8.2217197265625
62.19181640625
43.935046875
6.56805419921875
22.100806640625
29.48735546875
78.983890625
81.74559375
238.389890625
36.4629765625
12.9694580078125
40.93792578125
56.15706640625
54.90840625
57.844375
19.112421875
26.230888671875
23.26879296875
61.19814453125
21.396572265625
22.20034375
9.13301171875
63.01517578125
15.76977734375
10.1450791015625
62.53009375
42.62454296875
10.919734375
104.1098515625
111.1945703125
11.7990185546875
64.0755390625
43.48796484375
5.74513232421875
16.49428125
263.8299375
10.1472744140625
14.3256953125
38.62791015625
53.6773984375
53.4338203125
110.800546875
20.90615625
32.34522265625
27.2053515625
92.4440390625
34.59902734375
39.6019375
53.75387890625
15.2490615234375
214.95215625
27.998912109375
64.898953125
31.709818359375
0.8831411743164063
137.167328125
33.1635546875
32.301337890625
66.081734375
5.24073583984375
66.8074140625
15.0894248046875
64.9766796875
179.320640625
189.953328125
36.25080078125
16.210044921875
31.935091796875
60.287359375
13.8041005859375
141.074921875
15.244359375
8.3675673828125
8.2177109375
44.07054296875
21.0598984375
40.06863671875
5.9457646484375
16.523544921875
140.676984375
53.49208203125
43.23726953125
23.276392578125
53.41146875
27.28279296875
84.495359375
28.246439453125
45.53431640625
53.0141953125
59.2961484375
23.726017578125
32.417625
17.186708984375
3.8507958984375
130.98896875
9.8773330078125
83.32703125
7.12471044921875
56.94953125
31.16001171875
83.3861875
51.2772109375
202.309703125
40.334296875
61.20526171875
37.277125
61.4112109375
19.299486328125
9.8458408203125
81.1438125
20.496376953125
154.750578125
68.4862265625
348.8320625
338.4948125
7.99868408203125
52.93381640625
145.745109375
22.007546875
62.27583203125
23.71578125
36.1399921875
20.73314453125
151.26825
37.9100078125
150.536125
30.4746796875
49.07091796875
149.13740625
113.3461171875
8.777572265625
25.74165234375
30.96541796875
43.90703125
21.840111328125
34.5004921875
16.666962890625
186.988640625
4.5344521484375
7.99194970703125
48.9378671875
45.33330078125
42.48009375
23.2779296875
66.8078515625
107.5348125
44.78101171875
4.9261181640625
53.81540625
345.1730625
69.779875
221.75303125
50.48370703125
61.73430078125
34.11140625
213.777078125
84.4783046875
51.18405078125
66.4680625
12.1167666015625
78.2779921875
87.5125546875
12.9277744140625
10.7235009765625
1.66914013671875
74.3050859375
43.30393359375
15.8415361328125
41.60593359375
91.3692734375
24.035478515625
329.3025
65.84484375
27.09694921875
5.05131298828125
12.6200703125
48.7316953125
30.034708984375
105.492375
28.657552734375
27.28313671875
20.90060546875
27.658779296875
35.14589453125
3.664580810546875
31.106767578125
118.91790625
75.9763125
26.6570703125
16.87547265625
66.5433515625
43.04765625
188.76815625
33.25958203125
50.2189140625
173.86575
164.350625
21.832912109375
115.6827890625
14.46960546875
108.3476015625
50.08201953125
154.33259375
45.7819140625
35.0621796875
357.40503125
4.006136962890625
4.040383544921875
85.8059921875
181.362015625
18.206228515625
70.026125
111.2221171875
14.1989990234375
33.71142578125
9.5916640625
103.6823125
25.65473046875
46.75165234375
53.92259765625
34.49130078125
6.150875
6.21263330078125
40.02194921875
63.731015625
28.973169921875
6.5382265625
8.82019921875
33.66821484375
15.6722890625
18.3968828125
233.370515625
27.7744140625
4.28550927734375
46.9128984375
22.823673828125
145.68103125
36.40662890625
130.6232578125
128.9015859375
12.1859384765625
13.94244140625
77.3731796875
107.4488828125
336.469625
70.12659375
111.2792734375
115.942015625
95.7825234375
18.66014453125
17.009912109375
69.05334375
57.17233984375
18.017056640625
18.065728515625
29.14668359375
113.9326015625
6.6401484375
13.12015234375
135.08259375
17.6109375
27.2189140625
107.2534453125
22.64437109375
17.040705078125
67.4951875
26.720984375
33.52133984375
11.341646484375
202.77246875
41.09073828125
33.32419921875
17.694345703125
24.602771484375
6.61975146484375
22.50867578125
150.788
6.90751318359375
132.793375
59.6684296875
5.14019384765625
194.646546875
128.8160546875
100.096984375
23.172228515625
162.803171875
91.4811484375
19.950896484375
53.4727421875
275.98425
28.782083984375
15.8016240234375
31.512208984375
374.889875
28.326912109375
24.673828125
13.746958984375
147.431390625
36.57194921875
124.826796875
169.329140625
113.3824765625
16.516412109375
150.662328125
9.3409990234375
88.3711171875
12.88325390625
10.7075048828125
21.948810546875
40.462296875
5.9121572265625
134.662515625
106.1763515625
9.6056357421875
62.53636328125
22.444458984375
1.719575439453125
10.578716796875
124.9393984375
23.70630859375
37.09246875
22.6472890625
49.6678203125
160.910859375
248.743109375
23.777158203125
116.2773203125
44.30948046875
66.172
6.76208837890625
235.972953125
53.30100390625
3.732010986328125
12.96328515625
128.2301796875
124.0268203125
51.1402578125
22.584
59.2946015625
41.4695546875
101.5046171875
60.9875234375
34.58299609375
23.520099609375
133.44840625
23.3146484375
62.21093359375
20.133703125
19.914447265625
72.4725859375
157.709703125
18.712958984375
21.715462890625
50.03348046875
38.3029296875
23.363146484375
27.346806640625
84.1710625
16.402830078125
33.21003125
48.15124609375
106.8905703125
28.146119140625
179.121390625
14.0192705078125
7.9308017578125
17.999591796875
9.1141884765625
63.09146875
35.2329296875
333.17625
11.7498076171875
22.436123046875
30.41633203125
201.391484375
100.269796875
84.2883125
9.78847265625
22.3975390625
158.353515625
18.834673828125
17.766056640625
24.94073828125
122.4644375
124.166375
105.4598984375
47.61696875
225.362390625
57.761796875
22.73781640625
226.67034375
108.5798203125
127.0731015625
373.68965625
34.89261328125
28.4451875
103.9255078125
12.1304248046875
30.67216796875
70.2887265625
4.286248046875
75.3172578125
37.02214453125
26.70883984375
195.584875
10.8327197265625
45.24041015625
113.7791015625
11.123330078125
15.099357421875
42.03049609375
253.736296875
112.5674921875
110.837453125
228.567015625
196.744734375
8.9876533203125
6.64530224609375
17.881400390625
39.11145703125
34.31012890625
81.351984375
44.69334765625
32.286228515625
62.22766796875
23.82082421875
40.53948828125
140.202578125
44.197859375
153.935234375
173.574171875
22.3393359375
94.54671875
94.866140625
26.26448828125
113.371265625
23.227541015625
45.35601953125
46.1702265625
1.5786790771484376
41.998140625
8.5559287109375
28.0840703125
231.101109375
114.03771875
68.4495234375
35.4231640625
53.4746640625
97.4133671875
19.0433515625
74.8991328125
46.75859375
43.43121484375
10.821056640625
25.676978515625
72.7021875
342.89946875
25.854251953125
51.75378125
113.41771875
124.42146875
36.4920234375
118.9760546875
84.2418828125
54.158734375
142.042015625
30.214751953125
25.97698046875
57.48855859375
125.53540625
4.13032763671875
19.96138671875
9.8752978515625
26.4760546875
9.7829267578125
27.0105390625
22.51752734375
135.407078125
70.5122109375
114.3533671875
40.980609375
245.689375
7.8631591796875
45.860140625
63.7366640625
201.384859375
40.257828125
46.61577734375
14.779794921875
32.196833984375
36.14262890625
181.486453125
65.32392578125
36.9420625
235.67234375
25.168822265625
75.3923828125
6.44782275390625
207.247375
104.4147109375
61.9344453125
30.96518359375
90.0769609375
15.6976708984375
77.0988671875
11.6278681640625
23.9523984375
34.00233984375
48.7187890625
196.1754375
10.3230087890625
28.726787109375
35.42196875
81.44821875
146.690234375
56.0688671875
23.73093359375
125.5574296875
12.1275234375
68.1384921875
141.06103125
27.090376953125
61.165453125
68.41659375
44.3731171875
10.40319921875
91.7120703125
92.3255625
26.17296484375
17.185283203125
77.244640625
0.845458984375
53.23996484375
159.77859375
14.231833984375
68.860171875
11.4760009765625
61.2917109375
34.5395546875
10.472177734375
25.050603515625
16.716921875
224.40546875
18.423779296875
82.9981171875
5.26447607421875
54.3891796875
26.120724609375
45.99538671875
105.3487109375
101.1789765625
77.7222578125
85.5240078125
183.871859375
210.72234375
31.679115234375
16.1205234375
129.9439609375
10.6766337890625
42.9940078125
54.666328125
6.2421455078125
126.5505859375
19.56352734375
25.96223046875
86.0727421875
20.572736328125
13.458923828125
10.2801044921875
21.580578125
253.903953125
4.1905546875
60.2161484375
63.76926953125
32.071123046875
55.8127890625
24.961734375
54.5090390625
102.8122265625
8.45108984375
78.7081015625
344.72078125
41.98566015625
13.705982421875
20.73302734375
67.1187109375
77.4364765625
11.1166337890625
43.30834765625
21.5896953125
10.2201533203125
167.765078125
52.99694140625
12.70087109375
18.361869140625
11.7416787109375
112.01675
118.9960390625
35.81446484375
37.48180078125
138.296953125
65.738109375
6.46644775390625
106.3682734375
50.446203125
105.5957109375
19.8159140625
24.60623046875
66.685828125
15.066146484375
118.9284375
201.572578125
131.40878125
6.80897900390625
6.177955078125
57.84843359375
133.187640625
54.2978125
18.99040234375
82.932359375
57.32260546875
24.800263671875
90.273375
29.80362109375
151.647203125
15.7154169921875
34.2593203125
27.906169921875
11.58805859375
38.94255859375
33.55197265625
32.65790234375
28.270607421875
48.904375
86.440609375
63.69875
154.063953125
2.41947509765625
57.1150859375
235.93375
31.793765625
127.0087265625
52.046828125
13.4129208984375
38.3503203125
57.2761796875
15.573548828125
103.662171875
62.82597265625
55.304515625
25.017498046875
11.2357763671875
13.198787109375
253.7934375
53.93758203125
47.19408984375
112.49515625
42.0743125
14.2705908203125
22.151103515625
11.93322265625
31.262392578125
4.4966767578125
42.67369921875
7.630763671875
88.1176875
19.073833984375
110.38959375
39.28341015625
35.97051953125
105.8749296875
8.2607333984375
29.162451171875
23.743380859375
135.770125
19.657099609375
60.5159140625
33.16801171875
35.7812578125
38.78692578125
100.7936328125
74.7738125
34.60046484375
30.03843359375
45.9448046875
86.7789140625
71.418515625
28.076294921875
29.075951171875
132.016796875
31.65153515625
65.9010234375
31.2947109375
103.8803359375
65.979015625
23.8029296875
62.0060390625
27.99029296875
14.301908203125
3.14648095703125
18.622099609375
22.311447265625
12.818427734375
58.13167578125
17.105115234375
177.9735625
18.9305390625
15.544615234375
11.8645859375
5.99928857421875
25.299845703125
254.388765625
23.918947265625
35.59125
16.2339443359375
96.1098125
74.274109375
16.57598828125
273.22890625
61.00947265625
18.551595703125
115.4489453125
122.3930546875
71.48665625
80.121234375
9.7856728515625
8.3720009765625
117.7507421875
13.7289482421875
24.511748046875
77.91415625
36.09329296875
13.9967958984375
87.9918984375
13.7949453125
129.1076640625
84.7126484375
148.48815625
50.34315625
45.3537578125
5.26695361328125
47.3220859375
35.12310546875
42.3881640625
58.77357421875
19.422712890625
7.69530810546875
20.01858203125
11.382302734375
4.332986328125
33.14548046875
249.553484375
57.0485078125
11.865423828125
114.6530546875
32.493931640625
1.4634632568359376
13.47326953125
30.193271484375
44.52647265625
58.81353515625
239.068234375
34.8315234375
112.586203125
36.8099375
77.6155390625
63.9232421875
44.13611328125
99.90475
41.9841171875
37.94300390625
17.698990234375
3.753980224609375
39.601953125
68.54490625
11.1205166015625
77.660984375
47.24567578125
47.8431015625
115.9599453125
10.9492861328125
64.93425
157.976140625
267.323875
24.8811171875
2.90259228515625
11.0891591796875
47.1089609375
21.1977890625
18.997650390625
3.633319580078125
4.98985498046875
79.88153125
2.86977099609375
27.9419609375
19.95694140625
76.538578125
19.273390625
63.2613984375
28.941486328125
29.614046875
20.15722265625
139.234359375
111.8634296875
38.1781484375
57.142875
10.2579755859375
64.17501171875
33.84540625
25.68695703125
56.37296875
226.99603125
45.3947890625
54.5350546875
222.458703125
17.28789453125
28.662673828125
15.172529296875
44.3822421875
189.472140625
188.552234375
25.4
60.75898046875
44.3964296875
49.779859375
19.401359375
13.994326171875
61.41861328125
8.821203125
3.935036376953125
120.8265859375
67.070953125
34.93283203125
41.5505390625
17.315564453125
9.54366015625
26.910517578125
19.964583984375
26.736888671875
52.3642578125
71.2292421875
6.7654580078125
44.04277734375
54.66558203125
14.5813173828125
51.43594140625
53.18846875
6.773380859375
67.5506015625
18.638390625
173.595625
25.4574375
57.99516015625
86.4601484375
11.3916044921875
27.633896484375
54.5644921875
38.80888671875
5.2900546875
37.61775390625
29.2438203125
23.295998046875
59.64130078125
23.82366796875
53.79823046875
20.818904296875
104.7458359375
57.4759921875
47.26433984375
29.8037265625
2.66999658203125
19.645462890625
16.402921875
23.587390625
14.9744228515625
7.76066943359375
13.48753125
20.759064453125
22.8101328125
3.428058349609375
117.9101796875
39.48344921875
29.56941015625
80.928609375
336.71646875
167.345328125
71.4528125
22.664408203125
33.275171875
51.5433046875
71.1172109375
97.198375
78.392890625
115.4402265625
87.0825546875
33.35153125
107.58621875
27.618369140625
49.82216015625
70.7027109375
152.31640625
16.8506171875
203.19503125
5.9562509765625
9.663380859375
34.73362109375
75.799171875
16.83103125
106.6795078125
303.43
16.759181640625
29.998099609375
127.53125
10.4753017578125
225.935828125
10.4327724609375
240.116640625
102.9688984375
51.20758203125
40.99831640625
54.78951953125
204.2389375
31.45650390625
89.7413203125
30.814501953125
135.648890625
159.965328125
62.9839140625
54.34578515625
6.18228466796875
3.1473583984375
71.511109375
48.86671484375
4.35015478515625
29.492611328125
27.147857421875
85.7452578125
26.064892578125
9.1943251953125
39.78701953125
23.44416015625
211.6410625
21.9296953125
138.438765625
76.3848046875
19.448939453125
19.056939453125
57.88880859375
24.873171875
12.4679853515625
51.07475
123.316625
44.09680859375
51.81341796875
62.84666015625
20.507140625
4.064214599609375
347.4538125
15.743421875
155.52021875
35.58776953125
27.104470703125
71.4253125
28.396796875
45.73412890625
140.023421875
41.33051171875
68.200609375
13.5028125
13.6108134765625
30.178974609375
17.020447265625
95.5114921875
158.968359375
69.3673828125
6.438205078125
137.654578125
88.7811796875
118.1101015625
23.6035859375
107.5319609375
65.40380078125
90.1245859375
116.3294609375
8.4377177734375
76.5042890625
83.944875
4.8671357421875
73.765640625
8.3739814453125
129.0305390625
59.33156640625
37.1398125
60.5828359375
217.87346875
22.5224765625
24.19280859375
65.4112109375
4.014299560546875
33.679640625
13.34262109375
183.815359375
13.812763671875
41.53194140625
26.83194921875
14.000845703125
5.69523291015625
124.6876953125
43.60607421875
93.997578125
9.4644111328125
31.79088671875
40.47827734375
5.4938974609375
38.8657734375
43.1606796875
21.805109375
35.9648125
176.15959375
260.34109375
80.8344765625
151.9760625
29.7244296875
41.3954140625
33.13104296875
29.14534375
103.1249140625
38.90033984375
31.138271484375
20.69026953125
130.4647578125
59.02364453125
84.1106796875
42.5214453125
25.02645703125
26.87291796875
124.7786796875
32.632751953125
15.45898046875
15.16431640625
14.82469140625
70.3096484375
41.545578125
78.248859375
5.40428076171875
28.098025390625
82.43459375
119.4521953125
21.0246171875
7.30165869140625
25.567732421875
38.30890234375
46.52559375
21.829185546875
22.401263671875
27.432126953125
21.589271484375
50.96721484375
61.814390625
25.5444921875
22.371921875
85.7356640625
20.80647265625
62.29305078125
14.423509765625
13.781671875
28.629798828125
266.49715625
16.70025
52.042203125
12.4385986328125
111.5796328125
53.98062890625
74.6379375
38.8012421875
41.4737734375
74.104890625
57.70715234375
57.25896484375
8.397978515625
12.86847265625
68.66878125
31.21253125
31.79273046875
159.2476875
155.188796875
114.8361171875
84.492234375
149.53565625
4.84583544921875
17.35146875
18.683154296875
190.8889375
20.80945703125
39.80710546875
63.78425
105.6943671875
22.566072265625
107.026265625
28.338642578125
35.78975
25.4653359375
268.36228125
36.9609375
81.2937734375
63.0353046875
141.5163125
22.354693359375
6.03066455078125
55.4332109375
14.4144248046875
47.1216484375
121.683859375
59.09275390625
15.586310546875
7.0216884765625
54.59796484375
20.987072265625
14.826884765625
25.78005078125
28.11041015625
3.896480712890625
59.2716171875
99.80815625
43.005421875
115.022421875
58.1862421875
8.7899580078125
50.10292578125
21.96016015625
4.75894189453125
9.05232421875
11.083853515625
10.422115234375
19.337984375
16.720568359375
14.6263701171875
61.2944140625
91.60325
18.625955078125
180.131015625
40.7341015625
17.230216796875
22.800033203125
92.047703125
100.718109375
15.8431328125
256.86440625
10.9629091796875
14.6766337890625
54.49657421875
83.0518359375
55.1494609375
65.6126328125
29.957755859375
8.7034970703125
8.7868134765625
84.820625
101.999125
259.363734375
6.76820458984375
45.6468671875
62.9111171875
68.6215859375
32.9164140625
5.5421728515625
21.9804609375
28.349025390625
16.3141220703125
13.95319140625
40.67135546875
28.731021484375
129.19671875
158.298921875
47.32240234375
4.711873046875
43.2468828125
81.7801640625
43.3823359375
18.533619140625
20.82109375
132.366484375
41.95837890625
34.5229140625
50.02715234375
15.2730810546875
23.190412109375
28.49871484375
108.5590859375
89.1358046875
20.184642578125
20.508650390625
81.2670078125
36.23976171875
7.38009033203125
56.92684375
21.727814453125
132.681390625
12.8467392578125
47.91846484375
63.0023515625
11.278046875
11.371326171875
109.0193125
16.517302734375
184.654140625
14.0467314453125
7.44344091796875
51.21203515625
76.461703125
16.2912197265625
30.39875390625
56.6221328125
68.2613515625
29.835578125
41.1787421875
205.872921875
131.233359375
47.13376171875
41.5658671875
86.9848046875
131.4878125
21.071009765625
19.80227734375
42.6195625
48.50489453125
4.91139501953125
31.325296875
20.64425
21.9716796875
73.8594140625
46.8795703125
1.9708851318359375
33.7791328125
45.73657421875
80.013265625
99.08696875
10.79565625
80.6546796875
54.4966328125
23.833861328125
12.7872802734375
14.6713349609375
29.558080078125
66.3523984375
4.21966064453125
66.5998046875
9.9348212890625
20.53091796875
156.4148125
20.097576171875
10.7284697265625
65.0395625
3.2286318359375
126.630078125
116.156859375
13.8654501953125
181.187359375
11.0441630859375
19.58632421875
74.75496875
1.8056651611328125
4.033296142578125
74.5008671875
56.9454609375
114.7375703125
17.72631640625
55.43201953125
34.28408203125
10.6486640625
63.90013671875
65.45865625
19.286267578125
11.3296337890625
17.698646484375
24.207828125
31.385859375
30.784064453125
93.8261875
30.065158203125
160.119125
140.4180625
39.18949609375
50.27858984375
215.54859375
64.24461328125
28.549150390625
10.0330380859375
7.02275244140625
18.812099609375
38.6483828125
54.9016875
60.88603515625
17.9236953125
19.41199609375
5.86092529296875
95.443609375
41.96125390625
62.6985
35.995609375
33.12660546875
126.0948671875
90.15634375
143.45365625
47.856
12.4327666015625
53.17270703125
44.28049609375
183.7514375
7.35935205078125
24.32276953125
14.807478515625
142.2720625
134.980625
25.852455078125
186.167484375
22.16618359375
252.421140625
45.4967890625
39.43841796875
19.849654296875
4.253826171875
41.68138671875
40.72300390625
51.8899375
9.810591796875
291.8758125
36.135328125
169.503140625
197.675734375
64.90374609375
77.3476640625
71.935921875
25.710001953125
16.973734375
10.6710390625
52.23279296875
70.6303984375
13.135861328125
85.1161796875
132.14040625
68.295296875
68.3273125
13.7773720703125
6.38035546875
18.443306640625
29.98691015625
9.2221123046875
74.8711953125
54.3045078125
109.28696875
22.001748046875
18.362548828125
63.2686640625
98.4992578125
36.201625
41.29828515625
43.52450390625
256.880984375
242.609359375
18.088486328125
62.30983203125
62.70971484375
9.9317431640625
163.15646875
12.051302734375
35.33986328125
175.0133125
72.8909765625
23.0561484375
157.629078125
92.7316953125
50.6063828125
10.8441103515625
14.93911328125
65.08465625
152.438828125
18.83868359375
50.65053125
66.2950546875
66.8089921875
63.08322265625
59.9630390625
52.14840234375
44.17782421875
56.84039453125
130.1674296875
34.84028125
101.7511640625
41.8571328125
35.70249609375
57.2894375
4.5547373046875
71.3297109375
60.0729375
25.657736328125
61.3303125
69.9438515625
28.72626171875
98.95165625
34.79731640625
28.221318359375
177.0096875
13.0872998046875
274.729125
100.0683984375
13.6006708984375
32.92451953125
171.446296875
33.0163203125
32.71150390625
35.8842109375
50.04712109375
13.2549052734375
15.31298046875
28.640888671875
158.89903125
33.30043359375
35.664046875
84.2163515625
27.8841875
46.73623828125
59.71233203125
43.50334375
58.954625
62.88323828125
52.14803515625
17.793259765625
61.31289453125
13.8082958984375
56.59275
133.253359375
151.925015625
13.9209443359375
206.1313125
71.4055859375
97.024375
26.07952734375
39.39097265625
127.2815859375
121.29753125
156.465296875
81.643984375
79.37903125
19.615705078125
49.23020703125
7.8961650390625
52.15880859375
76.117046875
32.4593671875
37.99283984375
19.376333984375
37.71690625
12.0799931640625
269.4465625
25.400248046875
59.61632421875
57.04247265625
42.25822265625
20.340671875
17.932755859375
19.384826171875
10.4516884765625
94.872671875
19.302873046875
196.81453125
75.56840625
58.83517578125
16.0631640625
107.165609375
14.7394501953125
58.1700625
44.189390625
17.535611328125
21.75905859375
196.679578125
92.7219453125
74.6830703125
4.81987548828125
145.377546875
45.81741796875
10.843310546875
113.17140625
12.8793564453125
166.078875
114.07453125
68.9044140625
26.79791796875
6.588265625
21.944970703125
29.140453125
161.288484375
18.067572265625
43.0245
89.763359375
59.87623046875
14.8030732421875
150.444796875
13.41561328125
18.05453125
99.66725
27.760234375
20.956599609375
13.474939453125
25.120546875
172.1139375
15.0909375
32.261255859375
4.705201171875
125.1354140625
41.8370390625
79.97559375
32.240623046875
202.903875
28.060931640625
17.224587890625
30.713681640625
104.200984375
141.738171875
101.0919375
11.8522939453125
58.649640625
32.417318359375
19.120404296875
27.738203125
56.17929296875
10.8418935546875
67.7262578125
50.09653125
17.91559375
24.99978125
56.33714453125
39.43155078125
58.88870703125
26.4666875
63.79192578125
38.93787890625
83.0663125
46.388765625
242.2985
95.950171875
14.7691337890625
24.357630859375
14.3857001953125
94.577375
16.144806640625
19.5511484375
38.06634375
170.901640625
250.02934375
13.0883310546875
26.033125
9.897263671875
32.282470703125
39.90304296875
100.1901328125
45.55506640625
12.0540419921875
63.20690234375
15.8727236328125
68.5232734375
18.993421875
23.4976015625
15.681333984375
136.038046875
61.9677265625
15.0823134765625
6.4039560546875
67.2484765625
34.5859296875
41.17476953125
102.810578125
252.083453125
146.299578125
12.226724609375
32.712220703125
69.1645703125
19.8646875
17.965953125
7.299611328125
19.84039453125
9.8824990234375
63.55922265625
46.09568359375
14.05154296875
8.321015625
67.5490546875
27.64846484375
71.56240625
31.081119140625
5.41075244140625
153.910875
21.365427734375
51.44295703125
58.789015625
39.16415234375
22.6601953125
76.160703125
158.337046875
23.11753515625
4.5993671875
37.80128125
65.39949609375
117.5712109375
7.0642236328125
112.04353125
93.8989453125
90.5380390625
5.1953466796875
20.340662109375
54.6966484375
230.935734375
168.12728125
44.75524609375
113.2128984375
15.4203271484375
95.05753125
36.4615546875
30.1056875
16.1045341796875
43.690640625
67.9216015625
74.672578125
20.706435546875
109.8947578125
221.3550625
6.444296875
6.7381494140625
51.90955859375
88.632234375
38.7075390625
81.5138515625
64.78255078125
7.38995703125
45.758328125
16.994744140625
8.829353515625
29.18993359375
50.81940625
19.32798828125
18.613611328125
18.496556640625
17.484927734375
16.1021181640625
17.47209765625
14.42649609375
79.3406640625
56.2512890625
28.806365234375
40.24476171875
29.64221875
173.7569375
79.0593203125
63.359
35.52891796875
91.0316796875
118.2254453125
29.578876953125
21.80476953125
51.54823828125
27.70935546875
21.298048828125
85.695609375
23.96847265625
12.8069189453125
71.767203125
68.52453125
315.659875
41.2432890625
70.7626328125
26.309919921875
34.1439375
65.9115859375
11.383212890625
28.4963515625
151.172546875
27.700658203125
119.116546875
48.98796484375
77.6322734375
72.628703125
50.514453125
51.7446953125
48.4449921875
79.0587421875
18.998435546875
118.215265625
38.87621484375
21.624701171875
160.00621875
5.78841845703125
21.374802734375
2.825970947265625
35.18201953125
19.892626953125
169.509796875
33.1469375
91.704453125
72.7400390625
22.241345703125
24.654365234375
123.105859375
52.4680078125
10.89063671875
42.611796875
13.8394208984375
22.769837890625
73.80440625
164.814125
11.74140234375
47.9407734375
11.4134501953125
11.063056640625
7.72726025390625
350.88759375
10.070193359375
42.68928125
53.473078125
36.95893359375
18.198923828125
128.9331640625
30.748337890625
59.0582109375
59.732296875
19.44801953125
83.130984375
18.68310546875
64.13239453125
88.4641328125
99.770640625
34.4423515625
90.696875
7.22742578125
16.709818359375
8.6401015625
26.732591796875
25.239701171875
144.6215625
42.9171953125
15.4539208984375
8.128279296875
16.790650390625
23.413693359375
50.7428515625
64.5759140625
12.2218369140625
50.9737421875
56.36238671875
2.68515478515625
42.92776953125
169.014515625
35.0330390625
22.00905078125
90.4041875
36.23305859375
5.1483291015625
26.62487890625
46.38719140625
223.54278125
19.962662109375
11.0583271484375
21.348361328125
29.082490234375
63.94411328125
58.9955546875
12.4375517578125
111.9924140625
54.66734765625
31.784640625
26.568091796875
67.880890625
204.58678125
19.80778515625
8.792857421875
181.149375
319.6886875
37.79449609375
84.3303828125
12.678248046875
65.42330859375
59.1931796875
18.911767578125
64.4623125
8.8464072265625
3.337458251953125
3.89193701171875
18.99915234375
10.6101279296875
92.7588828125
49.84879296875
35.36666015625
63.940296875
16.202083984375
13.1878076171875
20.30641796875
89.0391484375
14.419021484375
17.069701171875
5.23008544921875
168.0398125
45.78443359375
12.32401953125
126.62425
13.2976748046875
45.52819140625
3.3409541015625
16.65583984375
42.7076328125
27.398267578125
34.9925625
