748.2315
719.7676875
705.7621875
773.05625
742.04275
745.5220625
751.06175
764.9305
714.3358125
731.792625
714.3941875
767.7424375
772.3081875
786.09925
768.6295625
735.4365
717.2141875
770.3404375
933.7659375
759.3428125
749.38225
733.8821875
787.0178125
747.7298125
766.254
718.0983125
734.928375
699.0065625
747.3058125
715.4028125
824.893125
746.9684375
746.98425
809.0478125
772.5185625
809.805
737.5671875
775.3671875
831.152375
787.411875
766.83
875.9514375
808.58125
772.16575
678.9238125
771.33475
717.34475
763.239375
813.9251875
771.958375
774.8760625
772.092375
749.8275
770.4035625
736.07425
837.9315
777.263375
715.080875
698.647
768.6615625
767.7639375
773.4243125
770.593125
776.3170625
766.14475
812.725
810.2266875
730.6665625
771.2419375
840.0095
832.984125
829.63775
737.2874375
746.76475
748.045125
738.767375
781.151375
829.360875
740.528125
747.21025
760.822125
811.7324375
749.4945
783.9220625
738.24025
728.999875
770.048125
736.768375
803.1913125
749.5823125
734.3523125
738.767125
739.111
784.9496875
746.823875
712.766375
770.3355
771.9650625
785.0568125
754.7549375
761.8513125
723.274125
736.5789375
684.0023125
773.551125
690.2166875
825.226875
760.986375
699.8468125
803.8773125
748.7646875
698.6346875
724.3168125
800.2456875
831.525625
722.616375
717.714625
714.08
763.2548125
734.5215625
737.0855625
809.154125
771.50525
732.152125
741.0703125
781.0665
744.241625
707.8925625
766.8306875
747.53775
739.089625
808.114625
866.4641875
836.5640625
770.193625
772.472125
798.9185625
792.0651875
789.5139375
733.0560625
834.6664375
775.678125
785.76
877.379125
770.279625
809.3814375
807.2496875
770.5226875
783.4075625
831.6238125
749.937625
754.1410625
767.676125
800.0351875
749.9685625
770.6415625
722.7136875
711.7555625
748.0555
764.5455625
773.3278125
867.3361875
734.740125
750.597
749.3143125
763.4704375
825.3040625
661.0161875
769.1306875
753.9436875
784.0288125
717.0256875
773.696875
795.2350625
739.821125
747.8135
761.801625
784.6066875
714.8233125
798.5379375
797.24825
800.2233125
763.1744375
784.04875
849.1926875
805.0705
809.6510625
714.6999375
759.880625
785.659
728.771875
785.847125
904.19725
777.123625
741.2518125
760.691375
744.0449375
783.297125
779.80375
748.18825
710.0390625
760.451375
715.5440625
841.13475
911.8969375
811.1078125
771.79825
744.2746875
761.556
771.7633125
768.1779375
772.7978125
715.214375
749.766875
776.78775
763.5546875
773.6483125
716.94475
739.4265625
782.0666875
768.4013125
784.6550625
826.7905625
763.054625
766.5201875
832.069625
834.0885
770.161625
792.931375
737.800875
721.2014375
841.8005
767.9913125
737.8108125
677.6654375
802.21425
792.45575
768.494375
806.534125
826.1308125
861.6781875
737.6265625
714.1564375
751.044375
809.0860625
772.2175
714.6819375
783.3469375
779.9326875
714.0106875
807.9314375
727.2771875
706.620875
809.46675
737.057125
793.68875
791.1289375
741.5950625
751.373125
760.2690625
808.045625
743.4329375
699.62675
713.370375
773.693125
774.887375
755.074625
770.783875
754.5815625
691.15725
903.393375
741.0811875
769.09075
739.700375
772.1448125
720.6174375
759.1955
771.1971875
740.678875
726.461
749.5328125
738.9475625
717.111125
772.41575
705.036625
769.5746875
801.25575
737.2838125
772.756875
724.7356875
804.6711875
828.7546875
874.98125
810.8583125
726.2751875
827.0385625
871.581625
789.6428125
714.66075
726.875125
767.7198125
842.6735
831.4976875
720.4931875
784.6268125
805.9586875
807.759625
722.185875
818.5204375
717.8395625
793.340875
770.4346875
739.0520625
791.6555
750.585875
739.3366875
791.0914375
735.946625
762.4508125
739.0751875
777.13875
737.8085
750.02425
766.852875
715.50625
772.935875
793.779625
722.545625
854.244375
733.0228125
810.700875
826.15325
808.6053125
803.7645
716.7785
772.2189375
749.401
796.37175
803.1659375
735.653375
777.8419375
712.347375
828.2899375
753.97675
815.7103125
768.0934375
857.7224375
728.775625
766.5669375
796.186125
853.671
747.10525
729.5488125
773.6833125
754.56075
826.729125
760.7738125
825.9611875
794.0009375
808.465
771.683
832.7478125
749.69325
738.087875
747.1334375
764.9435
807.879375
803.1126875
772.2425
801.939125
756.819125
740.099875
770.8985
729.379625
716.8335625
738.56375
787.8095625
802.910125
736.567375
763.3235
713.497625
754.537875
732.3890625
754.2694375
727.175875
737.500125
771.5689375
721.0105625
809.459125
715.36175
839.8141875
762.3978125
751.534125
857.3001875
764.887875
831.6414375
765.3035625
768.35125
771.175625
778.7666875
726.1475625
700.338375
775.604
732.4204375
813.2424375
781.18125
726.4750625
879.025125
806.20475
749.3984375
749.1280625
820.12775
839.2735
789.4276875
752.4014375
751.99475
740.3729375
765.853625
782.33525
772.32
751.002
772.3049375
772.3414375
765.6153125
767.236375
727.2565
824.311
813.0835625
711.262625
738.1280625
764.1950625
772.820125
746.972875
753.9471875
773.1345625
772.4263125
801.6570625
766.40275
797.0564375
740.673625
775.24075
762.823
791.502375
717.46575
708.3358125
791.090125
826.0485625
875.3940625
761.709375
734.4935625
762.73325
736.89
839.3099375
759.78925
743.455625
761.7625625
773.213375
770.2079375
755.6406875
695.8421875
888.5993125
802.199125
765.1661875
820.1396875
769.07
750.6074375
711.14775
756.7340625
769.265
806.0264375
751.582375
751.324875
762.037125
908.8076875
724.9988125
715.775625
775.32525
728.6174375
824.8161875
755.2321875
751.34525
733.60825
730.139375
837.3533125
770.7104375
714.0491875
733.46975
808.761375
811.383125
832.1009375
908.258875
781.12575
808.3766875
830.8279375
826.98075
718.67325
787.6685625
747.7083125
737.040625
753.4316875
779.2901875
828.3434375
785.40725
749.841
804.08325
788.997
878.95075
753.2160625
809.72
751.414
749.5060625
746.7223125
714.217
754.8514375
775.2726875
722.81475
748.7173125
777.3125
767.1884375
772.251
783.3703125
764.857875
916.5086875
761.9510625
734.93925
716.511875
765.8439375
720.814375
767.743625
825.6415
770.3269375
793.59275
818.0724375
833.076625
770.474625
849.049
778.08675
758.0751875
825.2118125
835.5458125
709.1204375
805.17425
811.92375
722.0411875
769.135875
916.3608125
736.835125
764.1955625
830.845625
805.6356875
748.2778125
783.8143125
781.690625
753.24375
933.111125
803.7314375
747.7455625
870.655125
771.55425
842.8291875
768.4265
741.93275
852.9288125
858.8636875
868.4925
735.3360625
739.5615625
854.626625
745.8495625
770.63225
773.9115
749.39725
774.3079375
776.0358125
740.5298125
790.3641875
783.1833125
753.0381875
719.3286875
798.0035
740.0511875
804.2415625
755.470375
851.8270625
804.2736875
775.5465625
807.314125
839.8235
719.5155625
747.3356875
768.134125
807.78775
785.1324375
855.355375
784.1861875
739.5910625
697.313625
738.12575
771.878
766.533
722.7228125
740.049125
776.845
784.159625
797.3061875
789.487
767.5755
750.6554375
858.1918125
777.4619375
771.993875
835.702
783.5789375
815.0185625
851.2833125
743.0761875
735.780375
714.0305
778.06275
708.6876875
772.2565
782.27425
800.2736875
730.6316875
862.18125
744.3703125
800.7865
802.7558125
717.3115625
777.9965
748.443
797.0165
780.4329375
824.3768125
835.2855625
790.9273125
723.9630625
738.0491875
771.493875
718.98825
765.475875
772.521875
728.2049375
780.90225
742.0974375
759.1575625
810.8568125
758.454375
844.198625
754.0556875
773.1915625
783.7428125
756.4520625
850.1098125
748.911125
785.363375
809.7446875
763.4861875
728.7951875
765.2706875
767.8439375
810.68075
719.1500625
723.102625
784.0425
772.437
770.1054375
702.690875
771.4156875
753.4178125
761.8718125
763.051
770.367375
706.95475
753.9289375
830.505
786.068375
714.6493125
716.792
805.62775
750.2546875
767.4596875
803.7094375
770.4240625
776.10475
735.2068125
820.04025
722.06925
829.08575
748.489625
775.9078125
691.0744375
706.798
755.5201875
832.2833125
747.77275
747.6828125
716.718
824.7288125
782.93575
785.7075625
758.2376875
825.324125
750.88825
805.050875
716.6903125
748.7893125
768.6208125
772.2023125
783.396625
781.9375625
833.7479375
749.59725
779.8255
754.35
725.3585625
770.58325
739.79475
807.231875
766.3495625
721.9705
765.0165
808.0505625
777.7465
720.0166875
726.860125
828.9925625
712.9715
715.4155
754.450875
772.101
686.5280625
761.770875
827.9805625
740.97975
747.5641875
723.447625
741.4038125
838.58225
992.8943125
722.8283125
900.2410625
780.0521875
814.1490625
792.165125
772.0239375
809.8798125
721.6675
741.4316875
746.3426875
858.503375
782.6053125
822.4281875
759.0775
749.5465
769.629375
839.5151875
773.16525
801.359125
777.70775
886.3535625
769.10475
756.20875
853.339625
763.995375
704.41475
764.5696875
691.2053125
724.09975
797.8603125
862.54075
726.7408125
784.2633125
875.30075
773.2085
754.8834375
768.9795625
742.5159375
699.759875
720.8390625
812.2288125
730.19
782.9483125
783.607875
788.7546875
771.105625
714.756
811.935
689.2965
751.790625
809.1628125
822.7076875
875.9421875
764.3888125
749.39625
773.2491875
828.5575
748.8171875
751.850625
735.7985
801.40475
753.087625
717.303
780.5299375
831.9523125
822.58325
805.667625
715.123625
806.7385
801.9476875
773.1325625
739.7395
801.9331875
819.429375
825.67625
801.322
784.317875
739.7583125
754.02325
766.4033125
767.503875
763.852125
735.35075
809.8144375
799.4813125
758.6065625
770.956
716.7565
762.340375
759.28775
829.288625
738.4796875
785.1640625
715.523875
726.47125
768.1526875
746.817125
731.96975
739.15175
716.80275
760.9825625
713.9805
735.5924375
701.3015
688.7618125
773.141875
739.3001875
738.800375
783.3631875
712.7784375
747.764625
875.7796875
744.8280625
771.465
813.9915625
803.352625
780.7936875
772.0170625
729.54425
769.4494375
801.7146875
772.990125
712.2133125
778.2581875
784.281625
723.5834375
798.07825
760.0015
772.9163125
752.163
766.7205625
805.0949375
717.8725
753.029375
746.0900625
774.291875
824.958375
824.1745625
795.436625
770.914375
773.2899375
753.38225
779.10325
857.2208125
762.05225
825.9061875
737.6036875
964.0641875
798.621125
740.6909375
748.024
715.095
761.955625
800.904375
762.2986875
722.5508125
781.8555625
735.4840625
783.82425
778.5516875
734.2251875
747.6423125
766.6726875
756.98175
761.9641875
754.7440625
751.740375
810.9956875
698.727375
782.1263125
748.9110625
874.959375
791.5708125
790.14675
748.9464375
735.94225
776.3435
750.618125
717.3849375
763.3275
837.7015625
705.037
833.42925
784.2610625
722.619375
766.4004375
715.9805
722.4449375
768.139625
800.3244375
808.0791875
738.842625
809.3279375
732.2573125
741.5525625
705.396625
770.168
749.7601875
770.451125
746.2250625
739.0115625
794.299125
736.1323125
802.9111875
772.834625
772.095375
703.5628125
705.291375
797.0299375
826.7620625
751.6475
722.556125
752.6043125
833.808375
764.9848125
706.1480625
771.015125
735.4319375
702.63125
739.643125
787.8773125
765.63225
754.2098125
770.4204375
773.547875
730.2418125
748.9224375
804.3395
719.2779375
735.7831875
740.37375
762.0289375
750.9345
707.1554375
779.3200625
771.971
750.2396875
754.5828125
810.1154375
829.9330625
787.638375
725.6665
722.713625
716.47925
820.371125
749.89425
772.038625
767.4391875
808.8301875
774.249875
761.699875
722.6994375
842.4424375
746.733375
717.249
760.1015
717.145625
736.7910625
688.2405
703.0653125
773.4154375
803.51625
722.6858125
734.4463125
735.7835625
864.6164375
784.1555
828.4068125
711.1435
748.356875
732.0150625
743.659125
705.60875
720.7538125
763.1595625
790.5798125
711.6310625
831.4724375
722.920125
736.3934375
831.160125
738.543625
803.209125
751.4125
823.6758125
768.710625
814.819125
709.9635
797.14225
740.3910625
762.2790625
769.0716875
775.634375
798.66175
713.0808125
706.73925
739.2329375
819.409875
752.0790625
769.8303125
759.2885625
782.9086875
780.9628125
793.6368125
715.44325
728.6220625
790.1251875
772.958625
825.3209375
753.48925
810.519
734.97675
768.60225
828.161375
953.7615625
883.585625
755.4806875
748.44875
839.2554375
756.817375
787.30125
775.4804375
766.24725
865.6298125
762.0739375
775.1983125
802.3074375
835.8840625
780.489125
716.6140625
772.7248125
754.369875
771.3536875
723.079875
863.194125
825.909875
769.925375
728.131875
725.491625
705.169125
738.896625
720.682875
769.64425
719.4915
753.08125
768.1525
725.6948125
806.41725
786.5955625
724.6405
765.1705625
740.0385
893.6504375
720.3081875
838.4601875
809.7305
759.9614375
713.73125
839.1850625
782.7696875
782.0414375
795.4505625
716.702375
771.947125
772.817625
754.06975
754.536125
838.537875
773.0035625
723.6864375
722.8908125
781.55525
733.63475
789.101125
717.342
785.252
823.4445625
801.9835
719.3845
771.9836875
832.40625
807.4259375
724.2405
763.5105
713.158375
830.99575
772.0263125
735.8335625
728.678125
827.1866875
734.988875
751.8623125
797.62975
809.478875
782.6880625
716.701
725.8378125
717.240125
750.317625
712.3649375
782.523375
808.902125
810.5491875
777.636625
784.024625
803.65025
819.5043125
801.46375
735.804
837.1506875
783.1046875
785.7935
804.7030625
767.4680625
767.293
786.15175
802.5865
804.77125
863.60875
734.2234375
821.0604375
739.576
808.0096875
706.1258125
712.795875
835.835375
818.3168125
764.0319375
857.7194375
782.8830625
849.2179375
738.1283125
755.3193125
741.7289375
772.304375
809.8903125
726.932625
814.9221875
818.70475
722.6224375
738.86825
770.147
806.463125
757.0844375
804.4854375
799.6481875
769.249375
755.3386875
748.086375
809.4836875
752.6111875
725.6395
764.76025
723.0958125
770.4255625
850.0616875
729.47725
752.1700625
792.1246875
801.489
780.569
850.5638125
800.4045
732.07625
753.688125
767.396
770.7805625
771.882875
767.88675
807.7835
688.4995
760.850875
706.541625
772.3411875
749.3395625
739.789375
834.8691875
824.2154375
804.371875
784.445625
784.754
801.028125
783.0708125
771.8779375
768.1268125
791.3139375
767.061625
739.91475
769.6353125
692.46725
767.2461875
860.693375
736.1485
716.5788125
778.6433125
755.00775
696.759125
809.500125
734.5201875
721.0120625
762.0595625
770.6110625
761.537875
807.8223125
785.271125
720.99875
715.365375
761.8856875
770.5396875
770.87675
870.1716875
773.0975
791.559
845.777625
781.626875
794.8388125
792.950125
727.208875
740.9863125
723.1076875
782.2545
688.7305
771.4135625
858.9745
779.88675
763.6564375
771.8943125
719.8888125
730.480375
733.1300625
764.4001875
762.606125
787.6991875
734.241875
772.4198125
802.9676875
769.573
794.996125
699.66625
785.8503125
722.625875
726.5874375
747.1836875
805.933125
771.7693125
716.5781875
804.2005625
722.4360625
754.9691875
735.7640625
828.6548125
730.429
736.0968125
767.2495625
828.350375
712.4629375
801.839625
754.248375
809.732875
770.921125
720.6545
739.0509375
713.25875
746.9394375
714.79875
771.83475
727.142375
841.9189375
763.021
719.447
747.2861875
749.1175
783.9266875
701.192625
716.3614375
700.2899375
747.5623125
824.5636875
748.3746875
747.6796875
710.7701875
800.015
766.4646875
743.678875
817.04
771.9140625
773.384
779.2414375
805.16975
723.7129375
769.59225
776.177625
721.0839375
962.6834375
833.3388125
751.7133125
695.9533125
738.8690625
767.947625
808.34625
723.752375
782.55675
802.2586875
772.68525
788.7520625
771.578375
768.205375
862.9554375
735.2555
827.8914375
766.9031875
887.7329375
736.327
807.738125
879.51675
859.81625
776.030625
832.726625
722.768625
717.2965
817.4588125
735.47575
805.1231875
809.55025
740.3449375
741.310125
779.6368125
716.8448125
761.7661875
927.69075
730.593625
775.81925
785.85725
714.1514375
727.4505
747.264125
736.656875
737.5679375
701.821625
786.369125
722.962875
752.6013125
715.6015625
756.321375
771.2204375
775.920125
853.078125
766.1909375
729.9235
713.108
754.31975
817.994625
740.37625
773.1635
714.9805625
850.4816875
716.7335625
740.0733125
809.77075
769.4788125
835.3885
719.74875
821.238625
723.2845
737.224125
763.950625
752.0149375
838.200625
856.0826875
972.1909375
708.8151875
809.2025
723.2521875
862.7610625
727.2475
812.1144375
774.0670625
765.2544375
771.236125
773.345
820.8358125
809.5468125
739.813125
735.672625
786.144875
808.218625
762.54025
755.0414375
727.4766875
822.2476875
714.509625
719.0505
736.0539375
849.8555625
779.8674375
758.104875
776.143
747.02625
838.102875
810.00425
804.8660625
798.438375
831.7536875
752.9295625
757.6120625
789.6196875
777.0594375
716.287375
735.460875
753.2515625
770.3706875
784.9553125
747.3480625
833.4970625
714.1460625
758.1988125
715.8044375
784.9654375
777.711875
732.53175
829.5195625
748.05375
756.2599375
737.9575
750.119375
776.44675
819.544
797.7091875
751.016875
772.650625
734.9719375
760.3165625
716.565875
714.05875
748.5051875
771.64575
711.8909375
766.113625
802.733125
713.36375
725.661
740.0354375
712.10425
719.275625
777.5433125
758.4449375
754.2704375
769.7065
725.13425
763.3045
954.0431875
722.9596875
739.7494375
831.6693125
739.528375
752.461375
740.373375
747.741375
767.5981875
781.0768125
739.72775
760.269375
775.3688125
767.5230625
809.168
715.9905625
784.1065
729.938375
763.209
765.3355
754.897875
721.933
754.9570625
718.854125
770.839375
722.905125
782.023875
771.137125
754.1366875
795.1151875
810.2405625
759.73025
785.130625
808.951125
775.9905625
731.451875
769.200875
762.4303125
754.5260625
713.778375
832.725875
689.124125
768.8319375
747.2556875
785.6001875
720.44075
715.1154375
864.4749375
700.7570625
804.7483125
735.6888125
822.8875
740.87775
752.8604375
752.1646875
739.9036875
707.9896875
846.548875
720.2961875
752.177625
715.8236875
791.872
748.171875
803.927875
809.0851875
742.806875
792.4475625
767.786
750.1251875
739.817625
898.0788125
725.8438125
725.7353125
725.238125
734.3471875
767.373625
784.637125
804.344875
716.4326875
800.174375
770.9741875
768.448625
736.2635
769.683625
752.4039375
773.0785625
734.6891875
808.0543125
728.5194375
801.86775
807.7715
746.57175
767.70675
707.2219375
776.8851875
751.3819375
868.8913125
699.9626875
851.532875
723.294375
733.7489375
746.0459375
739.776375
840.537
766.6969375
773.4521875
753.9768125
832.5024375
697.125625
718.3579375
748.664625
776.0645
740.2394375
727.97325
804.9955
799.6901875
767.1125625
831.715625
734.912625
727.2365625
742.1360625
773.8373125
773.0755
722.913625
844.1733125
753.9555
798.6219375
705.7873125
754.4124375
807.449375
804.470875
764.322125
721.6610625
760.3036875
776.976125
840.3495
715.6018125
799.6394375
810.0311875
755.5496875
789.48425
698.21325
736.9874375
727.46875
771.398375
723.3988125
770.593875
753.2521875
756.34275
784.170125
747.71025
775.7600625
727.517125
743.0279375
807.8636875
750.8785
790.99725
712.69625
802.5933125
747.0360625
747.4415625
813.156125
756.1865
751.7903125
799.915125
772.8878125
771.2776875
765.6694375
762.32
761.948375
707.242
789.5235
779.9239375
721.9929375
761.5935625
736.92275
766.98525
834.2904375
748.956625
743.0084375
748.1050625
777.3906875
802.4625625
712.4320625
749.9618125
693.8881875
712.68425
747.33025
698.403875
784.471625
782.559
769.5898125
714.858
835.7903125
772.40975
760.2111875
767.55375
722.744125
773.091
799.7248125
760.0146875
752.312375
784.0854375
773.234125
751.4694375
722.5371875
789.6000625
711.99725
807.5181875
827.5316875
783.0098125
776.9120625
750.9538125
805.5699375
739.750375
770.0344375
831.9581875
783.96975
790.154
738.592375
810.0634375
856.510875
736.3928125
801.718125
747.235625
843.2115625
778.4591875
762.6549375
721.333375
720.5904375
781.4063125
823.629625
800.702375
747.5661875
754.500125
806.34
686.587
721.6485625
728.60375
796.3543125
772.1431875
742.1373125
719.786375
756.4395
766.76075
921.047125
807.3156875
739.104
734.468375
696.8876875
804.5088125
951.081625
738.9635625
763.8198125
712.0056875
713.3693125
739.672125
831.54025
705.7945625
780.21125
754.0320625
820.8033125
754.3765625
822.309625
768.782375
792.207875
734.4759375
723.0333125
750.1885625
820.475
801.029375
775.29325
735.84425
747.5848125
793.1665625
750.03575
862.3915
764.1496875
843.9085625
720.262125
808.8939375
722.637
790.8184375
742.66125
772.92825
818.0978125
865.669375
806.035
691.1
792.193125
740.1109375
763.2175625
767.2929375
769.5065
734.4379375
753.349
753.0286875
776.2445625
722.9186875
793.1749375
716.3953125
749.7970625
790.6626875
799.1511875
732.7829375
857.798125
699.435375
721.9495625
820.96725
707.796375
763.3838125
815.84925
748.1943125
789.487
748.5139375
772.2408125
749.5350625
816.45425
769.5589375
784.7143125
839.5771875
766.8765625
855.5011875
784.5180625
716.804
915.0879375
723.92575
877.4363125
767.7181875
762.0774375
772.546875
720.09075
752.2549375
764.2069375
829.4565625
771.694375
705.0489375
822.1665625
790.1719375
922.6350625
782.89825
785.1548125
804.537375
745.552125
787.4715
792.4646875
783.458875
781.5416875
772.531125
750.496375
698.3364375
857.86
736.82325
738.1488125
795.12025
717.1629375
807.97075
775.56775
763.206375
715.10625
770.141875
767.6060625
847.578
749.9173125
754.445
807.1804375
763.157625
748.6638125
767.601625
705.498375
772.765375
754.8889375
801.2703125
770.089125
820.09575
734.766875
783.658
737.303
766.17675
818.486875
838.9070625
746.765125
801.7973125
713.7849375
800.9916875
738.0900625
794.00125
726.3166875
738.3119375
684.8421875
710.068375
734.7635625
720.02825
771.109375
746.1004375
743.3423125
809.297625
751.020875
714.0010625
804.0054375
818.92825
749.3935625
774.4140625
715.574375
725.24875
772.446
750.6340625
722.8915625
754.3580625
773.7055625
825.168875
841.6900625
747.25
783.44325
739.1893125
717.4398125
810.3181875
769.2211875
769.420375
754.8886875
717.239125
763.9554375
764.8930625
751.7065625
801.537
858.710625
787.33475
705.17225
821.5498125
715.198
771.9738125
815.52025
724.265
769.903
707.271375
701.0249375
734.079
767.8853125
733.9299375
762.7065625
761.618875
782.775
808.526
773.0244375
711.667625
777.90425
749.374375
770.6885625
744.8471875
754.6650625
739.387375
737.2713125
803.5145
808.961875
761.659125
734.8053125
754.55375
761.109375
723.277375
734.1624375
772.6173125
747.7795625
755.166625
819.730875
838.7234375
720.4654375
782.001
782.8760625
722.912875
831.695125
816.326375
713.8603125
739.7045
722.722625
822.323
707.660375
861.179625
830.1179375
793.7794375
739.1884375
804.7716875
765.8179375
876.6768125
721.206
770.67575
791.6090625
762.3801875
749.3773125
712.1301875
716.82775
789.6534375
717.2321875
784.2256875
801.07525
763.65225
807.7206875
741.8281875
879.187875
860.9768125
766.705875
726.35625
762.8144375
718.4595625
778.473375
751.9791875
710.855875
763.9204375
773.2225
763.4519375
738.806
