722.535
699.7820625
815.8781875
767.5133125
781.7951875
772.5028125
801.384625
733.669375
837.6118125
769.874375
746.9899375
823.422
786.520625
733.1363125
777.2749375
803.982
722.566125
736.7198125
825.0581875
877.263625
678.9309375
780.45525
786.2799375
779.7386875
734.4390625
773.9195
840.590125
829.0363125
717.2201875
725.8765625
774.6609375
763.090375
772.0481875
736.3639375
753.16775
813.679625
759.369625
785.8780625
750.6684375
749.885625
770.3826875
740.3421875
763.647
770.9839375
769.0171875
771.45025
692.500875
770.390375
788.0465625
776.7445625
811.5155625
738.2321875
749.30875
807.2604375
739.4826875
716.84325
779.05375
820.6393125
857.6596875
737.7729375
805.2341875
806.5608125
729.627625
712.5245
833.1551875
767.3151875
759.1795
781.957
748.861625
810.1404375
711.3401875
751.3235
692.2210625
866.1734375
765.864625
806.3394375
792.5461875
809.752875
791.107875
812.3591875
836.8821875
767.6790625
779.70125
784.495875
771.5898125
802.4388125
747.9445
752.1165625
753.8235
794.3255625
778.843625
777.11225
764.7349375
731.3343125
807.5400625
720.185875
734.70375
747.7795625
829.6623125
705.465375
765.9410625
774.536875
768.8789375
778.83025
843.0445
737.8844375
805.0825625
764.360125
766.7990625
779.4925
736.1338125
736.854875
748.2483125
808.395875
739.6254375
722.87575
793.6325625
749.06325
747.4584375
704.818125
802.5645
829.1231875
778.970125
786.3468125
776.232375
770.6128125
784.2299375
775.9194375
791.831625
737.5598125
746.824875
828.6536875
809.740875
754.1533125
718.4289375
852.2089375
723.0115625
746.9523125
778.88625
834.80175
784.26175
809.5378125
750.9874375
707.5323125
756.4908125
809.8346875
928.9055
753.8763125
739.2473125
738.641375
747.906
804.70275
764.7223125
771.1121875
709.7406875
817.017125
750.788875
754.5698125
739.8461875
716.6535
727.8635
752.5525
795.951125
731.2740625
809.611625
782.212375
755.0193125
731.934125
760.2896875
848.19575
746.6875625
705.7529375
747.9046875
839.6625625
766.5330625
805.4161875
787.6235625
747.18475
795.9766875
783.676375
736.1838125
795.693875
748.5675625
732.6668125
769.0253125
734.374
800.6461875
745.128125
793.138
792.1784375
717.28475
766.168125
810.743375
798.811375
719.88525
790.527125
799.6380625
878.2190625
765.0594375
767.521125
777.9303125
817.92325
799.9306875
720.8215
839.241375
783.079625
763.7988125
761.804875
767.621375
710.8875
829.226625
772.594375
761.7825
827.12425
747.6624375
767.4798125
737.0085625
826.56325
835.0605625
763.4545625
770.832125
772.2695625
808.990125
863.5813125
801.4786875
877.6235
772.10525
716.1975625
775.9163125
768.5899375
751.9071875
806.454375
837.176625
772.153125
736.2085625
764.950125
738.8934375
721.920125
735.73175
755.07625
819.096625
815.868
769.8551875
760.6678125
801.2984375
739.5014375
699.23125
824.46275
744.6750625
809.20075
723.038625
761.8564375
760.3715
719.10125
737.1276875
739.8491875
772.698625
712.2309375
782.0875625
739.3555625
780.29575
739.494875
744.4648125
706.1625
688.1300625
715.555375
828.003375
751.99975
777.250875
772.48975
828.26775
903.77925
734.880625
756.848
787.9878125
782.803125
860.257125
739.9470625
735.713125
801.497125
763.031375
741.2891875
748.0478125
806.34725
806.278875
791.992
805.122875
725.51525
810.5441875
804.99
713.1195625
730.4481875
735.3938125
809.543625
720.9976875
737.8390625
765.8865625
798.998
764.46275
783.66525
797.836875
744.0323125
782.7884375
742.3675
770.1226875
741.286125
765.1858125
736.4010625
714.677875
774.2940625
770.868125
739.596625
867.177875
717.564125
774.0845625
737.6439375
788.54625
836.0011875
729.3140625
766.89425
813.15175
705.6915625
741.3136875
752.1385
840.940125
738.483125
778.3121875
738.7605625
772.2508125
773.4940625
755.4120625
739.0180625
789.7975625
749.3951875
714.5156875
772.7755
717.291625
838.69125
802.748
777.9421875
736.039875
826.01875
732.8378125
781.6506875
746.8565625
794.009375
755.296875
904.8543125
865.8520625
794.082625
781.668625
807.9444375
704.402
829.506125
771.5580625
730.417125
872.521
752.980125
776.825375
735.3346875
757.774625
834.3404375
747.1444375
769.1238125
782.5595
752.217625
771.5471875
763.5803125
771.70075
739.30475
750.77825
713.7594375
780.646375
766.7938125
803.424375
740.8323125
761.9816875
737.0951875
686.4041875
764.88475
839.6095
740.253
755.8378125
807.7604375
751.5050625
772.6720625
705.164625
804.6349375
737.115
773.2228125
737.7791875
842.0076875
767.61225
763.7724375
784.0278125
773.7921875
761.9241875
734.61375
763.6179375
877.645125
735.3795
762.703
754.1928125
766.41175
801.019625
749.7653125
799.7085
737.192375
760.4590625
785.851875
773.3464375
707.702375
715.18225
762.694375
764.0393125
820.24125
713.2320625
737.2533125
862.6720625
857.0344375
753.2814375
765.186875
726.3688125
847.360875
810.9075625
770.781875
711.4576875
826.0660625
715.6145
722.649
724.7478125
771.0480625
772.5519375
761.543125
752.0833125
745.874875
734.5904375
711.9933125
804.3646875
835.3150625
794.8085
836.88725
803.363
748.1246875
807.9663125
763.44575
735.2666875
805.1525625
762.5310625
835.7736875
720.701125
917.1335625
738.6214375
773.3168125
702.58325
794.6785
783.4508125
766.9794375
833.988
751.966125
737.996625
784.7908125
802.9690625
755.0640625
722.4809375
802.34975
718.9158125
827.0505
772.193875
805.4468125
754.303625
762.8905625
739.3710625
754.8794375
776.72825
764.6681875
774.867375
781.76675
737.9564375
819.3516875
786.9445625
758.3283125
807.652125
699.7585625
781.765625
824.7664375
831.930875
688.311
774.8485
760.458625
742.682375
807.1398125
737.0610625
715.37775
780.521625
772.450875
704.8565625
857.3793125
800.6129375
775.80475
777.4860625
869.5859375
779.052
766.2394375
796.7211875
820.173375
752.073875
794.8628125
782.73275
800.2384375
837.8814375
771.14725
734.373875
773.0428125
750.659125
768.2265
770.268
800.55475
735.2845625
886.156625
774.523875
770.0606875
810.0998125
762.837625
762.922875
789.33525
800.6984375
737.3648125
801.37075
829.59525
765.0359375
819.03475
832.008
739.376875
774.9963125
905.3625625
706.5356875
747.2876875
824.7606875
747.641125
746.9335
715.520375
705.3856875
845.776125
780.9329375
797.543
785.6561875
784.141125
775.096375
767.213875
768.676125
810.7304375
720.691
783.3884375
736.0714375
860.0781875
712.260875
726.8995
763.01375
716.391625
785.2123125
766.059875
819.5734375
750.9904375
758.7709375
818.1485
763.556125
762.49875
751.590875
733.1830625
721.2484375
831.505125
767.955375
763.837625
769.2820625
811.4849375
765.3791875
783.29525
748.869125
768.834375
790.2758125
721.87425
740.9165
745.1086875
714.8134375
720.46975
810.0583125
752.476125
796.9929375
765.5358125
740.1489375
758.238375
785.534375
761.6863125
754.219125
755.8005
764.894125
744.7425
771.1845
750.764
759.9299375
720.643
769.937875
706.001125
753.149
714.7495
826.178
760.1955625
769.95325
736.759875
720.01325
793.65475
974.4308125
828.5175625
788.615375
807.070125
746.29775
720.875375
734.6445625
844.402625
763.432
736.17175
801.82225
773.7845
727.07875
768.865375
771.8696875
715.5714375
761.90575
720.82325
766.835125
750.1440625
772.147375
730.49625
769.1425625
739.757125
760.128
805.3955
712.3161875
784.61075
788.55175
706.8269375
765.6035625
760.4879375
806.38125
719.7886875
764.3773125
782.5730625
728.4818125
773.6773125
707.6836875
753.37975
795.1283125
808.4355625
835.37225
880.994375
739.7555625
798.5829375
738.775
826.3533125
725.5173125
791.89675
772.057375
770.632375
771.3288125
802.8279375
809.08375
722.978625
734.1205625
761.5975
803.0386875
783.0494375
784.6246875
722.6424375
754.108375
748.63425
838.4198125
742.76025
831.2603125
776.618625
739.77275
812.1296875
900.23325
752.1513125
712.1804375
747.5600625
773.488375
814.864
772.3291875
778.2643125
709.42675
747.312625
761.9765
775.31625
739.35275
764.7523125
773.7549375
809.0703125
765.0155625
769.3025625
780.5938125
713.1564375
826.8803125
725.9255
800.0866875
782.0815625
780.0800625
753.13175
762.078375
798.610125
824.3716875
845.896
784.40725
729.7134375
770.3714375
706.683125
735.1856875
825.4471875
716.64325
822.181375
810.3728125
740.19375
731.44175
767.5413125
766.5434375
807.3524375
754.0865
804.950125
752.3965
773.38375
770.945875
774.3098125
740.4063125
772.259375
765.46775
766.235875
832.476125
762.2063125
799.907375
754.5874375
774.66
801.4200625
769.480625
781.6075625
803.5273125
736.2383125
739.135
951.99425
838.72325
742.5228125
722.8259375
835.10025
716.5746875
713.70825
762.9679375
744.5001875
703.839875
710.4084375
772.40675
747.4605
736.484125
743.89975
762.48075
734.95475
754.893
712.572125
743.52225
734.4793125
739.171875
763.798875
761.1399375
735.1655625
738.04375
735.35525
762.306
810.9068125
812.0201875
835.772125
814.23625
690.3495
745.4734375
772.3014375
803.50225
824.65675
735.580875
770.5170625
699.4604375
730.00525
743.804
809.10025
762.77025
751.6925625
722.535
728.0135
767.0889375
827.4563125
756.1985
906.046125
762.706125
692.404125
825.6999375
762.5995625
719.9610625
771.5576875
875.0238125
824.639375
771.2036875
698.514625
865.72475
759.21725
760.4934375
753.050625
753.12875
880.42375
753.1481875
762.668125
860.4250625
761.921375
748.806375
772.3879375
878.14725
827.3058125
735.6015
766.2966875
767.3526875
760.05125
840.686625
773.0904375
819.891375
785.0819375
716.242625
741.2691875
704.1196875
825.0761875
767.0573125
705.576
717.3999375
787.704125
736.564875
707.97475
781.5873125
763.934
750.6674375
719.2936875
834.86225
733.3016875
799.9665
722.842
741.07775
717.503125
743.4233125
762.3129375
770.4961875
752.0785
739.6388125
740.6428125
734.2274375
899.2360625
827.9471875
761.6685
792.385
822.28175
753.5618125
765.7915625
771.02075
704.6741875
768.959625
761.501125
746.328
791.090625
741.261375
767.937375
769.72275
778.02875
771.113875
724.866625
803.29225
748.952375
816.7565625
779.1435625
813.108625
709.044125
783.859625
797.835625
810.9705625
800.4371875
836.401875
774.9155
782.202875
749.6811875
829.401875
771.54225
833.25275
763.0589375
719.884375
748.14975
783.2305625
782.263625
778.355125
784.163375
733.0464375
813.3179375
776.0788125
747.3738125
778.2433125
718.9818125
819.699
722.8351875
742.50825
772.0840625
773.306
773.3594375
814.290125
722.811375
739.164375
737.698875
753.057125
736.679875
748.05925
739.6304375
739.0476875
749.7946875
739.350375
776.705125
781.541875
739.8826875
812.187375
777.3309375
824.0206875
784.347625
712.608625
755.749375
761.662125
685.363125
721.1789375
724.8830625
771.9076875
750.365625
765.025
733.2468125
739.9926875
772.2191875
761.7491875
802.6134375
782.9725625
708.145625
711.090375
736.2833125
757.1491875
731.4725
782.5934375
809.928625
734.50925
807.4695
741.422625
786.716375
774.57025
764.261625
762.29375
737.9151875
776.332625
745.85975
782.9695
806.7503125
755.7460625
775.892
747.2696875
831.1514375
786.8159375
684.4480625
841.0020625
835.4058125
743.3674375
816.001625
837.81275
712.1201875
778.0324375
737.1521875
748.5318125
821.301375
782.8879375
772.1113125
873.161625
785.3705
748.2583125
823.1985
771.04725
759.3783125
795.3846875
742.67725
753.091375
718.4039375
810.6388125
777.505125
725.2193125
706.5998125
806.0868125
712.8314375
834.870625
782.7505
705.7806875
858.4095625
691.1226875
762.8169375
697.49125
754.1080625
829.1809375
754.6925
779.20175
800.4409375
757.2199375
747.9746875
779.92475
767.43
739.4774375
752.003375
713.3795
691.1868125
745.8158125
770.4116875
732.0525
734.9646875
799.5158125
748.565625
752.05375
770.5085
772.362
739.821875
763.8680625
712.1315
782.6259375
740.0289375
739.6611875
763.8571875
861.96725
735.2679375
758.5913125
758.0963125
771.023625
763.8765625
721.5668125
729.9298125
752.45075
797.792875
777.8425625
764.9929375
857.133875
729.7229375
763.81475
910.7738125
771.5654375
820.78975
771.6591875
764.3418125
825.1029375
874.8584375
738.9795
782.599375
765.0714375
802.349625
699.4885
700.385875
738.71025
712.23375
820.9338125
717.7284375
770.675625
762.235
717.3341875
703.1138125
766.4233125
785.3865
712.9324375
722.75425
747.1631875
762.9963125
736.69775
743.196375
811.1838125
862.95825
802.7375
749.5336875
772.2585
732.09
712.102125
784.5786875
803.447875
737.3434375
738.184125
810.799
836.302875
767.17325
774.86075
749.657875
802.38
769.66775
751.09525
773.1869375
772.811125
749.83275
746.535
699.5143125
748.0775
752.178375
782.196
723.9218125
753.2576875
701.982375
732.16075
748.5313125
768.341125
719.484875
958.7805
769.6983125
688.9291875
752.8406875
768.3635
735.2458125
717.4418125
802.9120625
737.044
731.8704375
717.2371875
773.5804375
713.0213125
783.4253125
875.4686875
777.7875
719.7263125
697.5805
758.870625
748.4526875
764.0139375
706.581375
781.599125
732.100375
741.6604375
713.757625
730.867
736.03075
743.789
712.2861875
800.7958125
825.9044375
720.5449375
824.380125
757.5013125
809.6765
739.633875
787.615125
772.9879375
786.92725
785.378125
751.6564375
754.449875
751.9155625
764.574375
772.3588125
776.193
738.8033125
751.90425
716.5380625
793.4619375
747.38575
839.5779375
763.571375
751.671375
734.5689375
802.8618125
802.9293125
769.6325625
767.5621875
726.331375
783.068375
732.453
862.4696875
830.4826875
758.221625
713.1804375
763.9244375
706.21
762.290125
769.2154375
857.2350625
806.8156875
782.257375
801.011625
766.6544375
867.22825
700.5974375
807.9621875
907.5348125
776.1325625
691.3775
750.2194375
770.8255625
779.293625
765.0751875
808.6549375
753.9618125
781.04125
740.3109375
797.8533125
803.9774375
785.627125
764.355125
767.0255
834.80975
801.59375
750.7138125
747.3285625
729.9918125
769.029625
857.2940625
717.072875
725.0724375
779.2464375
762.3533125
772.3538125
769.2330625
697.7041875
762.1469375
748.14825
779.015875
761.8474375
735.743
784.5821875
765.490875
861.4575625
802.2504375
736.3175625
739.1686875
700.5980625
904.9066875
752.6265
768.4285625
739.4276875
735.96325
771.9580625
750.962875
879.233375
735.4491875
759.0655
759.817
807.3375625
737.063625
754.9956875
712.60675
793.410875
747.62175
763.0808125
776.3943125
759.6415
707.9963125
713.09175
795.817125
744.4929375
721.2309375
734.27975
714.26
801.976125
809.1618125
802.8704375
832.136875
774.1138125
763.68275
736.1255
794.316125
739.9135625
751.350375
793.9565625
804.243875
869.35925
717.335375
729.1090625
716.7218125
805.757625
800.8196875
689.5030625
718.8519375
746.52275
902.0246875
768.665625
734.70125
781.4763125
801.6365
751.002375
830.8465625
717.3165
763.1125
697.98
790.128625
710.691625
799.593625
745.3400625
831.1425
782.9273125
737.1954375
754.3115
771.8970625
804.0585
746.99
764.678
771.0445
746.7233125
743.3808125
770.753625
755.339
796.313875
768.800125
723.26
734.6126875
809.5108125
746.036
796.809125
775.3814375
797.22475
769.8766875
784.512125
809.5549375
731.6740625
724.28775
807.7265625
786.726125
789.658375
865.5955
797.6888125
750.3490625
723.39975
704.11875
782.9819375
903.1551875
850.081125
773.056125
731.961375
766.5486875
755.8150625
796.8381875
767.66525
772.760625
824.224375
779.27775
717.2726875
723.0841875
818.4554375
720.47775
688.8251875
737.9451875
858.748125
771.484125
750.3900625
803.8794375
748.647375
805.0243125
779.78725
771.942375
785.347125
746.887625
861.516875
770.345625
791.2516875
865.432875
789.170625
717.1740625
757.4724375
743.1873125
754.2374375
740.8124375
839.2385
712.6605
751.6383125
719.0003125
748.3900625
808.8941875
770.8784375
770.6221875
716.1356875
831.2793125
800.479
736.2168125
808.7611875
837.412875
764.7201875
764.144125
850.887
732.4228125
840.714875
710.7195
716.0219375
751.103375
772.956625
809.789875
819.4606875
790.0928125
856.232375
769.551125
810.697375
835.36825
750.8668125
798.6745625
721.3375
716.944875
726.0103125
705.2303125
723.0735625
721.1905625
739.0775
772.0339375
741.8171875
743.97325
721.2249375
837.9275625
737.10025
772.2115625
720.8805625
803.7924375
813.2374375
821.194625
775.755125
773.172875
855.844125
861.1415625
770.967
736.087875
755.11425
762.595
745.2423125
739.9729375
821.7554375
746.7460625
768.9589375
769.0661875
839.453
717.2165
763.292625
723.7818125
825.439125
706.512125
732.053375
779.7615625
753.8588125
774.175
749.6935625
754.846375
770.179
765.333125
805.089375
818.522875
820.6016875
800.774875
784.2335
770.901875
764.7095
826.45425
736.2845625
738.7876875
749.8228125
792.0374375
819.183
712.55
771.772125
763.11875
730.0335
736.384375
752.17275
734.657875
734.901375
859.2861875
772.449625
909.7560625
750.152
764.9005
770.164125
750.5593125
772.8385625
948.5453125
865.4185625
707.2914375
736.5989375
879.440375
771.242625
803.751375
744.263625
773.2928125
743.68175
714.169125
762.6744375
773.4490625
747.067625
865.072
763.7878125
749.6114375
781.787
787.17625
767.537625
772.032375
863.0479375
782.5518125
802.9971875
714.448875
742.4493125
784.6053125
749.1440625
785.06075
724.0210625
769.1936875
754.730125
877.162
778.9235625
809.8703125
805.160125
743.60975
737.7915625
730.9555625
783.3445
793.139625
722.707625
783.449875
802.0218125
753.2708125
721.2599375
771.9805
734.811875
735.9874375
785.4606875
782.659875
808.3444375
770.63375
773.2023125
773.4169375
778.877625
727.4936875
830.611125
772.9720625
832.9775625
814.4678125
762.116625
750.0660625
755.135125
834.5026875
795.0555625
824.3141875
778.1433125
719.511
747.1109375
744.300375
764.0608125
737.0150625
803.65475
812.47475
898.306875
742.446625
794.51375
754.7129375
781.930875
809.0068125
673.7753125
779.3034375
718.0234375
776.7961875
723.8753125
781.613625
750.200875
732.8648125
806.668875
738.59275
767.0233125
749.298375
827.4615625
747.6885625
750.169125
751.9085625
773.4174375
770.5096875
823.858375
769.25725
857.2336875
802.862625
729.80975
783.980375
711.241625
809.680375
835.425125
772.474125
776.296
762.140875
749.1396875
738.4005625
859.872625
715.753125
773.741875
762.8374375
838.118375
810.1086875
770.956125
794.3555
763.5883125
763.1013125
751.432375
768.716
769.77075
780.7135625
747.891125
729.946125
782.436
780.43075
816.9033125
766.5729375
729.249125
766.6054375
804.4416875
747.285625
830.9376875
811.194875
769.9796875
751.3983125
768.153875
714.269875
734.80325
750.5418125
729.835875
795.9055
748.611375
809.93025
750.343375
712.20075
858.1731875
686.6173125
822.74025
752.30275
739.773375
699.371
709.8156875
772.9496875
803.156625
792.0499375
878.7755
831.2211875
798.582375
769.5653125
777.6419375
806.58075
762.3878125
783.5778125
783.0326875
784.8581875
774.859
713.4919375
828.69375
768.421625
805.946
746.433375
771.73125
762.424875
773.350625
707.6650625
783.1026875
809.87475
782.410125
815.0706875
769.2576875
830.7585625
754.497375
720.6766875
804.7169375
812.92575
770.1689375
834.785625
808.719125
736.5225
733.444125
799.84325
750.9048125
828.578875
740.12875
743.3721875
751.0485
763.03425
792.3524375
717.2775
734.13525
893.0281875
771.4188125
749.8263125
797.2495625
780.3548125
832.3119375
769.988375
712.62725
758.827125
782.72775
783.492125
754.6973125
750.5863125
739.825375
717.2449375
712.104875
698.6284375
769.106
782.6545
719.005125
771.4774375
809.32625
822.4355
809.2714375
807.565625
825.3903125
742.6234375
778.83375
686.6554375
745.92625
802.2385625
815.6780625
707.808625
749.2664375
801.6455625
766.752
754.145875
770.8148125
753.54675
738.5334375
703.7983125
776.22475
779.7773125
734.6549375
707.434625
871.9175625
775.42575
734.969875
716.165875
712.9708125
722.67675
755.0928125
803.4858125
766.0980625
736.4449375
806.9175
754.87425
783.42725
806.5844375
817.6264375
766.2283125
825.843375
762.4193125
715.485375
715.6396875
736.05975
765.8385625
785.7399375
785.60025
717.0653125
846.3286875
699.4430625
787.21675
777.2823125
787.80425
805.569
737.50775
737.29025
707.7355625
766.003625
779.2235
797.4090625
691.91275
900.345625
730.131125
824.5263125
729.391125
792.24125
769.0653125
773.45225
801.261625
726.141375
736.915625
754.0635
780.322375
851.312875
773.5075
746.8769375
712.801875
755.8130625
738.806375
713.32075
816.4281875
722.69925
846.4136875
719.9845625
774.8328125
774.2325625
769.4428125
761.96
734.305
750.196125
747.9454375
759.0785
866.1475
802.6919375
789.5799375
810.0439375
774.3478125
753.9320625
874.16725
774.226875
736.124375
786.81125
751.4413125
778.204125
836.1118125
754.6619375
776.39
766.2083125
747.6466875
832.0403125
768.0195625
751.95975
808.5488125
789.598125
714.5130625
717.2478125
801.7644375
779.590625
832.07675
770.67675
763.61075
825.8265
717.24975
739.6260625
741.1789375
736.505
789.101125
752.77025
764.3263125
691.436125
744.7134375
771.7616875
701.2868125
754.237375
772.0116875
738.969375
753.5264375
775.4728125
763.6111875
806.3949375
743.5265
705.683375
803.513625
789.121375
781.453375
761.8546875
772.5324375
808.908125
768.140375
798.06825
699.6726875
732.0095625
758.474875
702.3901875
739.9053125
769.0888125
767.536375
768.27575
755.2830625
780.99525
765.6601875
781.797
767.468
737.6408125
734.3934375
781.9379375
799.139625
853.7159375
801.0135625
712.999875
808.72625
816.3776875
803.751125
772.503375
759.3244375
751.2370625
843.2309375
687.1696875
772.9108125
790.6160625
731.697125
782.295
738.6751875
762.1618125
770.53575
751.9955
768.4804375
757.1945625
714.7835
714.272375
754.422625
753.5955
858.995625
811.435
802.327125
712.98025
809.8663125
734.1886875
767.1380625
769.81775
790.282625
809.456
754.089125
739.5271875
737.018125
734.9738125
760.105125
739.446625
706.49975
776.043
740.602375
747.05175
730.380875
810.1823125
832.9991875
706.005875
736.399
806.4923125
778.3336875
771.792875
780.6423125
801.9079375
763.3755625
685.3151875
771.3743125
736.2953125
720.262125
736.349
698.751125
897.2170625
808.85575
845.96525
772.3526875
777.1763125
879.4989375
774.8631875
816.00975
736.3029375
803.64725
738.6135625
739.407875
753.9271875
836.5001875
821.316375
761.909375
754.3428125
907.2221875
763.17975
742.166625
773.0054375
839.894
896.283875
770.16675
750.6648125
752.9443125
719.9750625
768.5921875
743.7950625
832.2535625
740.2935625
745.25675
735.991125
752.1601875
768.824625
803.9185625
933.930375
772.3513125
725.9349375
795.6744375
723.136125
722.7254375
808.5145
808.904875
737.719
768.5933125
829.125
765.9976875
761.6884375
749.8749375
831.4295
799.529125
734.4065
753.39575
754.6928125
752.111
739.846
770.7210625
808.212125
757.619375
736.3454375
736.191625
801.831875
765.9846875
777.51175
765.33475
688.969875
804.037
726.96925
701.7983125
764.6459375
808.5400625
799.15525
746.909875
761.9674375
749.152125
828.8676875
730.6909375
738.199
735.8575
754.742
734.3605
754.6621875
812.35475
772.8645
770.4450625
768.768
786.922875
737.7709375
734.05525
772.0920625
873.2838125
800.67025
806.050125
774.1465625
747.6705625
789.796125
789.258125
737.1935625
738.8319375
742.79475
749.7385
897.60975
784.588125
763.9299375
790.115
749.5986875
780.0975625
722.7395
763.2980625
759.1345
770.4135
778.294625
784.2781875
808.555
767.326375
785.633125
809.9584375
768.423125
780.2088125
764.9336875
785.3884375
683.1603125
831.7468125
775.404
758.5824375
765.586
750.570875
740.1214375
763.4799375
804.972125
794.2359375
754.9378125
758.6134375
761.9593125
734.1076875
698.6571875
706.4479375
772.6086875
810.833625
760.305875
728.4366875
768.93925
756.4550625
765.413625
734.89175
847.239875
698.566375
727.1905
808.4493125
758.1119375
807.3079375
814.0310625
754.273
704.5646875
765.937875
818.7576875
754.482625
749.8391875
796.4445625
785.608875
753.2206875
811.8063125
767.1680625
773.3185625
785.591625
716.6691875
826.10625
754.85575
772.59475
745.3953125
769.52
828.1106875
750.4553125
809.0264375
767.1895625
734.5091875
832.57425
791.2721875
714.21925
766.7204375
707.8570625
688.2743125
747.1843125
752.6076875
714.458375
820.6594375
769.0234375
765.1830625
864.00625
742.7483125
735.1371875
789.9253125
764.1065625
750.7850625
694.21875
792.75725
764.239625
770.241875
778.757125
780.155625
830.6719375
757.1179375
807.5014375
772.46425
772.5515
769.5
760.5326875
751.066625
806.2494375
740.1680625
767.963125
778.5046875
749.5371875
772.3638125
691.2985
752.0500625
773.6468125
737.607125
773.4219375
769.439875
851.30775
762.34575
876.9990625
760.6065
709.8373125
787.6674375
775.4774375
726.121375
753.1864375
805.0491875
753.694375
810.7424375
810.810125
776.04375
793.2305625
764.2709375
763.653875
755.399375
725.211875
775.7453125
848.9691875
725.401
795.504625
834.1556875
717.02525
762.3330625
807.3630625
722.9735625
817.5334375
745.7164375
737.62075
734.7004375
771.2834375
770.6946875
843.593125
768.8161875
717.631625
717.1856875
770.2316875
784.1688125
715.332125
745.1545625
761.3939375
762.35875
773.5434375
716.2759375
772.398625
789.4265
739.15425
978.6800625
761.3075
739.0825
820.6034375
751.9329375
810.421875
746.641875
773.33425
710.0531875
748.36975
739.5676875
752.151625
729.167625
753.3176875
700.3433125
883.482125
716.4833125
779.6438125
827.900125
852.224625
712.7055625
718.111375
738.829375
747.6485
746.7408125
752.458875
765.8531875
781.286875
736.414125
810.817875
723.5083125
782.7818125
745.783875
722.6503125
808.3359375
749.879875
754.5585
783.826875
735.0660625
785.6436875
765.9638125
772.9796875
776.4696875
957.21425
739.6523125
702.4520625
742.1559375
880.987
739.375625
768.9838125
739.1710625
766.1779375
762.6466875
754.5836875
808.666125
722.58375
691.3194375
798.1376875
827.4691875
736.824625
763.6764375
740.16825
739.3683125
737.7410625
743.0251875
743.1079375
749.7
722.7785
776.51575
831.2765625
734.360625
769.1625
805.055125
728.556375
764.4490625
778.8104375
745.439875
750.7674375
746.8060625
728.5998125
784.6415625
763.3955625
756.7035625
827.828
762.6753125
754.9115
753.1781875
748.9523125
750.8035
804.68075
739.1910625
769.289875
748.4908125
766.9845
804.61975
880.9791875
813.7355
738.927625
757.38725
705.6218125
772.58275
757.4940625
722.63575
779.532125
838.0445625
736.70075
705.59225
722.9091875
766.5835625
730.745875
808.8385
830.8175
808.968625
804.5534375
754.406625
832.710625
772.2941875
793.2806875
804.516625
789.103
751.60625
763.062875
839.5346875
736.892875
712.444125
751.71275
768.4569375
754.289
769.2684375
747.865625
783.8556875
795.0911875
728.7094375
772.148375
734.8176875
782.6313125
767.4865625
741.139875
711.26825
751.868625
748.1701875
744.6674375
902.4806875
747.7090625
782.4770625
746.90725
765.279375
723.0060625
767.6045625
793.968625
762.70925
808.2851875
811.11575
740.466625
742.8475625
808.3939375
803.6361875
767.6671875
788.829375
752.297875
695.9045
845.0165
835.8005
784.360375
704.94525
832.742625
754.3100625
809.6065625
782.4869375
724.5219375
787.1565625
814.8910625
753.656375
751.923875
801.4975625
762.21275
875.951375
766.9434375
826.40475
740.3320625
806.952375
786.905625
781.4389375
774.4081875
749.9306875
683.263
776.179625
779.0940625
707.7390625
810.350125
722.8643125
855.935625
748.09
737.08575
771.6291875
734.719
764.172875
784.4720625
712.951875
753.7553125
753.0438125
774.795625
732.227375
753.7995625
752.1849375
753.2481875
838.8106875
720.826375
806.8494375
784.5949375
848.339875
858.348125
786.2226875
777.40475
765.7069375
717.536375
772.2885625
793.870375
734.9110625
783.26
735.132125
831.492125
739.1964375
718.0185625
726.4968125
750.7619375
771.4254375
747.60475
774.8225625
811.6105625
731.3045625
793.1340625
891.13575
791.704625
752.908
748.3383125
766.485125
843.1388125
740.01325
772.62775
809.2276875
750.151375
738.973125
764.991
755.5009375
784.68525
761.8768125
803.107125
771.271125
762.074
717.2629375
715.43525
749.47975
781.1898125
804.9363125
771.444125
738.874125
747.3061875
834.102
775.9079375
763.745625
785.3285625
792.0664375
739.314125
736.8526875
842.0703125
795.472125
748.5999375
740.5038125
744.84875
747.8943125
770.324
749.68325
764.796125
828.7766875
820.2379375
717.2931875
772.74025
838.664
759.3994375
879.963125
778.583875
751.68625
738.5878125
864.023125
717.240125
761.7526875
786.46475
786.1933125
801.5794375
884.777
755.2985
792.9895625
815.900875
750.9084375
762.4085625
764.7929375
740.3873125
738.8249375
818.031875
806.244
869.739125
701.178625
774.3059375
704.9956875
771.8569375
774.821875
835.036625
750.06675
734.49375
774.855
737.05175
708.1670625
801.53175
762.0653125
700.5679375
832.9886875
811.1150625
750.4625625
866.582625
773.0141875
781.697
806.2391875
754.625
730.602625
840.851375
740.6636875
716.2515625
716.636375
873.3091875
762.1393125
781.824
722.0423125
713.767375
821.2383125
781.351875
805.4105
749.9958125
771.879
762.6955625
744.264125
763.8255
766.5575
753.11275
717.9610625
811.0550625
766.8489375
803.5219375
870.984625
779.319375
835.8215625
770.173875
772.0505625
811.169625
810.860375
714.6383125
753.3186875
725.66975
729.377125
720.6625
808.94625
725.006125
808.3893125
817.4911875
786.0199375
783.66825
735.7234375
810.5985625
748.320375
739.2404375
835.7114375
780.909125
737.6105
830.180625
802.77675
754.2918125
717.9909375
744.39125
835.1795
804.062875
754.258875
699.85875
770.22525
816.653125
806.0705
715.9158125
765.395375
759.136125
736.2891875
735.032875
925.2263125
857.5165
818.104
802.357125
726.710125
896.806875
730.1128125
776.72975
751.635
900.034625
748.9536875
789.8131875
736.0694375
773.76075
717.2535
712.6165625
732.4339375
864.9795625
721.40075
739.7003125
760.6035
759.71625
770.0491875
748.6864375
798.146125
775.274
732.28875
774.5225625
739.577625
738.053
860.930625
751.8266875
805.017875
761.9431875
764.533625
750.462
737.8895
779.4709375
787.2874375
714.4978125
757.2644375
732.8031875
801.4858125
765.8150625
778.7808125
807.88275
765.4094375
730.357
699.215
856.946125
803.497375
784.7883125
838.700125
865.170875
746.9061875
772.0758125
705.7248125
706.188
772.35325
814.379625
759.2401875
781.5589375
762.6910625
793.33475
753.84175
755.28725
738.7349375
790.5231875
858.2815
722.8266875
816.9498125
762.4201875
758.8764375
795.3453125
739.38675
748.8259375
767.5779375
762.4686875
809.509375
739.2229375
751.2774375
700.476
872.0756875
702.4375625
745.1186875
719.4043125
772.7025
762.0899375
753.108375
727.7020625
814.225375
785.4859375
736.562
781.201625
707.927625
889.7664375
778.0520625
725.694625
764.8350625
786.3715625
767.8905625
734.4913125
743.0234375
745.2463125
738.214
722.11075
731.9259375
877.4858125
774.8486875
780.4663125
752.2675
768.5214375
714.318125
814.2970625
755.110125
716.1484375
764.6193125
809.9945625
757.1128125
729.6284375
753.3578125
757.36925
899.1136875
688.6876875
743.7249375
752.9125625
785.510125
736.1334375
768.8091875
713.664375
776.141375
872.5001875
770.5043125
782.3576875
747.27225
769.32325
738.0478125
738.83525
769.3139375
826.266625
802.624375
761.560375
728.0521875
801.888375
748.555125
762.4945
706.735875
812.6328125
784.539625
762.0623125
722.6155625
740.1035
734.9446875
784.81275
838.688625
728.75325
719.645
780.457875
836.883125
737.8276875
790.303125
724.942125
773.2431875
735.674
747.930125
793.15675
720.1048125
764.9190625
751.9496875
720.82175
761.950375
823.6303125
773.2411875
709.4476875
699.5846875
864.0250625
809.8695
801.76725
771.236125
928.5473125
771.4676875
799.792625
722.8009375
751.55
721.1565625
886.3265625
773.257875
784.165125
773.833
763.3673125
773.078875
789.2989375
818.2758125
746.5354375
788.7660625
750.7785625
842.617875
686.1505625
738.9253125
784.67975
775.402625
805.140125
760.0455
775.66775
773.2125625
746.6349375
826.93825
723.3011875
766.266375
808.6376875
778.0625625
799.8071875
698.8841875
717.1365
766.884125
895.897
750.7314375
730.154
778.025875
783.4370625
785.880875
722.6589375
780.758
762.59275
805.6961875
798.7784375
738.66725
761.8154375
751.63025
752.0159375
738.9659375
835.53275
704.258
770.729125
750.295
764.6041875
876.9290625
760.1993125
795.4676875
770.6589375
783.6618125
766.1196875
764.1170625
751.870875
777.768
719.687625
804.9311875
763.85475
813.7423125
769.982125
782.09825
762.22225
771.7811875
781.9133125
852.9971875
741.3299375
775.1171875
763.4476875
771.0683125
764.8106875
805.699625
741.7483125
784.7253125
747.003875
802.8788125
783.3898125
794.214125
801.7458125
761.6965
811.3844375
772.4113125
736.8790625
771.77475
765.759375
739.90125
754.98625
773.2195625
782.1725
809.3995625
728.740625
734.900625
767.5059375
812.1086875
798.2070625
803.53625
782.979375
777.2213125
725.888125
748.9765
766.8096875
767.7635625
746.825375
724.125375
762.683125
732.722
727.7065625
754.2444375
771.0798125
687.02075
767.7008125
810.2453125
749.6815
761.9181875
726.1308125
750.7483125
807.2408125
877.48575
749.75575
753.8015625
759.2059375
716.2063125
808.8496875
741.819375
758.41525
789.725625
721.691625
833.1203125
787.967875
779.451875
774.67675
806.3891875
727.067125
727.3285625
736.6505
785.4383125
778.91575
748.0680625
738.936625
699.67375
840.01525
766.9194375
715.153375
726.2950625
754.414
783.5821875
986.18275
755.2551875
862.7745625
766.840625
739.24175
758.1870625
753.09325
780.08775
739.635125
767.5850625
748.2798125
778.495125
849.066
737.5724375
831.9196875
796.2973125
804.591375
830.2625625
768.1094375
753.175
834.0645625
754.7494375
771.966
770.563875
809.4739375
809.01075
712.756125
782.0654375
758.813125
782.349625
715.727375
722.0355
744.7061875
783.0903125
757.3126875
767.8994375
765.3579375
722.989
736.343125
767.2426875
732.650125
810.1185
751.7813125
791.814125
857.861125
768.97525
804.8760625
832.6979375
816.5638125
772.120625
722.87325
751.0685625
754.765625
723.252125
771.388625
715.648375
790.4941875
789.873
807.4771875
709.3206875
741.8770625
754.2329375
762.2438125
776.111
677.7284375
751.4731875
724.2490625
773.11425
748.4249375
752.352375
754.3350625
833.5974375
808.3863125
