139.701859375
45.8739375
62.268828125
93.683296875
24.567072265625
16.3193564453125
310.97321875
7.18021875
127.068359375
108.3332421875
42.196984375
40.36040234375
49.5422734375
54.4513203125
50.9078203125
47.19644140625
16.1214736328125
22.833474609375
67.400375
16.0448935546875
24.837681640625
10.6825322265625
33.68846875
31.52315625
104.5045234375
14.4243759765625
25.11926953125
57.58816796875
22.41283203125
14.4093974609375
7.2425146484375
98.6159921875
86.9353984375
117.2411875
50.4178125
27.326796875
49.1896953125
127.2845078125
25.42033984375
4.63076171875
257.15740625
43.8091953125
50.05446484375
12.3622587890625
21.319185546875
106.0419921875
55.90038671875
6.4832412109375
97.4851953125
29.74452734375
39.7255625
107.5436796875
18.14293359375
13.47384765625
51.42980859375
6.03918115234375
46.8703984375
12.0160087890625
39.1230078125
11.1635546875
11.683115234375
32.579689453125
51.14141796875
77.4156328125
29.754568359375
55.25307421875
63.48785546875
45.45697265625
11.9695126953125
11.9064853515625
52.24855859375
7.43645654296875
23.545361328125
176.59934375
64.86943359375
37.011609375
129.123984375
34.49214453125
27.919392578125
69.12459375
91.5056640625
3.74006201171875
73.1390078125
19.86851953125
21.319759765625
11.9769404296875
69.9677421875
36.066421875
12.462947265625
43.03259375
31.87471484375
18.617337890625
16.06652734375
119.6475859375
18.299376953125
103.8834921875
38.39583984375
18.9981875
60.44843359375
71.509515625
25.140455078125
1.7606407470703125
4.18319189453125
49.83396875
251.003234375
228.7554375
26.6600234375
174.000484375
19.8048671875
12.5285966796875
46.79633203125
88.2272265625
44.147125
55.5542109375
23.722267578125
14.3154541015625
78.4252890625
140.085078125
55.4701796875
342.2285
191.606109375
21.769431640625
197.14846875
10.85437109375
128.2356953125
85.28715625
23.387904296875
20.98444921875
49.55514453125
74.6140859375
128.3459765625
25.194923828125
68.444359375
16.70878515625
39.5183984375
64.70276953125
10.1185849609375
52.20719921875
21.98847265625
55.8700625
82.200609375
53.6729609375
41.35970703125
180.694125
29.153373046875
61.29182421875
24.414759765625
64.4465625
68.32996875
90.9397890625
87.634484375
122.8621328125
311.05396875
23.69214453125
11.9416376953125
23.729876953125
3.089808349609375
46.33782421875
81.2884375
67.2101796875
11.0749912109375
10.4753486328125
17.0580703125
377.250125
9.3456142578125
15.7242568359375
29.8365
39.576171875
60.1979140625
66.2440390625
9.380701171875
20.677552734375
12.6871904296875
53.0580703125
155.93603125
36.44233203125
25.99702734375
21.65146875
3.738696533203125
26.552345703125
36.30133203125
7.94480859375
126.683375
158.596671875
58.5659296875
22.523751953125
367.18371875
6.6377197265625
70.12484375
10.14660546875
15.6359921875
29.810564453125
26.14191796875
58.36383984375
29.96541796875
60.70172265625
166.023265625
119.3679140625
44.887265625
77.2842265625
64.827125
115.6022578125
17.4746875
4.6639130859375
44.83891015625
56.13901171875
4.2317177734375
49.61178125
24.9016640625
70.78596875
33.355328125
15.490638671875
50.42166796875
9.6971123046875
51.1746015625
23.48669140625
132.964453125
11.6153154296875
41.3527578125
55.59110546875
55.9961796875
110.1398828125
10.3797724609375
88.4702890625
87.7155859375
2.473882568359375
32.596841796875
21.951208984375
23.427083984375
40.4285703125
17.677361328125
128.8017421875
185.3605
38.676234375
74.0558046875
93.0037578125
59.18618359375
117.8018359375
86.3399375
46.72769140625
30.20073046875
18.85038671875
50.86428515625
18.885560546875
13.1361279296875
11.4845693359375
319.972375
38.96961328125
40.10342578125
11.5872685546875
56.65125
24.472736328125
7.09071875
53.08971875
161.17628125
30.71773828125
33.7478515625
64.2508984375
28.609931640625
49.95386328125
47.17547265625
26.31302734375
11.75427734375
26.46614453125
41.20554296875
45.0753046875
12.1952265625
5.81268359375
106.49784375
78.699703125
58.8112578125
21.117818359375
13.46898828125
14.0837626953125
47.82644921875
134.54290625
60.18992578125
7.31284375
44.43994140625
32.137427734375
3.916677734375
29.06262109375
22.882451171875
82.3426953125
52.43663671875
112.1990703125
11.4352373046875
24.02140234375
175.141875
46.96802734375
27.20602734375
18.055349609375
35.67866796875
46.68529296875
39.838703125
11.891140625
60.29777734375
49.65562109375
4.129775390625
32.99867578125
72.522125
21.0936328125
114.947859375
30.4698984375
50.313484375
72.0489921875
23.755337890625
160.8266875
298.8425625
144.4525
114.3142265625
2.1707216796875
125.1699140625
46.92183984375
31.336244140625
10.5182587890625
98.988578125
20.587486328125
36.45531640625
50.36978515625
26.425431640625
93.6983671875
68.7096640625
10.870921875
23.98678125
39.6693203125
93.18128125
63.664421875
22.911572265625
33.37612890625
6.29541015625
21.09008984375
30.605333984375
3.40680419921875
15.5307666015625
62.49628515625
13.2785771484375
48.1690390625
55.771203125
24.966833984375
4.124224609375
100.28078125
18.92710546875
152.064265625
9.7867451171875
11.20669140625
1.9130650634765625
30.1189453125
74.4745703125
44.13723828125
53.719921875
44.8228125
56.2022421875
12.1265322265625
23.901078125
13.050859375
72.2670546875
24.995447265625
73.34503125
5.84614111328125
90.6268828125
116.40503125
53.71737890625
67.924859375
89.6893359375
128.8784765625
2.74434228515625
84.3755078125
51.30926953125
18.386583984375
121.62003125
97.536109375
76.5745390625
89.594015625
134.93609375
73.74628125
226.994390625
76.1649453125
16.797490234375
43.0921328125
41.84857421875
77.066796875
3.709734619140625
7.28752294921875
67.9959296875
75.71209375
44.64281640625
62.047359375
25.10475390625
8.4054697265625
32.5884375
14.691376953125
38.32225
92.1863671875
40.56047265625
25.26625
33.1169609375
63.88281640625
106.0831875
170.479046875
30.174125
40.7242578125
94.2698203125
197.690671875
141.864453125
57.348390625
7.85035498046875
28.690533203125
24.44962109375
33.46701171875
19.54016015625
33.70143359375
4.2097705078125
20.411875
350.74340625
26.894435546875
27.054828125
157.6789375
38.7760234375
12.7497939453125
17.24830078125
227.357765625
177.548203125
15.875021484375
229.609546875
16.430791015625
11.47898046875
40.10484375
3.821186279296875
52.48490625
217.155828125
92.4196171875
74.788046875
36.861515625
63.63303125
40.88805859375
53.8720546875
202.5354375
33.26019921875
65.07671875
52.5955703125
33.21458203125
47.75925
17.102119140625
153.286515625
31.6703671875
9.5445107421875
235.979609375
132.4561875
108.6880234375
32.61614453125
70.6893203125
272.86703125
11.808033203125
25.0942734375
12.283001953125
16.540640625
13.5429541015625
35.52876171875
96.4049765625
81.083203125
40.7123125
168.48821875
5.34529345703125
27.151451171875
179.742265625
58.94950390625
26.147826171875
9.1800498046875
11.0431982421875
93.768453125
129.6909921875
39.53295703125
18.338576171875
71.9254375
29.146673828125
19.8699921875
8.6587490234375
100.5266875
10.2798779296875
228.390890625
21.42003515625
144.962609375
65.36363671875
42.24062109375
9.2371689453125
66.414125
13.66160546875
27.39092578125
16.1011826171875
186.95565625
5.66433837890625
81.9146171875
117.7325390625
57.90290234375
37.96763671875
7.75489111328125
44.06896875
50.93198828125
57.86078515625
19.030990234375
10.5593466796875
100.4753984375
42.285953125
31.809033203125
90.5374140625
42.9982421875
97.15246875
148.978734375
41.90495703125
60.38666796875
42.17109375
308.76496875
87.2466328125
38.00889453125
49.8402109375
106.2412421875
22.565951171875
6.1404521484375
29.6695234375
6.37761962890625
3.755344970703125
12.7501572265625
63.40645703125
110.403375
48.41596875
308.81221875
27.78800390625
56.9478671875
27.75791796875
31.357251953125
25.822033203125
184.514203125
22.2407421875
118.7788359375
97.0011015625
188.48828125
44.4695234375
54.6046875
29.863587890625
27.099625
110.0605859375
4.7315400390625
20.829052734375
26.907837890625
249.61103125
17.006154296875
53.95380859375
54.15504296875
38.4341953125
14.5974697265625
76.9618046875
221.463421875
229.172734375
32.552060546875
100.86559375
77.7768046875
4.1626064453125
101.6372578125
9.0534521484375
10.9511298828125
71.9386875
8.734841796875
26.97468359375
14.366439453125
338.7734375
29.006099609375
16.39426953125
36.39215625
222.991015625
17.973
9.066431640625
44.47199609375
78.39959375
59.11271875
62.5125703125
16.0346083984375
72.233421875
155.479765625
4.21154931640625
86.5223203125
94.4925234375
3.54294775390625
349.66415625
13.0704287109375
118.961625
7.83228125
6.66166748046875
97.4725390625
47.7363984375
22.755099609375
94.695375
30.116228515625
32.63517578125
20.726021484375
36.1997890625
57.77576953125
13.0469423828125
32.3222265625
21.3185625
30.812576171875
134.04228125
21.4762890625
304.47071875
102.2790703125
53.720359375
29.59579296875
8.7553837890625
62.85634765625
35.04996875
97.4840234375
37.71978125
43.43509765625
21.885501953125
36.27385546875
5.05761083984375
8.04349951171875
45.91450390625
22.76348046875
48.1870234375
42.36419140625
65.277109375
125.75140625
12.8690234375
43.35179296875
72.175203125
58.623625
13.45159375
36.5949453125
122.0350703125
307.21521875
49.40223046875
231.35325
27.7288046875
39.18565625
15.535720703125
46.49938671875
19.667623046875
90.31021875
48.16750390625
135.051578125
29.862693359375
41.36737890625
9.3408701171875
86.322703125
45.3193515625
122.58534375
85.900265625
77.739484375
39.44069140625
11.0371162109375
58.51447265625
127.5703828125
158.819
62.7939453125
14.4733515625
5.9151689453125
146.075359375
15.896166015625
45.36208984375
69.5419140625
84.7591640625
28.02420703125
24.92062890625
9.56305859375
71.3838125
48.93668359375
110.24890625
290.55609375
20.897056640625
49.7009140625
11.311365234375
15.6587275390625
377.978875
48.2400625
36.03353515625
18.346482421875
79.794984375
61.399703125
34.2145703125
16.17072265625
48.60786328125
72.5206328125
20.422310546875
5.148234375
17.99709765625
42.2980625
74.087953125
6.7373671875
45.2008828125
86.588734375
77.836109375
52.380125
31.2120703125
18.81370703125
41.83005078125
17.004052734375
204.705875
144.884984375
128.690296875
30.749470703125
12.350515625
26.6156875
16.626748046875
16.631931640625
12.6627490234375
45.65830859375
68.23728125
16.1343076171875
101.798609375
44.76301171875
21.476216796875
13.5848203125
54.1797578125
8.9273505859375
123.09340625
51.42512109375
18.32649609375
6.484173828125
32.99251171875
15.867140625
6.428533203125
29.726037109375
54.17133203125
122.12796875
29.82926953125
29.3952578125
202.550546875
16.462408203125
33.8061953125
45.25445703125
23.66741796875
34.93163671875
64.574765625
55.803296875
32.111349609375
20.614890625
213.0751875
21.428412109375
3.193162841796875
9.226044921875
23.62237109375
33.4943984375
113.4347265625
60.669921875
94.9643359375
21.279861328125
24.904865234375
98.8169296875
41.09161328125
51.69587890625
84.4800625
354.8374375
51.78821875
5.82932470703125
9.21928515625
59.44748046875
16.1612333984375
22.184560546875
38.36562890625
64.59172265625
27.291013671875
36.9428515625
70.616796875
19.19027734375
52.18696875
11.15834375
28.405341796875
40.13099609375
46.01306640625
49.2380859375
80.38496875
26.394078125
92.5585859375
40.15809375
11.1135166015625
8.66324609375
126.3844296875
111.0221328125
100.8850390625
8.127037109375
4.532130859375
31.012982421875
53.0704453125
14.4677900390625
14.5418994140625
42.1339140625
14.4164521484375
31.95621875
19.232931640625
64.7375703125
116.037421875
33.21904296875
20.64994921875
75.035703125
105.802671875
64.83966796875
83.1684609375
8.4074248046875
86.0966484375
128.445203125
11.2690146484375
25.813375
37.01795703125
121.6186484375
54.8405546875
51.72362890625
85.6752734375
49.395390625
30.965876953125
28.3993046875
132.20396875
5.766611328125
27.458482421875
7.78532470703125
9.615943359375
45.6433046875
40.61050390625
33.1262265625
98.948546875
16.49799609375
171.8158125
14.975447265625
2.807614501953125
43.60885546875
52.4265859375
26.1924453125
216.530515625
15.468537109375
17.18878125
156.26959375
24.014126953125
43.50476953125
11.8102763671875
94.945921875
16.537228515625
361.357875
17.762724609375
16.145375
13.5412421875
33.46531640625
27.3498125
11.3064990234375
12.6732138671875
84.114953125
98.4544609375
54.48232421875
52.7474765625
11.512162109375
172.661421875
54.1549609375
33.8260859375
24.95109765625
66.4037890625
50.35645703125
8.15864306640625
68.354484375
23.734537109375
80.3073359375
89.1718828125
85.721546875
87.5814609375
17.806890625
31.594318359375
80.2054296875
9.6172216796875
119.82309375
4.50233740234375
165.048640625
49.0663203125
6.90964892578125
139.5148125
31.59696875
43.41653515625
3.807709716796875
112.9971875
160.555921875
19.671037109375
12.597806640625
24.437548828125
22.498966796875
97.2535078125
17.22404296875
7.438287109375
17.909078125
17.164115234375
39.028140625
9.5571923828125
63.98715625
44.59497265625
20.95608203125
193.0296875
44.57107421875
152.71425
83.2583828125
87.8363828125
19.3070625
20.723875
31.30146875
12.521283203125
33.157859375
124.8424453125
230.537734375
21.931494140625
31.9921875
10.638361328125
10.0228095703125
17.6451640625
58.7896796875
17.343841796875
12.4430869140625
93.8160078125
155.516078125
65.795984375
14.3331162109375
123.736625
73.564765625
86.89746875
7.4310166015625
21.985052734375
34.59948046875
69.22115625
47.4325234375
54.3945859375
36.1545
369.2246875
40.457171875
33.13533203125
63.6666484375
18.364689453125
308.0579375
52.4170546875
12.3476484375
10.4440087890625
89.9413203125
88.21184375
36.06332421875
4.643228515625
14.591732421875
83.474984375
12.798484375
158.17890625
70.72603125
71.7148515625
27.903345703125
7.94335595703125
7.25525146484375
15.556060546875
45.57712890625
8.7455244140625
80.3414453125
135.960640625
33.53965625
214.765953125
25.066572265625
19.100771484375
84.473125
194.774921875
12.7349560546875
56.3465
38.75696484375
84.6031953125
49.836453125
26.291775390625
73.0302109375
13.732048828125
44.20003125
110.0467578125
27.78030078125
274.76565625
95.655625
41.70410546875
6.28956494140625
43.9521875
152.3939375
7.50816650390625
76.4792265625
14.099796875
8.2598984375
27.15766796875
17.26378515625
19.85784765625
15.3799677734375
22.7696015625
56.825265625
18.755466796875
23.558798828125
11.0960234375
94.14440625
132.490484375
248.40053125
209.3086875
121.021390625
11.7844169921875
3.278064208984375
42.48782421875
17.951634765625
22.74193359375
71.18425
93.009703125
100.8930546875
90.4228984375
14.4659873046875
29.37977734375
2.490135498046875
33.6921484375
19.046703125
8.7396552734375
59.9495859375
23.105841796875
45.91601953125
14.8598681640625
23.661482421875
13.835552734375
14.5070009765625
34.16898828125
53.4760859375
6.7134267578125
59.1809921875
35.69530859375
11.9716025390625
44.52943359375
32.81383203125
72.4903125
80.1121015625
15.8344443359375
33.3320625
8.20503515625
113.7394765625
26.39060546875
92.8126953125
29.990513671875
16.3228212890625
186.229078125
104.93271875
11.267583984375
70.2255859375
17.605716796875
9.8315244140625
60.73437109375
20.714375
27.0996171875
18.69711328125
13.8126416015625
153.703
15.4488837890625
20.266029296875
83.7321015625
44.845203125
50.5059375
194.918828125
9.6004248046875
48.56605859375
90.0808671875
56.47625
9.6049375
25.851140625
24.539150390625
54.05078515625
92.259953125
373.0986875
48.47723828125
105.76284375
14.044451171875
7.011552734375
11.515794921875
1.8038128662109374
19.69843359375
21.639142578125
47.9050703125
41.71454296875
52.734
141.45903125
34.8688515625
151.618484375
69.576828125
40.12138671875
29.021826171875
3.877217041015625
30.1108828125
17.5745703125
48.4048203125
8.5177099609375
123.6807890625
138.75665625
4.217568359375
209.346125
4.0055703125
95.7546328125
49.2690625
53.30325390625
21.698341796875
220.677734375
130.181921875
98.5863046875
87.30990625
15.0296435546875
238.176515625
141.69875
38.8736484375
10.050033203125
247.940703125
245.889890625
8.9776318359375
75.842375
2.729454833984375
60.441671875
22.031228515625
40.788109375
10.4757275390625
17.50255078125
46.8433359375
30.9958828125
84.7588125
10.3736337890625
66.9670078125
37.078890625
19.930734375
338.46571875
25.66665234375
31.540173828125
57.37497265625
65.00235546875
45.15640234375
9.568578125
24.73222265625
37.5034375
86.3490859375
8.3908662109375
32.411474609375
9.6918544921875
125.1141328125
81.4036875
29.90230859375
14.138427734375
25.914517578125
15.961130859375
36.60295703125
32.6636328125
27.833662109375
101.8999921875
62.21099609375
87.7028984375
18.589783203125
62.83477734375
68.3979140625
11.9698544921875
12.239583984375
15.800421875
24.607150390625
238.934078125
5.8661171875
113.8606015625
83.772765625
219.827328125
4.002759033203125
18.385982421875
61.807546875
16.178275390625
331.494875
85.654734375
81.8584296875
51.416140625
46.2736171875
94.221328125
111.78690625
23.127734375
11.176666015625
17.115966796875
36.87469140625
80.09546875
49.6760625
23.297619140625
46.19744921875
15.6966103515625
24.6842734375
77.6626015625
30.143220703125
147.741453125
37.3117265625
10.697916015625
26.379947265625
28.402880859375
87.6297578125
112.980359375
20.0014921875
7.89779296875
37.9538359375
55.7481953125
23.93040625
165.62621875
101.522859375
16.4779453125
101.54296875
11.28746484375
31.529884765625
34.5464765625
3.76690087890625
46.87966796875
9.7083037109375
209.863609375
30.786234375
21.3546875
26.661306640625
43.01355078125
137.7245625
184.433
18.20184765625
48.9821953125
118.3531796875
70.514859375
84.03865625
12.87818359375
48.4301171875
158.025921875
11.131119140625
7.98048876953125
15.2796103515625
137.28634375
29.34336328125
7.84604736328125
255.3796875
50.979984375
15.9322421875
37.2937109375
55.030171875
258.71671875
69.6911953125
22.166884765625
63.81325390625
56.926875
13.286580078125
81.5159375
58.48316015625
24.824650390625
56.1207578125
40.02148828125
47.5482265625
11.6002373046875
12.0133388671875
243.72484375
8.1377548828125
256.908875
77.9581640625
47.100234375
101.433140625
5.7926240234375
148.157859375
175.546203125
51.59862890625
82.6166015625
45.28806640625
184.112140625
26.931216796875
47.6299296875
25.198134765625
142.02103125
31.8130625
57.688171875
105.006125
40.9903046875
106.68621875
17.156619140625
11.21660546875
19.291775390625
79.857203125
17.35240234375
347.423375
35.9854765625
3.55375634765625
284.52071875
61.9595859375
19.64330078125
120.3898203125
79.146875
52.6490546875
1.1603818359375
136.6435
18.526587890625
71.73628125
20.093955078125
36.085140625
13.2060849609375
118.144796875
23.69451171875
207.2806875
7.072193359375
267.47253125
136.1326875
5.93889599609375
380.978125
189.082140625
102.5170234375
35.84319921875
138.935546875
15.9013349609375
94.8055078125
83.4078125
26.413837890625
19.776158203125
21.611845703125
39.27985546875
153.57953125
81.29371875
90.482921875
41.76908984375
61.63719140625
36.70335546875
24.877236328125
13.5528037109375
25.7200390625
29.371625
27.92808203125
6.51688134765625
19.17648046875
62.9416484375
42.082484375
15.2918095703125
258.509359375
19.790279296875
17.854578125
22.14898046875
11.79081640625
4.7577470703125
17.15415234375
59.405453125
96.8993125
98.2016484375
23.848228515625
2.162193603515625
202.18890625
191.941796875
77.4500546875
12.9519013671875
110.271078125
64.6378671875
16.421427734375
30.915673828125
5.5284501953125
25.68409765625
68.2778984375
281.3365625
98.9326015625
8.4210185546875
31.632689453125
13.159533203125
51.4137890625
9.47559765625
12.8423193359375
31.41534375
10.28116796875
47.54976953125
17.079220703125
35.90478515625
96.212453125
20.38490234375
15.3699521484375
5.08121630859375
70.447953125
72.126359375
65.13640234375
93.020015625
131.94978125
149.307859375
211.914859375
184.84153125
44.14987890625
24.507408203125
23.07216796875
2.796945556640625
26.97196875
44.0123671875
134.39303125
51.67912109375
59.55754296875
1.320957763671875
41.490265625
59.10635546875
13.761623046875
96.2845859375
104.1000390625
37.865390625
10.89518359375
21.9295625
24.856787109375
8.00408447265625
31.01911328125
150.27409375
15.7269013671875
59.4293359375
6.68927978515625
91.126109375
41.34710546875
34.52240625
65.48074609375
30.9127421875
79.307234375
5.02259765625
32.293107421875
69.762765625
139.82075
35.2520390625
37.981734375
9.4663232421875
226.4585625
10.7995400390625
7.85699267578125
255.70175
35.895546875
114.5935703125
194.908109375
71.4499296875
58.360078125
13.7041767578125
38.03415625
7.00185302734375
35.86210546875
38.40709765625
356.8623125
184.257609375
1.5567889404296875
23.876515625
37.9903984375
91.04953125
120.159765625
67.6586171875
128.924328125
85.822921875
332.15553125
129.6459453125
126.2158828125
34.637671875
8.6758427734375
15.4463056640625
60.74865625
57.71632421875
26.605888671875
49.93561328125
47.71328515625
8.9791181640625
44.33315234375
207.919140625
23.027142578125
17.666873046875
22.4285390625
11.827541015625
43.784265625
11.1814833984375
38.18442578125
51.16327734375
45.31051953125
46.33855859375
22.583869140625
58.85475
4.329095703125
28.15316015625
15.8296650390625
28.78525390625
293.93434375
1.2464072265625
357.5778125
33.3608203125
68.137546875
17.7737734375
36.30372265625
47.40037890625
53.35780078125
51.55864453125
26.46534765625
15.322107421875
78.1846328125
6.55507470703125
115.7666640625
5.227724609375
116.16546875
131.30490625
73.8532890625
241.210390625
33.2303046875
12.964474609375
17.8193046875
14.180001953125
51.7753515625
22.245220703125
1.841854248046875
57.48428515625
70.215671875
37.19029296875
125.4511015625
50.53138671875
146.032484375
303.9324375
186.58159375
15.71853125
26.38151171875
14.7027978515625
42.11155078125
8.88323828125
28.3055
2.126033935546875
74.4059609375
7.609310546875
44.1696953125
21.756033203125
94.370890625
43.4184453125
60.46966015625
36.687296875
28.80458203125
80.03
190.242796875
23.2021640625
13.10696484375
42.4860703125
56.5533828125
341.833375
11.334013671875
40.8610859375
61.3677265625
85.9681171875
20.9754453125
23.7537734375
35.86355859375
10.7491474609375
94.38434375
4.055078369140625
142.210375
6.14092724609375
66.11684375
5.433515625
21.499392578125
56.3306328125
49.44719140625
29.326833984375
133.50303125
3.832512939453125
37.350015625
49.04591796875
58.54798046875
40.059046875
316.60284375
144.774328125
50.24417578125
34.672
63.15075390625
30.609283203125
109.5880625
125.772875
28.140546875
37.71010546875
55.8652890625
13.9652177734375
16.40494140625
20.3411796875
20.229794921875
32.7937109375
29.660595703125
60.67672265625
28.30030078125
69.3491875
17.808076171875
28.787609375
25.176294921875
14.6321640625
59.1656875
116.1953828125
66.640796875
93.0116015625
172.756359375
26.783076171875
30.859416015625
62.6896796875
93.8309453125
18.56750390625
266.99978125
88.96940625
24.831462890625
23.7351328125
20.8726484375
10.9504287109375
58.32260546875
23.071572265625
111.4412109375
22.8183046875
54.3058828125
89.5648359375
131.7995625
60.44451171875
113.9252578125
20.1843828125
151.197390625
54.6227578125
99.83990625
50.265546875
2.20882421875
87.58953125
17.781650390625
10.5136787109375
30.866087890625
141.40075
92.837484375
24.911294921875
72.5453046875
27.478353515625
101.4801484375
7.3784814453125
10.844609375
25.324564453125
30.726439453125
25.501244140625
50.85846484375
23.78736328125
8.3797841796875
18.433611328125
106.8425234375
69.69859375
72.9926015625
48.6535
207.96596875
167.92615625
60.13109375
78.766421875
164.7589375
350.4175625
61.82233203125
11.4974248046875
42.12633984375
13.8464326171875
37.069109375
66.05709375
3.06861181640625
26.2923359375
71.5426953125
1.4912008056640624
37.06509765625
6.92884765625
317.56
101.640484375
63.3675234375
33.6745078125
40.67174609375
193.035859375
233.166125
16.1004462890625
3.457022216796875
9.229384765625
101.958640625
39.958984375
87.0627734375
87.79065625
36.66816015625
13.617095703125
25.080109375
104.1023046875
12.491330078125
104.67871875
24.5085078125
24.698203125
6.573630859375
14.478431640625
53.8006875
27.51862890625
49.65603125
52.30458984375
6.3795654296875
14.8549267578125
15.1034658203125
27.070744140625
47.99580078125
21.85412109375
198.997328125
203.091015625
46.48296484375
58.341671875
144.015171875
16.9075703125
25.349662109375
18.584357421875
7.2385849609375
196.67409375
29.312138671875
60.68987109375
23.591431640625
69.115625
145.33190625
12.7657626953125
101.1034609375
16.635568359375
57.35415625
72.066421875
72.1388515625
106.517953125
35.56042578125
7.45519189453125
13.3234716796875
24.958345703125
54.67603515625
19.709064453125
72.2308671875
25.927205078125
15.7094208984375
19.163865234375
202.325
38.225828125
19.81639453125
14.2504208984375
33.0029375
9.892296875
11.84438671875
29.8598359375
6.31792919921875
8.32890625
54.47000390625
112.742703125
45.99941796875
24.7633203125
49.37855078125
12.23632421875
54.10953125
154.48353125
67.822875
72.581390625
26.841599609375
8.5842529296875
25.31780078125
41.1953359375
279.3866875
71.24484375
38.1923203125
5.89700830078125
43.73291796875
26.606232421875
32.416666015625
38.26982421875
9.988515625
70.0825546875
13.932447265625
28.245765625
10.17487109375
21.025314453125
38.08659375
49.15800390625
23.6059140625
21.95583203125
103.1237890625
13.0175634765625
47.71691015625
59.16741796875
26.3168046875
91.2729140625
9.7161474609375
13.244474609375
38.4334140625
14.6824873046875
45.33892578125
132.5695625
33.17103125
35.25844140625
36.2360390625
9.0116826171875
6.106224609375
10.9221513671875
65.47522265625
30.592400390625
10.9168447265625
106.839640625
16.81811328125
73.48925
32.3576171875
172.57178125
51.74853515625
12.988205078125
31.018728515625
125.0455390625
20.73923046875
13.86335546875
44.2321328125
12.222548828125
33.84151171875
88.4469921875
35.50094140625
5.89512255859375
44.065890625
18.385248046875
5.4244638671875
20.05842578125
85.389796875
65.23954296875
154.399765625
6.0122392578125
12.039775390625
50.966734375
11.07548828125
15.1902236328125
66.71615625
82.261171875
66.5573203125
11.6687890625
63.4542421875
6.1550869140625
33.63421875
16.665232421875
16.0951875
58.43882421875
9.222697265625
19.511904296875
280.3390625
97.9231875
102.191453125
61.11777734375
11.1965205078125
18.28758203125
34.59597265625
13.1638681640625
8.6866015625
31.859732421875
63.2438515625
68.6703046875
161.765625
135.586421875
17.1722265625
30.161802734375
222.99284375
56.236171875
26.624666015625
153.469109375
61.31013671875
61.0261015625
288.397875
64.67691796875
22.848736328125
38.4941875
67.9010390625
34.044359375
13.4811015625
112.4656328125
13.1546689453125
28.286587890625
14.420724609375
126.277484375
25.0652890625
238.8499375
23.9432578125
280.44453125
41.213625
33.4321875
111.9568203125
31.671642578125
28.567087890625
20.91000390625
62.2697890625
56.06475
26.3917890625
13.1149404296875
134.13190625
42.73844140625
284.7688125
123.0082421875
95.5086640625
38.3849140625
193.434546875
42.1493671875
10.6267265625
48.30928515625
24.830349609375
219.125296875
20.427923828125
5.97961279296875
8.32235546875
31.6083046875
86.3706015625
64.93615625
21.215220703125
38.1231796875
31.909705078125
21.425177734375
31.63830859375
98.9689921875
13.851501953125
12.4435859375
149.78828125
28.35098828125
67.4568515625
7.92938818359375
33.3985078125
46.5641953125
96.296859375
95.53684375
65.5613046875
28.6843125
4.92802490234375
103.79796875
8.32051953125
15.2969814453125
7.44224267578125
33.200109375
39.1060703125
218.976078125
61.00696875
237.03734375
18.536728515625
39.73996875
20.426685546875
39.64253125
91.560203125
14.9023017578125
30.923216796875
6.68088720703125
89.27221875
2.4964501953125
46.466671875
26.4184921875
69.2276953125
103.195
22.36874609375
105.6042421875
22.93761328125
16.58333984375
131.543515625
125.55728125
21.877357421875
57.624484375
8.2904970703125
34.77541015625
68.1196875
270.63478125
46.1818203125
199.200984375
115.2738359375
92.222125
29.9567578125
8.658896484375
41.39976171875
11.0793310546875
39.701625
27.8706328125
58.9748125
153.434375
25.406912109375
43.089546875
89.4878828125
18.4384140625
10.9371611328125
66.5778359375
13.410193359375
12.5529375
20.75176953125
99.7167734375
182.100875
51.8785546875
26.85382421875
111.242625
45.47384375
15.8025869140625
35.1160390625
12.5829345703125
163.632296875
176.0230625
56.45259765625
31.873130859375
49.5056875
9.0799375
24.30523828125
35.07671875
84.787421875
27.061697265625
25.42023828125
93.08496875
65.0651171875
116.1513359375
63.04130078125
65.710390625
281.02734375
29.377703125
37.13351953125
99.04278125
136.48240625
101.976375
50.24772265625
31.028728515625
10.0919892578125
49.5477890625
19.469884765625
30.526142578125
242.838296875
48.8620390625
39.64860546875
22.78141796875
68.3471171875
18.79101953125
40.13111328125
32.5639765625
380.92671875
93.0030078125
28.283326171875
29.339162109375
9.394796875
15.4443193359375
16.3030078125
37.58821484375
