271.2964375
77.6868984375
213.591140625
124.415015625
123.1863828125
138.400890625
323.635375
129.9471953125
333.76059375
76.2827734375
62.9594921875
373.3959375
219.353125
43.66073046875
186.718390625
257.441125
127.1000859375
129.2637734375
148.575484375
187.8115
177.0419375
140.110640625
215.87696875
173.839890625
243.2240625
385.26378125
241.761
307.13421875
211.046546875
388.5865625
265.421875
341.45046875
351.512125
117.2475078125
418.83975
400.5630625
57.96144921875
46.2206328125
338.8165625
116.7337734375
94.1388203125
126.26721875
285.8156875
66.601015625
127.5285234375
146.680671875
222.219359375
179.2459375
36.21462109375
182.1495625
66.1415234375
151.443890625
252.468140625
160.858640625
78.9402265625
342.8009375
107.2930703125
176.26190625
333.94615625
94.8727265625
214.50596875
43.15980078125
347.95690625
104.1068828125
63.1476953125
323.519
96.1627734375
325.245125
124.386234375
226.866984375
191.585203125
59.655859375
221.73175
169.967765625
430.37428125
384.39503125
377.22821875
273.5539375
197.659140625
437.587625
218.070984375
40.9821328125
149.9610625
200.57390625
100.29525
146.759421875
163.59865625
235.79975
368.2828125
111.2371171875
270.94903125
99.7541015625
412.28146875
319.0221875
52.26138671875
349.633
135.38234375
88.7633515625
436.9008125
231.4008125
83.9151171875
228.942421875
208.862625
110.5166796875
255.322484375
105.025765625
60.17056640625
102.4564140625
418.7846875
54.2306015625
203.839484375
258.759890625
237.51128125
411.9315625
233.639828125
397.94646875
31.53728515625
17.11509765625
367.1179375
306.449125
93.2744765625
163.234109375
311.96290625
300.88246875
386.671375
294.72671875
314.92146875
80.0859375
226.806640625
417.42975
124.580390625
150.580609375
213.259171875
135.63671875
183.337640625
145.703109375
95.977328125
88.560234375
369.07821875
421.891125
227.69178125
100.1849453125
42.37552734375
244.6245625
326.4439375
47.427203125
95.03590625
101.0760859375
130.548296875
246.196421875
241.93559375
103.12584375
192.3136875
272.11684375
164.101875
207.451375
361.866625
292.0676875
36.73390625
93.584984375
164.878671875
35.0137109375
180.023890625
247.199375
141.706015625
395.37221875
136.962609375
131.302296875
366.902625
155.697234375
218.64125
34.4817890625
294.69978125
165.8291875
207.081328125
234.99328125
430.72375
173.396875
73.1422421875
272.285625
52.75945703125
152.753015625
301.25359375
45.13053515625
157.20134375
37.55859375
71.571
274.820875
275.64028125
103.159765625
172.643328125
357.61953125
87.152609375
43.068
219.181796875
192.21784375
254.846609375
49.9189140625
294.94921875
129.8547109375
71.0523671875
459.0766875
200.82665625
155.4445625
89.970921875
343.3930625
37.1655234375
447.7793125
125.566203125
46.25565234375
104.6320234375
436.4805
304.13884375
330.42046875
137.107125
442.25334375
81.679671875
454.19975
232.70340625
424.68984375
93.6400546875
94.1548671875
339.62459375
109.652984375
80.6241640625
174.457640625
98.010296875
21.874265625
103.978859375
30.999888671875
144.962984375
39.49944921875
195.95721875
352.254625
90.6566171875
74.7100390625
35.570125
214.011265625
232.617
137.4439375
64.72651171875
316.0390625
315.062875
194.119046875
141.4126875
102.0636484375
138.7406875
181.72971875
96.08703125
330.05446875
157.5649375
124.7011328125
148.3234375
51.46403515625
165.0379375
291.54465625
166.909515625
117.1007265625
11.0727353515625
156.024328125
113.3560625
333.00878125
73.2736015625
112.3703515625
184.560015625
218.309234375
212.55159375
113.7742421875
136.638640625
93.885140625
112.061140625
331.492125
131.973171875
263.6115
89.93590625
174.2465
67.4148828125
49.7467421875
225.060921875
347.02325
366.62703125
154.892515625
83.992109375
144.7048125
152.2238125
77.289734375
165.362640625
173.186109375
163.624671875
379.94809375
422.50690625
396.7910625
107.8422421875
168.313734375
172.10315625
91.3871640625
234.068078125
48.207578125
121.806421875
246.473390625
111.9572734375
256.318578125
85.1449921875
236.983625
109.530203125
229.18515625
122.57434375
405.39828125
62.01700390625
288.133375
68.160984375
319.07040625
91.9691640625
355.412875
123.796578125
54.59648828125
63.52065625
240.1386875
238.039859375
299.74340625
445.41884375
130.90178125
140.240796875
131.4856875
52.86719140625
210.757609375
68.8866484375
411.43559375
381.621
155.5291875
32.21619921875
86.5156015625
414.91790625
57.8181796875
172.90309375
200.4806875
375.9996875
293.27321875
116.7458828125
97.4881875
455.5240625
436.26915625
36.23658203125
109.0168828125
172.936734375
68.9797890625
194.3058125
23.40012109375
89.34053125
58.3558828125
169.670890625
382.1356875
147.0934375
256.71978125
344.804625
372.178875
331.8313125
102.1317265625
305.75684375
236.79328125
155.37503125
150.6561875
134.63296875
308.931125
256.780703125
336.64090625
120.223
233.62946875
230.382078125
152.290921875
54.9397890625
148.93615625
232.0778125
269.3428125
102.3049375
144.501421875
95.047
243.263875
206.766578125
92.373078125
451.2265
341.3516875
54.07530078125
92.0929609375
230.9828125
210.942953125
52.892078125
46.55518359375
112.0042578125
170.312640625
292.91915625
373.6063125
122.7887421875
134.926953125
134.863515625
221.74575
168.529671875
351.92525
418.305625
348.52634375
75.160234375
35.999515625
190.920203125
47.234921875
114.258984375
46.38990234375
198.60003125
464.970875
159.07228125
63.12115625
164.35853125
158.65696875
296.9865625
260.770453125
302.12146875
168.315828125
52.5924609375
335.12303125
421.02234375
301.65034375
92.2124453125
264.89084375
105.0961484375
122.4278125
244.48803125
133.35946875
116.99665625
108.0059140625
184.332921875
194.2833125
82.6865703125
402.2455625
428.05475
356.58625
207.862671875
196.509078125
435.12409375
204.45625
152.8321875
96.529625
331.92421875
324.93346875
72.527546875
283.23453125
394.19509375
311.09121875
101.9501171875
122.3353984375
113.1109375
144.982859375
65.15176953125
79.57621875
49.77551953125
467.05184375
276.56928125
120.2967578125
305.94384375
443.081375
117.2338203125
438.283125
458.96709375
95.9703828125
363.30134375
162.654890625
77.8721875
180.331296875
259.84753125
315.02090625
51.3389453125
131.569828125
272.57515625
210.678453125
105.88496875
224.6454375
393.854
26.02756640625
112.108546875
129.5294296875
80.06740625
200.972515625
348.1090625
70.801953125
105.770453125
148.0628125
100.9074609375
22.83296875
117.8905703125
395.9635
284.295125
450.17790625
143.231734375
272.5543125
443.5034375
306.37784375
62.2316328125
294.22690625
321.95534375
148.96646875
397.47303125
258.6294375
172.93025
189.793078125
414.56065625
92.7904140625
221.785015625
79.4490390625
150.724515625
94.7345
372.54425
127.4357109375
200.21440625
128.3071328125
174.413078125
58.0635546875
269.644625
132.064234375
129.9145
236.567234375
25.234103515625
194.159140625
148.904296875
133.00475
134.46184375
50.56024609375
430.7185625
109.3943515625
187.783828125
96.40609375
284.33284375
33.1607734375
343.57790625
84.0031015625
126.2155625
223.86534375
40.2218515625
225.5804375
238.149734375
77.844078125
224.98459375
85.173375
459.4991875
236.3371875
175.185203125
150.927078125
87.02109375
312.2894375
379.0234375
11.80813671875
74.482390625
128.6996875
349.315625
131.51875
71.93553125
52.5545078125
40.97744921875
211.21603125
135.191046875
244.485859375
290.878
321.46446875
302.61140625
106.246734375
195.179625
300.55284375
122.695875
325.465625
120.9840859375
114.9843203125
321.11575
292.363
175.18196875
134.258078125
61.458078125
79.02328125
134.889203125
277.1043125
175.69928125
238.643078125
83.7088125
221.67796875
277.0404375
319.17040625
451.3105625
74.9086796875
120.620953125
94.6233515625
369.2990625
55.48171875
86.271375
458.9980625
153.56109375
456.84403125
202.64784375
196.1000625
449.226375
275.5196875
299.7085
457.93659375
136.671875
100.8313359375
91.7978359375
257.512203125
384.95596875
210.6340625
117.75753125
415.86821875
149.500890625
274.44590625
339.84378125
299.372375
160.2640625
193.253328125
453.42334375
321.49490625
209.59203125
213.618703125
227.76946875
87.3840234375
223.599109375
93.6878828125
201.18615625
196.838125
130.375515625
436.10296875
449.59759375
359.4969375
276.0511875
132.587578125
257.376171875
156.185625
423.95671875
376.325875
152.16303125
74.3683125
350.653
64.1871171875
241.5544375
463.3155
149.82571875
94.15596875
269.81028125
99.9995625
92.54471875
203.014890625
173.375765625
73.300828125
62.0111484375
268.70965625
75.276390625
248.615296875
399.713
76.3021953125
155.274421875
349.73
124.23140625
72.3747578125
98.3363984375
89.67196875
201.737890625
205.375296875
62.26141015625
289.2574375
189.709859375
40.77960546875
456.366
147.91571875
292.392375
318.33271875
134.259703125
158.691078125
115.1883125
374.82946875
51.11640234375
74.8283046875
337.921875
156.04184375
269.4461875
99.619421875
144.170546875
142.438828125
404.52675
182.796765625
229.533640625
106.3539921875
198.901953125
343.42571875
65.14428125
206.441484375
205.524703125
133.8946875
125.884578125
190.83534375
89.8763203125
154.52246875
213.76609375
162.032953125
121.1165390625
447.30003125
188.189890625
295.97609375
128.29346875
398.6939375
198.94765625
110.2390078125
281.3218125
280.33809375
335.4210625
136.71378125
101.4677109375
253.10390625
126.75125
310.98903125
296.9770625
400.582375
371.0985625
189.2598125
123.3523359375
379.21809375
283.7158125
178.795640625
108.3274453125
254.45371875
306.24934375
210.60521875
121.5411328125
273.39271875
35.30546875
77.0079921875
363.1258125
251.315203125
133.319828125
98.938515625
58.7730625
111.2000234375
66.3195703125
64.42575
72.7446484375
245.840171875
138.0678125
169.266875
377.751625
49.29012890625
140.585046875
139.977390625
57.1892421875
179.032171875
231.814203125
238.525921875
362.3595
243.23328125
361.04578125
443.34984375
378.8438125
93.411203125
290.1433125
165.335359375
290.271875
154.279203125
318.9400625
211.458265625
176.328390625
67.1503671875
143.356171875
240.821921875
150.279890625
207.77134375
86.8918515625
137.768703125
227.075296875
155.6255625
209.62771875
198.562640625
238.5813125
75.3257265625
206.64696875
120.703453125
349.03375
117.0582421875
262.022609375
422.46296875
62.86988671875
38.58091015625
97.5277109375
88.5836640625
205.24059375
179.89821875
66.9288125
56.26882421875
380.53053125
277.70446875
242.524828125
111.1223046875
218.827734375
451.65546875
319.78740625
137.816671875
136.124046875
213.94621875
238.86603125
158.6429375
287.27865625
330.8743125
175.811796875
296.14984375
116.9993984375
63.64163671875
247.144890625
240.615265625
83.0547890625
433.724875
51.21599609375
50.4089765625
121.444953125
149.77903125
96.601390625
283.7043125
104.2668984375
309.0121875
38.7999609375
103.4444453125
106.1894921875
311.81878125
145.42815625
140.308609375
206.214453125
260.5884375
54.7623203125
425.03690625
278.94596875
445.9828125
35.86953515625
352.96415625
280.94
67.728015625
394.69515625
448.77703125
100.805046875
331.4125625
293.85475
293.89384375
125.4945859375
263.38846875
258.273984375
155.340234375
427.1455
171.290671875
408.75946875
224.395078125
212.860015625
162.2223125
389.165125
193.281390625
203.26009375
295.268
376.50684375
60.3654296875
230.545921875
101.4681640625
192.97965625
364.00375
420.206875
435.2194375
45.38751171875
133.396765625
435.65603125
169.653609375
280.38
375.8875
407.62684375
433.35909375
453.39465625
144.628421875
168.79
209.490453125
308.9558125
250.0424375
299.1146875
74.639609375
97.1901875
147.647359375
426.60978125
282.75059375
76.0411640625
27.439294921875
89.8043671875
389.1445625
196.7771875
117.956859375
179.565953125
444.4180625
137.085875
77.7706328125
97.5097734375
55.951609375
83.0836328125
210.442890625
198.10340625
308.83615625
88.0443046875
82.4495703125
321.73259375
396.5145
129.391453125
154.9931875
35.74878125
176.01809375
207.38021875
133.225171875
432.3210625
160.206421875
227.31015625
132.5653125
121.5587734375
228.588578125
135.544890625
225.67209375
365.89965625
58.78268359375
89.0503125
102.9395625
364.59915625
322.90484375
336.86778125
248.461265625
159.722734375
40.46362109375
36.39890625
191.903921875
254.445890625
83.9758125
101.0663203125
146.21275
21.724568359375
78.515625
366.13328125
286.36253125
62.32416015625
36.69004296875
450.7813125
89.1488984375
439.25646875
154.9871875
302.01115625
269.887
143.770921875
40.39440234375
175.810515625
103.147453125
435.65284375
247.033375
129.1200234375
108.666859375
39.69426953125
327.24475
195.36596875
173.178859375
192.7298125
103.7385625
173.487265625
72.0964921875
279.22975
169.602
151.99103125
288.55434375
47.765546875
266.11303125
445.42209375
155.109984375
194.5414375
370.28975
50.20685546875
131.754203125
311.92596875
317.9294375
145.238703125
228.89578125
139.619765625
412.43159375
218.45475
158.3659375
89.3986328125
148.455734375
345.5108125
110.009015625
95.332984375
307.90621875
213.067953125
450.18121875
217.18228125
93.8192109375
100.0635234375
422.9370625
456.0225625
138.072265625
65.9608515625
41.8696328125
211.268328125
205.6646875
293.84946875
149.895046875
174.917453125
158.5874375
127.576046875
425.2916875
261.50690625
192.07609375
73.46475
245.166125
227.264609375
386.60009375
282.18171875
286.27996875
278.2015625
443.50428125
190.2726875
197.812796875
254.0685625
414.6493125
94.2561796875
165.98865625
249.932453125
178.327234375
103.106203125
200.28840625
347.36634375
48.95766015625
227.31740625
132.241375
135.701109375
267.15525
124.3873203125
116.221453125
54.33348828125
351.6010625
127.2309375
90.6416015625
77.79375
45.0344296875
276.63934375
192.149421875
54.1372734375
78.989234375
71.484953125
332.6185625
152.05340625
64.83081640625
222.454125
102.8803515625
36.23326953125
40.9986484375
130.2360078125
143.608140625
120.1940625
178.241203125
228.18925
270.05725
323.0660625
142.2600625
267.4015
202.1981875
141.01634375
266.15396875
152.794421875
253.713515625
201.379515625
258.807484375
99.3848203125
84.61775
202.88396875
225.34175
145.383421875
276.79140625
90.363
296.679375
177.0355
35.51380859375
205.698078125
433.2974375
291.6189375
139.92853125
331.74121875
164.505640625
128.19634375
325.62028125
451.37065625
181.6636875
105.23075
410.29628125
286.09853125
308.92634375
50.4181875
343.7974375
49.85340234375
225.93125
69.968125
177.2890625
122.9692890625
290.83359375
58.42538671875
115.694421875
179.668640625
139.42165625
422.4631875
355.63715625
337.33021875
280.60734375
145.157171875
120.913328125
119.305046875
366.16328125
114.8680234375
331.45809375
181.420296875
81.0894921875
193.696484375
27.12915625
77.32140625
353.8993125
150.695375
455.97753125
107.471453125
175.310640625
98.95034375
337.05446875
115.703765625
90.6930234375
111.9423984375
348.855
48.6784140625
140.273515625
216.74671875
162.771796875
94.13703125
289.1914375
432.73040625
263.35884375
202.410265625
82.4090390625
78.9033671875
78.0148515625
300.35928125
80.29209375
117.847796875
141.974328125
414.8265625
53.3668515625
141.266984375
236.902890625
113.6409140625
132.359328125
456.40659375
184.5536875
198.53140625
302.1919375
116.6894921875
355.0601875
265.59503125
89.0573359375
176.4356875
369.4266875
286.64153125
98.0671484375
89.6175078125
27.331060546875
161.389125
131.45859375
100.2556796875
40.329984375
207.326484375
122.8258984375
161.76984375
107.6305546875
141.336328125
265.70590625
428.28409375
183.7181875
129.6376875
121.6158046875
360.9385625
113.4670078125
169.888265625
64.00920703125
253.43128125
122.376890625
130.9034296875
109.603484375
143.96015625
353.72271875
163.561546875
246.24553125
300.56628125
176.587390625
67.5229453125
220.564171875
411.7895625
364.300875
188.20059375
229.381890625
48.60060546875
216.203703125
67.71171875
114.7083671875
133.14225
129.5853203125
318.365375
293.117625
169.78146875
198.461453125
210.817390625
111.81203125
143.17371875
67.688
346.574
93.00559375
233.15896875
206.533328125
237.013796875
159.1721875
138.68746875
73.7348203125
54.4191171875
324.6908125
146.65909375
115.9630390625
153.345671875
138.42978125
231.342328125
90.915796875
141.286109375
446.696375
271.45425
80.7598359375
163.71725
348.10034375
181.93953125
439.76071875
153.42015625
35.62829296875
70.802375
360.3240625
177.793890625
48.2816171875
198.366640625
329.93759375
225.780515625
290.37696875
72.9184375
61.8797109375
88.986125
410.62340625
456.70609375
432.5001875
383.72259375
94.8275234375
328.22853125
120.1934375
78.154453125
256.079046875
99.3830625
116.45209375
346.607625
310.88359375
48.00084375
217.0535625
355.6219375
218.14728125
435.9015625
133.533203125
31.496953125
188.486875
332.7745
101.9856484375
95.75221875
81.001390625
44.4418828125
269.268875
318.98021875
212.93428125
140.656484375
28.604994140625
285.6234375
277.58003125
210.616765625
72.3381015625
54.9613046875
189.727265625
282.7968125
173.2065
219.128171875
251.95940625
399.9481875
176.397359375
200.922515625
310.438375
116.9847734375
439.83890625
95.6153125
105.889921875
256.508890625
208.212984375
294.18325
38.31445703125
158.151
126.7753359375
416.63521875
316.05915625
225.967453125
61.55548828125
100.5913359375
198.7924375
149.53284375
91.5545390625
307.84421875
78.328375
143.586375
417.7620625
212.843734375
72.7181171875
381.89703125
279.88678125
407.66240625
126.83571875
79.695515625
58.63558203125
183.712734375
138.179671875
131.23415625
30.38253125
172.34028125
392.14225
297.04246875
297.38921875
67.1032265625
308.2221875
268.25553125
136.64765625
254.843453125
408.8350625
86.896203125
177.533203125
80.5883046875
120.073921875
134.997609375
260.88884375
335.6649375
182.771828125
149.512671875
375.74365625
453.5868125
61.281203125
163.957234375
129.991796875
157.09065625
83.7747578125
385.96646875
12.8158974609375
183.5130625
466.74459375
202.354421875
136.117125
253.110421875
83.32759375
286.5975625
437.732375
145.726109375
96.057171875
85.7731328125
222.946984375
48.7972734375
162.31928125
424.6531875
132.6059375
36.15978515625
49.5947734375
92.38978125
334.5073125
129.3076953125
83.76484375
386.06809375
204.50421875
308.25934375
118.9699609375
431.07878125
125.1917265625
312.3945625
351.89409375
323.781625
49.860203125
418.817375
436.147625
303.68203125
210.320265625
193.308984375
294.9508125
327.84265625
217.530328125
278.7975
192.835578125
269.42478125
59.06537890625
213.99675
253.997515625
219.39425
30.111533203125
105.2920859375
176.153359375
322.52309375
279.35915625
87.6630859375
104.2290234375
193.54496875
351.39009375
148.95725
269.91340625
133.413734375
112.223828125
177.024328125
342.305875
469.56325
381.484
48.23559375
161.684171875
138.414078125
174.982375
173.911875
274.98534375
170.44509375
164.817828125
169.942890625
397.4240625
83.4737890625
171.565359375
64.57725
211.59415625
40.58355078125
169.859828125
112.895546875
283.51928125
165.730078125
277.89659375
122.360546875
103.8531640625
185.40775
197.12028125
223.020484375
271.65290625
339.77778125
428.554625
134.100015625
343.71125
91.0865234375
58.27959765625
109.4920859375
367.07734375
367.8059375
236.2055625
121.358078125
58.83608203125
416.13665625
250.967453125
122.844953125
76.5321328125
331.12365625
244.795359375
131.39640625
385.5538125
107.2280703125
174.30025
169.134671875
363.33146875
94.0444765625
118.36534375
57.33070703125
116.2937734375
27.418068359375
400.64925
80.110015625
55.44604296875
129.0026015625
99.373796875
49.20944140625
53.62898046875
279.63534375
92.4072421875
246.032796875
464.03825
376.34021875
46.97429296875
337.53553125
62.733296875
163.2781875
322.5749375
190.261703125
305.0994375
85.75690625
231.8940625
370.75978125
124.639984375
86.80721875
118.9263515625
155.72234375
113.2298828125
286.56675
274.72815625
418.2946875
131.12496875
157.162796875
164.01196875
79.9260703125
108.57809375
112.3879140625
120.7857265625
127.1879375
139.56675
255.81315625
455.46725
327.184125
453.19175
45.7102109375
145.45796875
116.708921875
161.564453125
337.09759375
79.128453125
74.4322578125
124.981546875
188.1443125
75.0525859375
358.31546875
77.1516875
166.767203125
33.26195703125
294.060125
33.94373046875
103.7686875
457.88421875
283.9038125
221.59803125
121.789125
33.49567578125
220.649140625
60.02162890625
251.98678125
130.716359375
82.103484375
108.6214765625
311.48921875
75.8595390625
45.38080078125
317.5588125
80.1296796875
42.9469140625
128.267265625
64.01922265625
84.768921875
293.3543125
303.20828125
196.201125
356.8961875
247.445203125
120.6511953125
371.35134375
120.3132421875
203.143515625
310.08534375
290.26096875
144.78946875
391.1459375
442.24815625
105.8217265625
111.6423671875
208.16978125
416.881375
242.87834375
142.2351875
301.68509375
188.25546875
127.2229921875
292.5393125
436.42375
259.925015625
62.84707421875
371.326375
144.061625
150.3043125
266.334375
408.3684375
96.9959765625
140.504203125
225.21196875
205.98978125
157.054671875
237.036890625
137.521703125
171.457890625
69.0840234375
126.8260546875
243.830578125
396.12671875
170.63225
252.12746875
91.3477734375
59.2213984375
131.88075
105.112625
95.5214296875
54.27101171875
187.85521875
274.82303125
318.761875
244.541109375
117.9487265625
259.948421875
219.7914375
210.911484375
223.1394375
173.930296875
59.183234375
73.349515625
90.4501796875
445.7078125
347.43346875
260.4255
316.20021875
97.491453125
389.1265625
47.534546875
64.5080078125
323.13525
167.446796875
239.61890625
299.89421875
177.31403125
168.33403125
213.25175
178.698859375
123.8131796875
376.20109375
422.7075625
242.898265625
333.51265625
281.546125
49.65275390625
399.24190625
127.6651875
99.3605
390.00465625
204.74515625
232.4083125
357.74371875
463.2348125
184.83371875
474.96584375
365.91115625
180.613046875
140.561921875
461.94271875
46.50529296875
148.800078125
91.563359375
250.328609375
278.85196875
278.99315625
316.9384375
119.598265625
99.8969296875
60.160484375
285.466875
79.1970703125
269.0408125
294.30540625
460.8281875
180.397609375
134.5055625
158.652734375
144.45503125
36.51719140625
375.087375
72.341296875
55.3539140625
339.36590625
112.6055078125
258.005328125
295.005875
51.6455703125
39.77701171875
262.58996875
122.7795859375
72.5184375
249.774625
391.14103125
88.33196875
232.161265625
63.1720703125
451.479625
327.31715625
230.879921875
39.72644921875
197.510453125
275.767625
158.54275
78.342953125
421.72146875
371.65328125
220.698375
29.117025390625
414.522625
206.852734375
136.052890625
56.05162890625
87.85453125
68.075109375
185.468421875
139.81946875
325.95275
191.027828125
142.613578125
150.8894375
429.7763125
171.522609375
42.576453125
310.05046875
328.6974375
442.47378125
463.82421875
111.4208671875
97.6607890625
187.972703125
390.3220625
148.312640625
258.415296875
112.723859375
292.98665625
73.0411171875
272.62546875
132.677234375
164.35109375
296.04484375
79.1575546875
373.20946875
431.0523125
412.435875
176.360421875
91.721625
222.138015625
175.4561875
256.4250625
211.930890625
293.40025
217.3189375
270.3970625
380.64553125
114.029671875
166.1441875
284.02871875
170.539796875
154.04690625
242.468328125
33.763703125
442.9445625
50.49666015625
316.44859375
60.0833515625
71.9176484375
276.42284375
389.284375
429.30103125
72.5927734375
30.366423828125
70.890125
381.027125
284.8534375
292.1029375
104.7572109375
76.60125
88.712375
144.047640625
113.793875
174.925453125
384.454
134.591234375
136.404359375
409.0311875
84.1026171875
226.264375
259.04625
178.6725
190.53184375
75.227484375
197.101453125
89.0100859375
202.703125
74.612671875
204.735640625
326.3714375
310.17015625
91.59709375
103.66346875
74.920234375
221.126421875
292.056
181.924796875
88.52446875
318.8214375
234.594328125
209.090640625
398.83546875
212.9959375
128.9478203125
78.72609375
98.6366015625
291.77096875
379.02425
165.025484375
392.473375
245.033171875
341.26509375
152.155
277.10646875
393.52184375
251.72875
175.358875
64.33946484375
94.901875
197.761546875
61.33339453125
115.4608125
307.33084375
167.095296875
168.540421875
210.737828125
79.8070546875
367.62034375
105.8403828125
149.756140625
193.509890625
149.178234375
110.30121875
175.4688125
334.215625
295.90459375
104.2319296875
320.3594375
359.1155
231.60840625
164.407546875
348.0303125
111.807171875
370.2144375
180.305359375
65.35526953125
52.6261953125
228.658796875
198.541765625
161.91015625
329.26934375
27.236404296875
329.69396875
169.045828125
314.261875
90.364609375
187.25809375
66.3361875
49.28184765625
76.5696171875
224.6223125
113.6427109375
377.31175
171.4236875
269.71421875
89.645671875
288.94509375
85.0571875
457.8720625
450.112125
91.0564609375
101.349765625
248.207109375
467.1465625
413.1886875
328.3884375
428.231375
63.33134375
383.24196875
250.62896875
127.4064453125
226.841421875
461.66203125
251.4304375
71.77984375
97.28128125
123.9565234375
224.659375
116.514296875
182.7813125
293.12859375
76.522421875
125.6169765625
87.46196875
323.44721875
208.254125
250.030921875
313.0896875
281.92671875
130.0960234375
302.0983125
97.1079453125
315.54946875
312.43203125
213.55234375
184.3946875
126.489640625
440.36646875
258.433796875
350.7060625
200.797578125
86.752140625
190.87125
171.483625
259.874875
124.60746875
444.96
270.246625
70.097296875
288.093
258.982984375
160.49925
167.07609375
181.15621875
91.8713359375
235.0288125
42.6695
206.2694375
210.6056875
138.22946875
252.764078125
201.218625
203.533671875
193.28384375
176.9701875
326.48315625
144.1226875
35.3803046875
221.339484375
288.8149375
438.0970625
189.024765625
93.0254296875
249.96621875
109.795078125
388.15159375
138.463203125
276.19490625
181.907453125
302.0108125
324.96828125
249.08728125
125.3375546875
78.7289921875
222.9756875
30.84103515625
128.089453125
336.86659375
180.571328125
356.616625
168.65146875
132.910390625
222.214
255.00878125
322.9868125
246.253453125
121.5070078125
289.60896875
145.208265625
85.383921875
221.53484375
275.66290625
83.9794296875
78.7618515625
80.0498125
189.374078125
58.43300390625
289.30934375
88.592296875
72.52315625
434.09334375
411.681
462.06390625
106.2612890625
36.10791796875
39.31493359375
208.12159375
111.341578125
154.481421875
127.49153125
150.715140625
74.3313125
291.13328125
421.25796875
186.758125
