164.576671875
386.551625
168.42640625
84.587453125
234.768296875
75.7385546875
282.29065625
165.7996875
123.981484375
102.0049375
108.5471875
392.082375
128.33171875
431.59184375
264.57253125
212.725546875
167.168578125
152.00415625
67.4938203125
104.4356484375
194.19484375
76.5304921875
377.58109375
95.8602890625
174.407453125
132.715359375
170.663640625
88.0086484375
265.035125
294.03034375
105.8638671875
348.38153125
87.818484375
76.0494375
40.7210625
223.493140625
97.4469296875
366.43640625
53.436609375
376.59340625
167.919890625
242.959203125
184.922859375
255.915640625
69.951265625
142.48478125
103.818015625
263.2841875
179.612015625
234.669484375
164.246390625
412.32709375
59.43416015625
273.7264375
229.780890625
167.51734375
119.645265625
410.54421875
315.43925
183.500484375
459.44165625
78.4026953125
281.76365625
130.6618515625
152.46909375
458.262
273.38503125
182.937140625
171.42359375
164.772953125
139.19671875
319.2238125
355.42328125
73.9939765625
176.4233125
388.585125
374.50540625
76.3216015625
156.63584375
435.35425
111.98675
82.9424296875
201.111765625
275.26059375
55.52495703125
92.4222265625
172.19746875
105.372453125
261.341890625
278.094375
213.78278125
147.0026875
265.169875
315.653875
290.29115625
201.825953125
224.8128125
248.6855625
378.0455
274.34278125
112.592375
295.307
383.251375
106.0223515625
254.456796875
131.087859375
275.38846875
185.022640625
85.2913984375
267.8633125
65.4306171875
228.402640625
118.8960625
94.1455390625
115.3469140625
220.00478125
63.61065234375
121.1511796875
146.228828125
368.236125
297.30565625
383.44996875
341.59290625
400.01084375
252.412890625
331.438875
118.3981953125
307.64696875
280.98253125
357.55459375
133.959796875
121.835546875
150.465640625
176.39971875
459.63125
317.489375
194.8348125
308.48190625
365.66009375
67.6233359375
109.6023671875
193.064109375
162.12434375
207.535859375
36.49581640625
231.664125
219.872484375
237.894296875
151.476984375
104.6865234375
278.1319375
116.6550625
85.27803125
148.349296875
54.00864453125
248.119046875
119.483109375
126.0731875
240.7175
212.555640625
65.49333203125
331.78896875
17.753111328125
187.01671875
195.512453125
150.197390625
317.52403125
277.778625
220.0409375
108.3829765625
110.7786015625
114.6453203125
95.0125234375
265.4235
347.0893125
156.91196875
65.821890625
389.79471875
402.67009375
154.60946875
150.700265625
433.5439375
115.479609375
157.8049375
294.71796875
313.72634375
70.294109375
89.8018046875
120.078375
357.55225
332.8553125
120.207265625
279.86540625
234.044171875
271.58565625
107.80809375
149.80890625
79.2971953125
391.369625
123.234796875
64.8996796875
229.87828125
246.560125
174.612953125
96.8889375
113.627
246.365125
201.8181875
86.4487578125
32.215666015625
377.91325
241.46178125
303.74790625
110.4074609375
389.6394375
136.208046875
57.16364453125
190.118265625
118.9733515625
55.503984375
104.5975
195.732421875
265.351875
280.07459375
226.23525
63.46154296875
92.81925
279.872875
373.026
206.42759375
78.230359375
23.8385234375
396.4345
66.600734375
128.6738203125
248.534078125
269.70125
129.4199140625
50.2486484375
358.61009375
395.02896875
185.931078125
102.6901328125
278.154625
198.697421875
317.1140625
96.7226328125
303.0246875
20.1965234375
133.081296875
126.4985546875
250.062046875
219.6741875
264.60640625
196.469875
301.18946875
360.38984375
320.07909375
285.29434375
173.682984375
81.132109375
292.06025
443.490375
130.69171875
67.35090625
108.491171875
80.17165625
57.43490625
104.98184375
223.7998125
255.746328125
109.60675
136.214125
197.301359375
125.2383671875
249.072984375
431.9531875
167.002890625
117.7156171875
208.998234375
305.74328125
56.2656328125
334.48925
172.99425
152.628203125
360.91640625
74.3729921875
136.094
233.5145
96.4508828125
338.52484375
228.054546875
111.9636171875
50.41121484375
231.81503125
171.898234375
263.64040625
424.0829375
298.95621875
31.930115234375
249.404578125
73.19371875
296.76728125
249.96990625
115.5640234375
92.03103125
262.546625
219.77146875
75.3534140625
448.232
139.762078125
254.1345625
277.2955
235.625421875
235.601046875
152.9928125
158.33634375
116.217125
461.76
292.47071875
41.08429296875
348.29709375
170.800921875
421.675375
137.664859375
244.32615625
223.62675
242.3770625
275.11528125
132.765828125
353.24040625
418.78934375
261.31953125
207.134796875
169.875
84.7848203125
27.261904296875
457.20165625
228.97628125
169.5615
225.606375
393.19046875
327.8359375
237.865046875
31.6326875
129.744421875
318.78875
292.46171875
64.8058515625
118.52465625
156.913078125
156.500359375
366.7603125
368.99371875
127.363125
45.9973671875
430.27315625
326.855
254.807328125
385.849375
104.121703125
273.610875
282.2394375
100.777484375
412.6676875
298.294
184.893875
337.1831875
238.45153125
311.26059375
378.14703125
174.994359375
145.087125
368.879
354.31975
310.028625
63.569703125
354.630375
408.089375
359.60890625
99.5803984375
167.916640625
29.28315234375
82.3076875
430.46659375
384.4741875
202.48778125
367.93615625
437.6874375
40.0523671875
122.333921875
207.037671875
146.943078125
196.0866875
197.810671875
51.727359375
276.55615625
106.8309453125
94.7627578125
125.6523359375
206.08125
354.0248125
158.395328125
87.9491796875
150.82915625
392.1728125
417.9910625
351.44634375
167.65503125
242.7315625
79.021203125
201.889109375
74.5839140625
200.999546875
166.869703125
306.0789375
91.2414609375
167.282078125
67.7884609375
387.98184375
401.44025
346.13284375
312.10265625
115.7251328125
276.63990625
189.246625
136.973890625
99.294796875
360.009375
266.09359375
94.1616484375
284.86415625
106.1219140625
254.48175
163.183734375
213.29490625
101.449671875
89.3963671875
46.96900390625
140.702953125
314.494
160.363578125
160.26084375
439.66190625
202.913453125
356.7409375
64.1956875
374.741875
223.691109375
98.5008125
239.44184375
403.351625
137.497515625
67.44303125
90.862625
38.66091015625
274.58290625
48.7804921875
337.3923125
379.30053125
334.62603125
156.3723125
80.3083515625
91.464015625
38.534203125
252.841953125
154.756484375
89.1093125
331.7380625
173.020140625
169.40859375
345.57721875
161.366828125
78.4371875
92.91371875
172.281875
71.94440625
325.5489375
59.6597109375
159.72090625
64.9470625
162.8811875
334.52240625
259.499921875
257.458359375
385.7811875
69.561765625
445.21409375
75.400546875
320.5755
179.0881875
208.158265625
91.211109375
148.2266875
126.3615
138.66221875
153.68653125
97.7827109375
77.64353125
380.45740625
160.335171875
56.68048046875
43.6627109375
234.489625
244.6735625
101.8714921875
424.0361875
416.79484375
151.776921875
198.669421875
45.31314453125
136.37784375
136.491734375
111.367578125
461.02234375
48.180578125
285.24615625
47.16453515625
117.6692265625
51.201875
209.70259375
385.10534375
144.17225
245.512890625
89.7195625
443.44909375
85.04509375
138.610421875
86.6605390625
48.97069140625
209.7239375
104.4932578125
159.813328125
404.26684375
154.2295625
204.66253125
150.983015625
150.958109375
40.759
258.469953125
156.231359375
176.545734375
343.8054375
86.64490625
141.873609375
175.20909375
167.13675
115.9077109375
158.44484375
260.45934375
121.1862265625
389.04996875
148.738921875
162.71590625
440.47609375
435.61534375
343.75946875
237.4814375
437.95553125
41.46961328125
335.612125
81.6050078125
229.665859375
263.80125
154.1199375
77.570515625
102.3339921875
136.597265625
62.11848828125
435.43196875
354.8813125
107.4718828125
123.765890625
63.1590703125
165.4175625
172.783515625
181.702703125
332.085625
168.45609375
232.5988125
98.824484375
216.900296875
211.97640625
284.36903125
249.403859375
259.925328125
204.583046875
323.5568125
223.15253125
105.5104765625
148.43634375
127.356015625
252.271109375
309.01465625
179.52434375
348.227875
384.58415625
109.8674140625
70.9730234375
45.8252734375
267.93853125
173.266953125
66.1761484375
195.387171875
174.474734375
64.8093671875
84.489328125
144.906015625
122.7916640625
63.10445703125
100.9792265625
88.064390625
86.91234375
175.214125
198.645578125
368.47565625
138.344953125
278.87609375
57.761859375
135.61525
148.724234375
112.814109375
350.119125
171.82290625
206.093859375
64.4473125
92.5599296875
232.37059375
59.68297265625
73.7573828125
89.2803359375
117.6341328125
210.83265625
151.652015625
68.88790625
249.1629375
69.400171875
170.632640625
92.2329140625
252.7751875
62.959109375
222.32740625
117.4529375
368.48584375
325.32709375
234.986796875
206.908375
139.365015625
139.33334375
108.74078125
445.32228125
186.28071875
135.62190625
96.854453125
161.990890625
382.5805625
202.20484375
42.3892265625
293.61665625
106.37390625
236.591
87.2366328125
237.36846875
65.3195703125
157.113953125
385.7963125
68.4202578125
297.67284375
125.2230078125
331.32784375
126.4419921875
382.95021875
74.4382734375
134.249328125
281.88690625
131.34490625
22.30712109375
340.74659375
226.76071875
347.41953125
83.3729453125
421.95703125
46.2773671875
67.4245
108.07878125
346.25028125
98.810984375
151.842953125
427.57509375
187.1081875
96.2934296875
379.476
125.94146875
58.73055078125
101.24646875
408.945625
107.2283125
90.1853515625
54.3435234375
198.248328125
86.3119140625
125.7747578125
402.81071875
93.6015078125
73.926875
419.631125
258.539046875
356.45753125
124.5931171875
404.54746875
184.0244375
72.1872421875
411.31309375
345.46203125
324.0984375
39.7261640625
206.092078125
261.87275
142.07315625
234.714078125
403.8119375
444.1201875
159.163
160.19840625
200.193375
56.71984765625
378.457625
163.02509375
350.5438125
98.716796875
98.851625
435.63978125
162.709265625
414.46340625
202.2379375
180.502484375
171.267609375
151.0638125
275.46375
249.68515625
127.22678125
272.487625
369.91559375
318.95315625
65.7507421875
103.812609375
303.72175
172.04678125
385.33575
93.5520078125
37.12369921875
132.30590625
425.01021875
223.8948125
236.712765625
300.48125
449.80965625
195.401421875
436.48828125
352.315375
188.48771875
107.188265625
262.31721875
209.752984375
193.23625
251.6451875
267.671875
201.04009375
450.11878125
390.0949375
151.241578125
171.14196875
109.5621640625
81.590453125
138.070796875
126.4983046875
207.642359375
121.85565625
251.699609375
238.639859375
168.81275
246.706390625
98.59690625
316.46225
203.453453125
188.18390625
18.156607421875
400.49734375
320.597625
271.75184375
308.0560625
210.19625
178.31934375
402.7918125
290.5209375
129.25721875
371.07815625
206.8934375
65.40790234375
114.1185703125
456.48334375
120.8019296875
346.914
131.86790625
114.1188515625
431.0356875
362.9668125
278.5655
270.16065625
338.73865625
325.45515625
120.41265625
363.4346875
49.7791875
209.1064375
35.29781640625
67.90984375
234.999140625
84.6701171875
377.43040625
377.737
265.5831875
448.93375
226.029140625
131.649625
418.02540625
125.225578125
424.53246875
72.018
31.160548828125
143.32525
139.6076875
51.42542578125
205.142875
267.42234375
59.0605
155.24925
285.39434375
427.19396875
127.9302421875
118.758875
220.861828125
208.99003125
220.063109375
225.713640625
237.663234375
344.9376875
193.251578125
84.24534375
181.6555
89.1265390625
275.1714375
124.210734375
314.209
25.128671875
92.9051171875
184.41390625
285.7559375
135.12240625
384.64440625
52.91580078125
216.216546875
22.23378125
298.1290625
170.417359375
408.31409375
191.028390625
62.9835703125
153.758390625
261.827078125
97.8166484375
406.98453125
162.0601875
108.7704921875
81.49825
124.782421875
230.786859375
175.092578125
100.302015625
298.49396875
126.8316875
234.57325
330.86815625
52.2027265625
114.6221015625
382.86021875
89.244328125
123.1968203125
165.764375
117.5513515625
346.21403125
262.58578125
142.672796875
139.03375
254.33940625
293.23028125
314.1463125
99.912140625
309.1201875
429.37190625
78.391515625
341.0128125
81.965640625
255.340609375
131.165265625
182.435234375
299.517875
69.7266875
138.109546875
55.49884375
99.362484375
148.9589375
203.81359375
49.6257890625
291.4424375
175.06396875
169.561375
303.97715625
307.39309375
275.0804375
74.6475
99.2774921875
350.92340625
421.63115625
206.040828125
294.11203125
142.0190625
242.472515625
370.9428125
383.79521875
73.059703125
68.71509375
170.778671875
124.1443515625
79.9496875
209.410515625
376.1396875
458.38896875
158.3814375
290.562875
139.666453125
329.643375
107.27259375
118.3739140625
339.314125
202.394953125
394.29996875
200.71659375
389.0550625
238.742828125
164.845515625
373.6961875
353.0139375
90.7226171875
149.52621875
95.2643515625
440.0373125
254.09921875
260.243296875
118.9572109375
410.9080625
203.199953125
229.2545
154.02540625
112.341921875
178.472875
196.39646875
228.971828125
376.1668125
185.324140625
67.21290625
229.7560625
132.85778125
246.67778125
80.1051796875
263.922
143.4574375
213.6114375
453.81234375
269.63340625
219.191203125
290.82459375
204.8306875
264.609125
96.4591015625
242.528046875
243.757109375
94.559140625
314.2014375
34.43915625
195.0054375
301.35025
461.07
56.43679296875
342.38596875
297.6241875
112.6415703125
345.5053125
103.93653125
34.90481640625
157.831640625
154.98421875
102.2194375
314.4355625
113.75646875
135.0093125
317.66646875
135.653171875
335.87625
196.957015625
340.65384375
67.765875
59.46167578125
360.57121875
57.425765625
194.029625
175.328421875
115.8571796875
72.64890625
419.55034375
171.55
52.90466796875
424.907375
78.5015703125
72.6840390625
232.67853125
182.58559375
233.1540625
166.13290625
347.7251875
354.60234375
384.8125625
164.56728125
392.809375
196.354625
95.5572421875
57.93247265625
343.56296875
377.07471875
134.526625
454.90334375
142.238984375
381.796125
348.4243125
242.25121875
156.93209375
31.016732421875
88.2187578125
95.39765625
64.05628515625
75.988453125
210.3149375
86.2886328125
169.291046875
132.625078125
58.29175
187.840203125
181.38921875
136.501578125
131.558296875
76.77578125
384.38559375
146.388640625
427.9933125
144.6400625
129.421390625
154.71628125
155.571046875
419.69378125
77.75175
192.1178125
202.071609375
171.03475
98.104546875
406.78340625
254.18678125
323.62384375
128.702109375
251.651171875
52.2591640625
233.667578125
331.2746875
63.69510546875
95.749203125
195.555046875
157.602046875
262.00103125
232.372125
122.6625859375
249.4960625
42.9819375
154.572359375
427.551
103.6403671875
118.7972578125
427.6588125
133.5390625
73.9545234375
219.640359375
174.972421875
59.7829921875
178.593671875
281.5690625
159.77903125
40.88328515625
437.29890625
111.6617421875
387.64128125
249.482359375
195.281078125
332.43215625
288.6294375
257.932421875
135.478828125
445.18796875
321.67503125
15.1894482421875
173.9633125
123.649671875
208.378109375
63.27175390625
76.81290625
382.165625
319.66428125
85.3681484375
280.7580625
452.57975
179.294140625
463.443375
81.26284375
151.275234375
143.557546875
106.755296875
315.5006875
429.707625
118.0710546875
85.42678125
156.44496875
216.74284375
459.264
43.22112890625
118.2143671875
347.82903125
457.97946875
440.15953125
138.084875
286.5759375
128.9855703125
198.072546875
317.1105
228.594140625
197.427703125
142.827078125
95.0575703125
359.15728125
333.3213125
307.87190625
188.654015625
77.8301953125
255.263875
258.531375
48.8040703125
309.6229375
136.687921875
439.17075
271.308
220.261625
144.893953125
134.6605625
105.27425
352.2240625
158.872921875
189.78253125
156.284546875
219.18696875
203.817703125
104.76959375
168.287203125
192.51484375
62.800296875
267.85071875
258.045828125
449.48878125
293.4598125
320.2551875
231.41321875
116.8911953125
135.826765625
301.08625
184.645484375
323.025375
29.76971875
104.10815625
415.83353125
90.069265625
102.643
46.2944375
171.488125
30.796404296875
379.07228125
95.421625
290.35940625
155.85903125
225.081578125
289.988125
146.484546875
92.870984375
131.864390625
424.30840625
239.8394375
217.46478125
347.35196875
185.03878125
188.50628125
106.54078125
302.88984375
215.375796875
175.41903125
377.7513125
358.282625
70.42653125
267.84203125
212.7650625
261.329046875
44.82998046875
140.4703125
366.94721875
455.8600625
187.014578125
242.85221875
196.1149375
209.730953125
141.5840625
166.6201875
152.779546875
148.91065625
127.151796875
309.73128125
462.70384375
244.160984375
85.599234375
158.309796875
28.549828125
71.406984375
155.451515625
190.167234375
157.955171875
280.74659375
443.70153125
136.287296875
334.97365625
163.268546875
442.4493125
187.43503125
450.80753125
121.9661328125
127.7245625
273.496125
102.917140625
119.669015625
85.150796875
246.0995625
149.579765625
64.870484375
145.812234375
108.77734375
54.50924609375
227.793984375
239.719109375
318.8269375
421.48609375
170.153453125
27.103982421875
347.099625
356.102
229.9236875
402.6590625
144.92475
174.824703125
80.60953125
167.43709375
209.321953125
100.3198671875
169.145546875
106.3639765625
291.84540625
64.98713671875
192.451390625
424.977375
371.8511875
256.719640625
264.38065625
95.32259375
361.683625
75.6498203125
365.9095625
243.50771875
182.423796875
118.5890625
269.1273125
92.279609375
192.43471875
80.002765625
135.46959375
191.47409375
84.132484375
211.4309375
216.0441875
67.9223125
125.7865625
139.7731875
140.415921875
246.888296875
408.39184375
376.30246875
49.41319921875
186.664
230.461609375
360.0616875
272.91334375
255.95025
130.3586875
203.90825
463.84771875
196.188
129.12728125
80.8061953125
125.3528125
375.06403125
212.22815625
385.42078125
156.118859375
94.47278125
156.49665625
104.6715390625
174.837859375
446.35740625
180.890515625
81.24109375
138.04809375
330.54721875
201.918328125
443.29025
418.20253125
212.565640625
389.364625
127.0926796875
135.94471875
138.228484375
423.80934375
353.83125
354.87896875
368.07378125
138.21490625
208.7140625
250.2208125
73.4445546875
138.451421875
394.8328125
140.397984375
53.35572265625
31.0704375
24.17849609375
20.214720703125
222.943453125
69.8685546875
127.30065625
103.9545546875
216.824671875
145.240734375
252.2785625
68.2902578125
166.437390625
441.33365625
301.74978125
348.8248125
288.1589375
66.012578125
64.46440234375
252.67790625
51.620984375
125.9753125
111.3982578125
137.967859375
99.5356484375
277.277
275.36275
77.8575703125
129.205453125
170.992859375
41.5800390625
121.54865625
128.997796875
76.0963515625
82.3954140625
161.94225
92.361703125
362.63109375
340.21365625
247.38396875
373.793
441.893875
445.19203125
142.286953125
112.6327109375
366.74859375
84.655515625
116.22071875
41.7500234375
106.106
238.6970625
279.3035
177.049859375
90.558234375
245.23090625
49.7150390625
412.27515625
124.6846875
238.815296875
40.36494140625
433.5581875
223.371
309.3595
299.8063125
77.2475859375
269.2559375
162.159359375
74.439859375
191.658625
278.0568125
79.87290625
197.9133125
174.386984375
105.002234375
116.12453125
224.032390625
162.536578125
203.103703125
198.40953125
99.3603984375
49.66244921875
373.52084375
215.054921875
340.94390625
38.41593359375
68.868734375
458.5038125
186.9241875
259.55003125
294.319125
96.11853125
226.25640625
292.7824375
79.46434375
93.9796171875
406.82646875
142.59378125
358.431
225.442453125
246.143796875
86.29684375
318.94015625
57.97480078125
166.35696875
122.715265625
132.57040625
466.1639375
147.8949375
90.7958828125
102.209703125
392.66246875
200.787078125
355.02453125
233.326796875
187.387734375
180.280109375
239.307640625
159.534671875
124.608640625
48.59812890625
424.04103125
34.60031640625
191.097265625
329.27390625
292.31865625
219.420140625
144.059265625
141.92659375
92.678640625
70.195359375
169.927640625
441.83415625
127.6883984375
41.35162109375
62.91315234375
146.759734375
410.41575
289.0513125
356.308125
367.43496875
272.34321875
271.0570625
107.4948046875
264.48315625
121.9417578125
392.37615625
392.82290625
414.68390625
252.31825
185.1666875
65.2091171875
239.601859375
92.174453125
60.80507421875
385.8045
67.466578125
332.9331875
95.104640625
106.525046875
77.72053125
49.2629765625
223.68746875
308.90646875
111.7950546875
361.025375
83.5235859375
160.574671875
381.75028125
127.9438046875
153.4663125
133.137109375
337.9206875
209.209375
370.85621875
62.817921875
165.989140625
89.0528125
216.535765625
129.4249296875
76.898765625
374.47309375
40.04041796875
142.058984375
142.225734375
297.42996875
209.84428125
223.754390625
399.69475
433.0794375
190.208640625
219.684984375
259.031703125
313.23009375
230.685390625
115.67140625
248.248921875
91.0047109375
315.0979375
352.87459375
64.21262890625
447.4145
184.338984375
256.851375
49.544078125
179.65484375
409.1129375
113.488484375
101.568
102.0199765625
149.1095
297.27521875
250.3978125
65.32666015625
190.339578125
154.643453125
154.633765625
150.533921875
207.259328125
38.5625
263.539
32.222486328125
232.537578125
167.948109375
104.942265625
41.75173046875
117.98140625
71.8223203125
203.191328125
342.22059375
163.860046875
99.317796875
276.95225
142.2016875
244.55315625
101.302625
186.7138125
300.0015625
154.439640625
111.309921875
131.95328125
226.564640625
356.2375625
424.67625
98.2584140625
83.5982265625
291.264625
68.5986015625
438.36809375
179.41128125
164.474609375
121.7495
69.9049375
129.082625
82.3061953125
101.3279609375
180.31546875
423.494875
134.896734375
191.18096875
103.970796875
242.387890625
48.64928515625
138.5620625
435.82178125
307.41365625
42.152921875
396.872875
103.6490625
75.6422109375
342.65365625
275.4689375
151.918671875
414.88875
217.05128125
77.5827109375
463.7030625
297.1076875
230.42359375
411.28015625
113.836703125
109.5299453125
270.55753125
38.8116640625
248.947015625
181.699390625
39.5189765625
322.556625
98.9433125
304.5914375
455.54253125
117.94734375
268.52453125
68.1522421875
176.70390625
177.025984375
311.78975
121.3652890625
187.648140625
219.943984375
20.35778515625
118.9190078125
61.16126953125
247.192578125
69.95675
281.27809375
70.7716171875
151.6784375
41.07608203125
36.38554296875
178.194015625
282.50253125
203.044828125
251.6281875
185.43215625
258.233734375
252.327109375
111.7113984375
194.94434375
26.66084375
134.22759375
264.33075
51.7585234375
397.2653125
110.7878671875
272.18753125
241.922203125
385.98275
363.74775
176.73321875
353.577625
383.647
93.1903359375
174.51509375
85.0561953125
108.7552578125
244.292765625
191.3684375
101.356921875
102.730328125
163.7203125
246.296375
156.351265625
234.227859375
265.1870625
75.7484140625
136.279515625
79.089515625
425.0503125
71.4612421875
227.6451875
302.9824375
65.1827734375
384.57653125
132.865765625
217.029953125
30.220662109375
37.8969765625
417.41471875
282.3233125
372.33534375
183.564
311.6150625
233.5493125
119.4035234375
421.48553125
366.2015
351.197375
417.59234375
108.2530390625
168.96484375
116.7000078125
50.6118828125
139.083734375
434.867625
201.641015625
115.168125
294.867625
52.1528828125
168.078
199.4933125
273.78325
62.80071484375
202.969734375
242.444546875
136.222578125
284.74528125
110.8623203125
177.600890625
257.884625
324.8288125
440.51740625
133.137484375
198.70571875
273.11715625
251.7745
97.811515625
305.57528125
229.440453125
208.37365625
231.794625
93.550140625
75.015546875
114.317375
429.558375
62.928609375
443.14128125
402.8649375
434.15559375
101.9524375
284.160375
45.8633984375
18.1974296875
433.390375
357.2196875
208.133484375
228.3739375
443.4404375
282.6116875
35.74248046875
150.15503125
258.826421875
88.4346953125
415.034
214.09265625
84.9988671875
359.36134375
383.152125
295.56953125
322.59596875
77.8907421875
93.098765625
444.30275
74.873328125
192.457546875
137.415265625
67.04121875
243.034015625
177.438296875
322.8705625
185.00565625
40.5590078125
411.82575
129.2245
273.98025
105.693140625
45.3745390625
177.76
238.120765625
140.094765625
307.94746875
232.377953125
423.64825
88.9176875
152.264765625
207.754390625
145.704390625
70.9041640625
174.379453125
255.6730625
269.60134375
439.78715625
118.648375
375.883375
47.2807578125
143.885703125
146.05040625
69.4376875
126.538484375
203.314296875
54.036953125
105.78178125
347.18490625
448.5399375
238.175484375
422.74578125
147.577140625
201.204765625
37.62186328125
258.681796875
337.2885625
250.555671875
228.73425
239.808390625
149.28296875
255.368640625
56.79708203125
94.6524609375
69.5341484375
56.9105078125
265.23125
80.000734375
126.8115625
64.74103125
48.25301953125
406.52259375
38.9691796875
449.34340625
85.839171875
109.4560390625
224.98125
386.5535
112.2472734375
218.944796875
102.22821875
154.363953125
107.2032890625
114.1021796875
445.588
317.5059375
314.54665625
76.6013203125
255.11015625
377.73684375
168.719328125
265.25759375
254.1515
403.31596875
109.6865625
281.8174375
454.89446875
255.764359375
37.7088828125
453.893625
28.974939453125
77.9901015625
102.3644375
254.606640625
233.485140625
142.230875
356.88625
142.404203125
134.934953125
192.016390625
125.76690625
363.52171875
209.166734375
200.018578125
82.649078125
288.51690625
319.10225
210.329390625
120.7534453125
210.50040625
323.6505625
177.461140625
135.037125
253.1850625
460.378
84.624171875
414.18990625
250.30821875
300.72484375
249.796734375
231.691875
228.178078125
134.899171875
374.0700625
110.423125
70.520625
151.166
74.9318671875
115.174359375
88.277859375
122.953296875
365.292125
68.5426875
159.461625
155.13021875
220.2354375
109.962375
337.49603125
202.458125
300.52421875
140.765640625
320.43465625
63.06308984375
234.745625
82.4552578125
412.64621875
99.434375
334.97428125
119.603828125
36.4463125
262.92040625
45.07316796875
85.948265625
447.36015625
72.67678125
51.756203125
135.079421875
125.3098671875
319.1436875
94.0738125
341.98665625
423.8735
311.36925
127.7220234375
213.464203125
451.4093125
87.7816953125
71.4503984375
138.8454375
115.054421875
35.0020390625
379.98790625
68.105390625
108.5943125
38.31691796875
185.471953125
173.13725
53.01222265625
241.9090625
196.881515625
117.72484375
109.9024609375
81.7133515625
300.2429375
120.2906171875
46.558984375
183.067234375
242.59053125
160.64340625
287.97909375
243.51790625
314.921125
41.09099609375
261.96165625
377.58159375
145.85275
96.7074140625
378.339125
163.821390625
40.33587890625
139.42809375
172.4605625
128.39340625
118.3411796875
250.2495625
275.382
52.79149609375
141.6880625
64.87557421875
407.6234375
56.91051171875
157.820671875
286.07684375
48.27858203125
159.2441875
229.44290625
149.502890625
188.467125
142.4148125
257.264828125
38.30805859375
67.3058203125
92.6503046875
221.157109375
222.751765625
359.18671875
247.92275
262.43490625
432.520375
307.90834375
132.472984375
419.5935625
165.81340625
73.36353125
292.93709375
326.32603125
445.9125625
251.260640625
101.738078125
65.4101015625
102.0338125
98.609421875
168.69234375
360.61978125
103.6094765625
211.693890625
135.051140625
156.18525
289.846375
269.87353125
417.97778125
276.895375
220.817046875
147.345140625
344.60334375
62.07591796875
211.225859375
97.831046875
188.66153125
263.25303125
221.047640625
292.40975
109.1612265625
117.3613203125
218.483453125
53.37013671875
164.3496875
99.2090703125
233.61521875
152.911890625
228.3935625
416.94321875
74.243
103.3867734375
182.9063125
138.613984375
129.0491640625
362.649875
430.5491875
221.9675625
120.7170390625
222.925875
97.1098359375
105.9316171875
252.1565
76.120625
142.083421875
185.848
130.059125
51.5913515625
273.415625
121.196375
56.52989453125
230.585171875
227.37134375
57.57123828125
65.585296875
148.081296875
248.063453125
186.77990625
209.26609375
456.05209375
167.191046875
84.240828125
164.533890625
43.96843359375
386.735375
309.09403125
137.63065625
69.086796875
203.80828125
395.93840625
262.40565625
162.56734375
226.40309375
285.39759375
258.193171875
323.08671875
422.797375
464.39096875
108.559171875
52.36095703125
231.343765625
83.0843046875
253.4876875
135.607515625
130.9620859375
463.12371875
350.1401875
193.5886875
151.714890625
78.8391171875
401.313625
85.6975859375
323.909625
220.345359375
194.627984375
85.732125
142.9188125
28.8535859375
82.8921015625
151.84803125
339.10215625
243.23859375
424.45809375
43.349015625
164.771140625
278.40203125
222.31328125
305.158875
281.053875
251.671109375
274.84909375
28.1928203125
63.99617578125
435.52034375
200.58315625
173.321296875
371.74728125
65.7770078125
294.61934375
169.95234375
212.766546875
42.67069140625
257.33828125
82.0828515625
363.87196875
154.098125
185.77734375
61.9491015625
282.558
66.1944296875
452.10559375
107.8280546875
405.97834375
264.53521875
21.4860546875
29.134212890625
430.9601875
441.82125
225.1114375
187.94778125
157.360203125
247.437515625
399.3276875
42.25887109375
207.16646875
353.68728125
331.0865625
108.0810703125
287.114625
129.5319609375
46.30996484375
326.2266875
434.3713125
129.7124609375
69.2922265625
445.8544375
269.49828125
204.49059375
205.46103125
123.8425390625
305.61859375
92.848359375
124.1078984375
245.8203125
59.2417890625
91.9118359375
81.116875
113.566625
59.5446015625
164.808578125
461.1328125
51.170046875
60.39130859375
177.604734375
131.75478125
87.296859375
196.776296875
164.622296875
361.497625
65.24717578125
27.07578515625
94.7769921875
162.83325
48.54143359375
126.7270859375
89.3553671875
125.4598046875
225.142984375
170.77075
293.39190625
213.16278125
194.21375
336.16240625
91.683890625
159.12603125
315.235125
383.6874375
156.833078125
196.566765625
216.283390625
70.1745390625
197.50659375
19.348306640625
77.853171875
225.107515625
67.0448359375
349.4104375
209.50775
232.9555625
388.90990625
261.65603125
167.600734375
164.90365625
429.97559375
109.7008046875
292.05134375
179.01534375
420.05603125
218.504125
180.57871875
67.8810703125
80.001515625
48.96668359375
366.3649375
389.519875
405.61803125
127.6741484375
9.2947802734375
127.9676484375
343.65690625
109.0101875
261.15596875
73.621328125
296.19121875
85.34825
223.409875
235.64075
419.69253125
174.043515625
126.68671875
232.763328125
173.8114375
167.665265625
119.370640625
427.97440625
34.95942578125
178.815671875
114.1398515625
154.3265
145.32171875
357.60609375
192.669671875
92.6767578125
121.360578125
64.63988671875
236.62890625
223.06034375
29.28937109375
114.144265625
399.31946875
229.54315625
160.1418125
348.2840625
44.64769921875
459.09365625
354.95196875
99.6939140625
35.5945703125
324.0561875
241.20659375
256.842671875
59.66359375
54.68598828125
85.3843359375
437.3359375
434.09353125
206.52259375
83.1354296875
304.11034375
441.07753125
109.8241015625
179.9821875
455.40971875
173.434921875
398.2885625
322.51903125
104.5416953125
254.194078125
101.122609375
112.612578125
311.25290625
89.2455078125
174.531203125
126.74828125
369.44478125
453.3216875
423.59925
251.25084375
128.42896875
63.5842578125
226.796890625
94.4885859375
394.52515625
299.07284375
36.25260546875
272.52265625
36.56501953125
200.3270625
119.631125
186.435203125
230.743140625
208.852734375
63.233375
151.806265625
199.335296875
52.0006328125
284.59440625
139.46796875
249.845875
252.9246875
202.042890625
181.360421875
294.32190625
144.672625
113.657703125
168.300625
236.750765625
442.1011875
250.38121875
458.720875
85.0730078125
265.282875
230.408015625
35.024703125
125.004328125
83.571703125
191.560421875
27.2878828125
215.49153125
175.479859375
422.62840625
329.63121875
438.6476875
98.7698359375
285.83921875
253.682015625
36.8436171875
350.68846875
345.17221875
64.75903125
201.00571875
216.399875
202.359
91.5660546875
355.261625
100.703125
230.47003125
100.735921875
116.4261484375
77.1261015625
162.494578125
89.4450390625
203.43628125
154.729375
189.9108125
33.3198515625
260.360171875
463.939125
56.653734375
453.72390625
80.406078125
224.2425625
374.6088125
88.613421875
276.7325625
144.488671875
83.714078125
104.45009375
206.5635625
76.0800546875
50.34355078125
157.788515625
462.71003125
60.15341015625
363.857375
290.06390625
213.512984375
338.83171875
254.770546875
466.04140625
189.876546875
280.8283125
113.6151171875
440.24425
185.514578125
119.0216875
105.677640625
187.422
90.0521640625
115.3971015625
348.68565625
280.83553125
316.1856875
98.8726484375
68.614390625
168.389046875
124.697203125
151.332046875
230.8893125
356.56234375
32.066537109375
259.90375
266.543375
114.6881484375
53.62186328125
105.04415625
64.71242578125
426.0136875
37.20805078125
382.42890625
229.220953125
236.67146875
191.372640625
232.185390625
18.942060546875
413.1899375
258.725703125
183.093796875
297.70425
54.3086015625
134.442171875
116.880796875
296.16675
244.43359375
139.5029375
164.918765625
137.345140625
186.05834375
91.776875
427.4775625
155.060015625
468.9891875
422.19190625
95.1583828125
117.751328125
395.64171875
189.6458125
347.662
51.22826171875
348.14896875
339.58609375
225.226125
181.476578125
127.79490625
104.4975625
178.113609375
360.04646875
414.33678125
160.319140625
106.6701796875
206.183
454.3849375
471.27246875
368.85471875
195.511890625
54.8909375
158.885828125
109.0690703125
398.91784375
221.40090625
43.03228515625
71.0616875
96.700328125
227.667890625
224.23759375
285.90159375
129.4829296875
296.21015625
312.27540625
118.14903125
386.93234375
371.34309375
31.83413671875
178.096859375
90.82690625
199.564828125
94.8657109375
104.7718125
98.0559140625
383.93775
317.513625
187.398921875
188.354890625
91.934328125
428.46971875
287.6028125
263.02325
73.4538671875
63.8223828125
438.012
49.025953125
76.5230703125
423.641625
307.1274375
78.9185546875
281.19275
165.530296875
189.80615625
416.8723125
135.4935625
207.449421875
91.5012578125
213.38984375
399.1494375
83.796859375
134.80625
204.446640625
370.42025
69.8381171875
150.188453125
233.11675
198.1376875
420.327
142.4696875
93.0859375
119.6629453125
363.897
57.58883984375
201.770984375
151.173609375
57.04213671875
133.88059375
154.897578125
70.945078125
449.14134375
331.84290625
330.72690625
351.14934375
322.61675
115.64928125
217.0468125
268.16121875
211.911
342.46646875
247.220890625
100.5661796875
445.911875
192.06490625
380.39425
327.14465625
79.8624921875
371.5518125
159.75878125
239.34815625
221.69590625
162.927296875
305.60284375
272.769875
259.332625
68.71875
320.16659375
315.42721875
310.36365625
171.351
342.9991875
117.742328125
413.741125
414.30765625
204.124734375
308.3465625
221.481
372.302875
225.5946875
153.45509375
156.780515625
282.692625
247.427015625
433.17196875
223.097703125
63.048609375
187.60009375
216.057390625
72.21246875
123.0759140625
105.1464140625
110.900703125
329.29028125
212.776015625
79.6924609375
14.532525390625
262.6073125
79.9808515625
63.8324765625
168.35153125
149.852796875
52.85984375
252.54128125
227.953140625
269.9446875
126.9941875
248.019921875
152.644515625
243.49296875
91.04775
154.7356875
240.74790625
288.23709375
405.28590625
218.009046875
262.692125
231.530390625
162.256234375
332.573875
93.6883203125
453.922875
317.79503125
313.1245625
402.7076875
63.11287109375
47.3652734375
462.43134375
86.7848125
143.463328125
239.842234375
215.759125
469.840125
168.92196875
211.00059375
317.7124375
98.2959609375
305.8785625
77.8145859375
224.109140625
175.02903125
167.993765625
152.230703125
374.58528125
55.65362890625
338.0051875
72.831359375
134.630203125
87.3763046875
49.05725
318.24903125
104.833171875
195.61425
296.00115625
104.088359375
123.2800546875
59.6726875
117.4235
375.43665625
350.587
82.515125
91.64875
256.690890625
128.1934609375
360.7439375
207.55096875
157.88971875
149.05996875
457.716875
105.78084375
116.4650078125
290.46103125
75.1826328125
168.068796875
169.826765625
45.835875
78.5107421875
182.9345625
446.691875
57.8396796875
272.6359375
452.268625
178.733625
142.425296875
85.81271875
137.6114375
260.54525
285.6
445.5434375
140.265921875
294.75196875
178.040609375
184.148859375
72.257359375
296.20175
280.6066875
156.128515625
196.758703125
175.858640625
191.983171875
328.02965625
81.322609375
65.915328125
255.158140625
173.50509375
175.837984375
168.37775
132.42146875
288.58009375
110.27928125
331.44821875
405.24434375
227.996125
81.10228125
269.9431875
80.1846484375
388.61853125
330.40178125
264.1240625
99.6495234375
114.2760625
215.66840625
357.96371875
269.14
37.81580078125
44.08630078125
430.40340625
283.27653125
253.62640625
348.2325
432.94028125
131.173859375
58.42911328125
98.6648359375
133.831828125
219.380125
158.170359375
83.69759375
352.6655625
218.779015625
167.258609375
133.421015625
418.7235625
377.80609375
216.43625
36.763390625
174.1244375
204.424171875
354.94053125
145.8970625
75.692453125
155.318015625
99.77559375
163.7039375
132.194546875
427.2909375
170.039609375
117.0517265625
86.4155234375
452.565625
228.757859375
349.700375
81.909421875
285.54515625
162.5284375
123.530484375
71.2734765625
112.3277265625
291.19790625
197.1365
347.6348125
112.8214609375
149.040921875
72.801671875
19.43368359375
448.56965625
298.99253125
326.1591875
185.683125
222.82825
408.80275
190.0128125
441.64534375
368.12775
453.07459375
60.60997265625
441.72853125
136.671484375
319.1080625
57.39029296875
202.52328125
459.066375
228.313296875
82.7181171875
43.84198828125
90.0383828125
408.33221875
69.01978125
91.3556171875
459.33359375
162.245484375
28.257716796875
338.7775
192.56340625
432.41765625
458.91428125
243.4959375
247.0908125
269.08340625
255.39496875
272.843
262.3510625
190.636140625
198.74765625
473.38115625
94.8939375
55.2404140625
140.58584375
444.56784375
200.151015625
453.397625
325.36103125
252.177796875
274.73065625
414.088625
141.46440625
84.53615625
96.2351953125
64.669125
318.74040625
245.2230625
34.60015625
454.7771875
438.17503125
372.8300625
434.1558125
194.909078125
268.08621875
115.268609375
299.3379375
420.38984375
101.795796875
243.169
181.04628125
333.884375
194.41503125
293.7683125
85.7887265625
60.02778515625
339.29121875
123.366515625
67.4994921875
441.86503125
299.83009375
225.817015625
252.49390625
314.91996875
190.710421875
115.519734375
186.426984375
61.8520234375
381.84225
87.577125
180.14425
103.1282109375
429.35075
449.61425
45.8049375
84.855703125
206.810671875
265.4409375
143.5653125
164.525234375
141.760015625
317.192875
258.91309375
406.06875
103.162046875
143.018234375
99.823640625
201.841140625
427.44384375
194.776078125
225.012515625
242.617078125
111.92925
248.98346875
163.187578125
347.47684375
169.97140625
109.4868828125
87.5918671875
102.2684296875
109.027640625
51.1744609375
188.416203125
420.37625
64.5492890625
207.57340625
209.58634375
198.216953125
179.01175
174.998390625
203.07415625
233.097078125
424.7815625
251.54415625
50.0838359375
258.7189375
266.95609375
56.27545703125
100.6323828125
76.451125
161.383359375
128.775203125
152.326828125
360.098375
93.3967265625
87.9018671875
134.8986875
115.1571015625
410.15659375
241.526546875
258.2691875
344.0973125
82.67678125
64.56016796875
189.836515625
386.11471875
144.057375
101.45525
62.37784765625
310.38725
142.33596875
74.4533984375
143.125671875
62.81548828125
417.37825
175.2839375
324.18490625
177.001515625
92.0219296875
227.3540625
190.1995625
274.96946875
146.408734375
92.5035234375
62.08172265625
270.59675
141.72928125
137.757203125
42.48426953125
272.33078125
50.45562890625
176.061140625
160.666671875
328.03653125
209.606953125
362.629375
228.973609375
315.0765625
217.648296875
33.12501171875
401.58990625
172.749140625
292.09203125
205.043421875
130.0348515625
211.36953125
448.35278125
372.1269375
316.886625
