32.5
32.8
33.2
33.6
34
34.2
35
34.2
34.2
34.2
34
35.5
35.8
36.7
37.5
40
40
39.5
39.2
38.3
38.3
38.3
37.6
42.5
45
47
49.5
60
61
61.5
61
60.2
60
60.2
59
58.5
58
56.7
50
45
45
45
46
45.5
44.2
44
43.5
43.5
45.6
45.8
45
45.8
45.5
45.2
45
44.2
43.5
42.5
40
40
40
40
40
40
40
40
40.5
40.5
40.3
40
40
39.5
39.3
39
39.3
40
40.8
41
41.6
43
44
44.5
45
47
47.3
47.5
47.6
47.7
47.9
49
49.5
50
51.4
51.5
51.5
51.5
51.5
51.5
51.5
51.6
52
52.5
53
54
55
55.4
55.6
56
56.4
57
57.5
58.2
58.5
59
59.5
60
60
60
60
59.5
59.2
59.4
59.6
59.8
59.9
60
60
60
59.5
59.3
59.1
59
58.8
58.6
58.4
58.3
58.3
58.4
58.4
58.5
58.5
58.9
59
59
58.9
58.9
58.6
58.5
58.5
58.6
58.5
