777.41675
679.2735
876.839
827.3505
720.1735
772.1563125
775.517625
887.4613125
755.4305625
688.0770625
800.4948125
825.4455625
732.4700625
751.606125
835.6058125
810.1959375
883.2609375
780.7246875
690.81225
798.509625
762.8940625
696.5876875
842.9416875
792.7166875
739.3705
744.4795625
809.6934375
754.2984375
692.46425
731.4011875
918.2944375
738.1206875
1019.2971875
690.5540625
705.037125
759.96325
659.6729375
732.8525
695.6059375
868.5115
688.963125
1068.479
690.2831875
732.971125
702.4510625
731.47875
710.2964375
686.331
780.323375
876.88975
769.255
881.578375
799.56675
718.2761875
736.0544375
641.212125
867.718125
721.0770625
811.2076875
800.6454375
693.685
718.26225
715.2795
852.127125
757.7909375
649.5055
718.133
722.546125
705.363125
831.016875
711.1558125
700.8775625
819.919375
741.771875
818.71375
780.366125
832.12
713.3756875
771.4893125
744.6524375
894.0344375
782.819625
767.49525
786.9974375
805.222125
854.0055
718.6775
873.6839375
744.7273125
805.7933125
718.9028125
747.6470625
1048.617375
727.3394375
708.6130625
745.9975625
949.1076875
682.6025625
706.3040625
780.95225
986.808125
633.3810625
787.0973125
757.44575
707.9454375
779.075375
742.924375
736.7299375
841.9011875
718.1868125
979.034
827.3539375
714.2414375
735.42275
823.357125
720.5720625
858.02825
913.6266875
693.0043125
716.153125
813.7010625
815.1601875
958.1453125
603.418875
836.0204375
733.4773125
850.2515
739.126375
703.1386875
785.8703125
740.7596875
737.42275
680.4024375
895.259125
746.418375
743.701375
728.94175
816.1913125
717.1855
751.720125
830.630875
712.3026875
663.695
729.4796875
785.9474375
711.9411875
1007.283875
749.571625
762.6994375
773.8140625
730.4845625
726.5099375
718.9309375
717.253375
717.1425625
836.156375
735.8325625
697.5113125
692.947125
1042.4840625
753.09725
695.58
702.9438125
861.94625
1033.0313125
725.475375
744.3258125
766.4791875
754.1868125
877.100125
722.87725
766.060125
691.4240625
708.4725625
821.2530625
727.4113125
709.557125
855.103875
724.46875
725.767
927.8323125
700.782875
805.0364375
846.4961875
801.227125
673.680375
675.2471875
772.7241875
912.0171875
715.6458125
736.73425
688.4826875
681.2825625
999.1065625
736.717375
716.7315625
777.135
681.070375
852.6419375
813.8615625
1150.284875
745.8325625
847.6535
760.8254375
728.15425
696.523625
764.811625
680.6510625
719.5464375
753.893
956.8525625
788.22675
879.2445
706.3619375
694.109875
741.846125
742.1130625
781.0088125
738.7124375
797.9363125
932.6924375
679.37775
695.240125
661.109
752.9353125
697.1558125
714.4020625
881.2406875
772.869125
715.2625625
716.669
725.8794375
999.4413125
910.4849375
843.270875
779.748125
830.591125
858.137
765.62625
780.7460625
798.1351875
768.386125
730.185625
712.6810625
660.2534375
741.315125
731.5568125
738.194375
767.6220625
702.633375
759.2429375
711.9641875
690.4130625
683.1328125
806.022
734.3959375
878.21975
685.456125
716.6695
734.4569375
776.62275
750.5408125
762.4639375
716.911875
958.7693125
1194.657375
716.439
810.7023125
809.7881875
781.0103125
814.04775
745.26225
790.7671875
714.8175
839.013375
858.381875
764.3408125
744.8940625
747.001875
935.878625
713.4733125
762.784375
823.5243125
679.1800625
747.0663125
722.27625
744.57925
723.8575
915.2799375
800.07
864.1573125
746.858125
709.553125
744.7994375
843.0648125
740.799
784.8810625
772.809375
831.8528125
728.586125
746.3710625
734.3656875
748.8870625
786.7168125
756.3835625
1075.0975
726.1033125
701.227375
860.087
1081.946
798.6734375
742.7414375
754.5631875
1040.4843125
739.7190625
784.2606875
780.8796875
717.2675625
765.5625625
719.334
800.97675
809.205
778.4510625
711.495125
797.559375
793.875
813.28325
1103.0245
799.6464375
802.887625
723.34675
732.0870625
745.45475
767.215875
984.1124375
728.9203125
871.055375
824.290875
912.6464375
773.75925
752.6785
834.037625
761.772
753.2439375
729.978875
767.144875
774.2494375
724.437625
700.0088125
763.656375
733.1455625
726.4675
825.7595625
702.4268125
693.487875
728.953875
791.32975
715.818375
761.287375
696.4968125
739.787125
733.971625
776.486875
839.404875
705.8879375
831.855875
755.51375
812.914625
723.36925
717.38525
1022.1874375
921.692125
699.4065
848.035625
778.3364375
786.17425
733.0815
780.617375
678.5753125
739.1871875
686.8829375
728.1396875
770.9139375
658.7149375
858.3356875
915.576625
783.56775
774.4553125
767.7855625
769.5524375
794.5610625
753.8139375
684.7005625
822.389625
706.847125
718.444125
745.791625
722.1609375
769.8400625
712.5069375
689.5414375
771.7585625
700.7184375
803.9791875
876.7781875
726.23925
693.560375
693.7740625
934.0355625
753.7511875
736.322375
716.7635625
792.57925
752.3906875
767.799
728.3898125
728.3044375
729.0011875
776.367625
709.4120625
637.1484375
730.13825
709.3886875
740.3115
725.714875
760.3163125
757.539
994.9684375
702.1978125
707.0993125
887.602875
788.8268125
764.04725
1311.883375
753.1375
740.348125
820.3043125
692.45825
786.6623125
738.4600625
799.0203125
863.8404375
785.86375
756.4135
817.52975
749.4695625
762.308625
661.70075
826.25
749.7876875
813.54
1118.83625
854.624625
765.14625
648.8855
758.8528125
731.1981875
765.4160625
664.301625
741.107625
775.19125
763.8188125
773.3285625
734.8690625
729.2128125
774.6111875
715.2164375
721.933
938.8703125
677.894375
831.1663125
697.45725
766.7865
729.9986875
774.84275
833.32675
695.260875
1089.3805
689.810375
710.803125
743.6269375
791.4110625
709.0778125
846.0334375
731.222875
889.41175
730.9745625
681.3170625
730.964
786.674125
676.51475
833.1884375
727.7859375
743.387625
837.3234375
840.90925
691.338625
743.772
720.8214375
725.37475
968.3215625
740.009625
727.89575
735.97875
1047.3688125
741.8991875
821.68575
733.7736875
707.1534375
733.0993125
721.808375
847.403625
712.524625
751.105375
750.414625
663.195375
747.7938125
710.7565625
797.651875
709.1858125
770.9904375
825.55975
724.425125
739.6953125
703.4105
773.066125
730.73825
767.0384375
774.526375
730.9288125
755.3475625
689.15425
744.067
749.2626875
699.43175
661.2379375
703.3720625
724.396625
819.9860625
702.0480625
735.8120625
866.7713125
775.708
1120.21725
740.777625
723.3380625
755.3051875
775.0504375
753.8235625
773.120375
750.240125
759.7195
696.1623125
752.431125
743.8165
726.4165625
793.2494375
716.2856875
754.627875
987.1659375
788.6655
678.1689375
791.08325
736.9294375
737.61175
711.991375
708.9315625
836.5255
946.8594375
786.5891875
779.493875
722.557
766.3075
677.5368125
854.5820625
789.873875
758.6559375
786.6478125
871.8823125
719.6649375
771.2721875
792.2296875
706.9230625
762.918125
951.6206875
988.48375
829.60425
793.688625
748.8166875
871.9705625
710.3425
689.4321875
943.4760625
915.940125
807.52275
668.40225
740.2069375
737.208125
773.866
794.476875
960.7758125
762.126625
768.1704375
764.45075
923.961
780.9138125
724.546125
815.8544375
727.6126875
727.736125
721.993625
760.789625
798.969875
710.55925
753.8784375
763.0131875
753.316
940.373
912.367875
866.087625
779.3285625
810.74725
853.209
753.793875
1048.51075
716.1583125
744.01625
764.9655625
773.9688125
733.4376875
871.95525
936.4113125
1130.4195
799.655875
927.144125
729.099
739.7556875
876.586
697.0684375
998.43875
732.553375
711.3705625
756.5065
729.8783125
862.5738125
811.93775
690.1255
880.3968125
736.8685
944.032
743.20425
708.863
731.9643125
833.773625
883.7651875
854.3058125
762.3006875
832.555625
787.5340625
702.7405
628.162
834.724375
779.74625
734.492
737.852875
724.9035625
711.632375
699.9255
830.7301875
777.3625625
687.1920625
1128.555
725.7499375
714.47675
735.5464375
779.958
729.203875
710.59925
756.987625
889.467125
786.096375
1001.3306875
918.261875
778.4044375
750.19925
877.1254375
869.217625
813.3683125
706.1913125
775.2734375
785.558375
729.5768125
699.362125
697.0109375
738.60225
766.5264375
722.0650625
738.6379375
713.2949375
723.8513125
753.9298125
772.2160625
736.215875
755.564375
854.786
824.4074375
727.3436875
837.882
735.2
736.7839375
737.1035
774.31175
921.477375
744.2043125
728.902875
842.8931875
886.396375
765.8341875
721.1211875
703.8131875
843.03725
760.811625
743.231375
1007.5245625
737.4675
758.4343125
767.877375
697.840625
684.0918125
733.0175
734.081125
819.3366875
1024.6129375
896.7798125
862.1455
710.7384375
817.8744375
794.2099375
1055.90825
718.847125
888.3866875
740.787625
827.959625
732.551625
745.0316875
745.9511875
674.4793125
854.670125
726.7263125
710.6505625
861.8393125
741.8868125
691.4718125
760.8249375
755.6470625
715.789875
803.41525
844.7854375
712.946625
825.7714375
669.8414375
691.91675
942.947125
737.614625
735.250125
703.6586875
755.2723125
717.037125
913.25125
724.8338125
695.3941875
918.10575
727.004625
704.843375
664.097375
785.05025
683.55375
855.1765625
723.2160625
734.6706875
736.1050625
734.70225
931.056125
735.4055
739.540375
734.5191875
923.036375
726.721625
771.5156875
719.2885
726.369
738.380625
707.6058125
708.009125
827.7673125
730.7715
757.5735
781.2988125
729.2554375
811.661875
831.6724375
866.730125
700.5879375
703.6075
722.303375
733.2155625
785.1721875
698.96325
752.183
726.5655625
777.6105
802.6086875
735.0828125
823.4973125
727.0661875
703.6958125
755.439875
734.6848125
830.092125
727.464
810.716
716.754125
781.9379375
773.045125
758.1638125
831.144
770.436625
705.5870625
854.71125
717.449875
703.1335625
709.0903125
749.2611875
925.0013125
732.4163125
719.9984375
840.788375
741.2544375
760.818
876.056875
809.1194375
687.6555625
737.8623125
774.0411875
943.8335
705.0696875
690.4094375
740.9336875
654.394875
761.986875
778.4849375
760.895125
923.20425
713.521125
828.759625
711.198375
715.6824375
716.2044375
689.0113125
890.0601875
770.4486875
931.614125
707.1795625
773.36675
858.19475
669.0769375
776.2385625
688.388875
755.004875
768.9366875
756.3650625
761.08125
707.0958125
895.2518125
697.3071875
668.232125
779.119875
761.3383125
721.6064375
1275.778625
850.032625
692.477875
826.0334375
840.94075
802.784125
671.8585625
709.967625
1153.022375
805.2829375
943.5606875
784.3921875
734.54225
708.1181875
702.768125
782.625875
736.5113125
716.4708125
731.3925
729.609875
729.852625
788.11875
762.321875
676.8991875
746.269125
769.514125
767.5955
754.0995
770.5145625
723.55025
645.2358125
732.9716875
788.3014375
745.3266875
705.8800625
1149.80475
768.581875
813.4020625
755.073125
739.4504375
847.83
775.0554375
1130.6915
951.8968125
703.77775
819.3799375
839.60175
675.6763125
757.9043125
720.501375
769.3526875
680.6495
1068.074
810.4849375
752.945125
724.577375
747.0315
687.8760625
736.4419375
665.2121875
735.12275
836.296
712.84475
813.666875
860.9736875
735.9899375
825.0765625
644.978375
923.646375
757.14725
752.70325
768.7860625
860.668625
1128.81275
743.341625
748.752125
784.736875
737.444375
718.6036875
741.9604375
728.4018125
799.7671875
734.9818125
699.628
825.86825
816.094625
682.3980625
1074.825625
741.2911875
1103.9095
770.9558125
746.596125
738.1414375
867.8576875
794.7381875
758.8095
739.1600625
863.2678125
690.185
722.6000625
728.3751875
724.4515
784.3836875
877.8050625
805.052
842.7415625
675.7925
786.092
800.109
836.1165625
822.829
686.6175625
830.931
703.631125
808.4468125
806.8481875
773.6030625
743.3863125
729.292125
828.3034375
700.5829375
757.085875
726.732625
939.7913125
860.3275
1006.9720625
805.8126875
777.736125
755.900625
834.8985
817.6235625
788.0498125
677.9954375
701.451375
739.006625
1055.8645
715.1524375
720.912875
795.359125
766.3185
770.1756875
755.070625
690.0910625
753.7145
730.9128125
775.7211875
710.1701875
977.897
663.9145625
760.279625
723.27425
746.77975
908.0005625
696.597375
745.3319375
718.5518125
749.7049375
773.9854375
729.4101875
733.5606875
680.6831875
815.622875
751.4868125
728.8425
824.4048125
750.0966875
807.36825
761.3295625
786.3970625
810.6763125
695.082625
749.24375
769.5113125
753.2919375
742.48175
698.5109375
722.7523125
978.3786875
679.384375
683.232625
731.6543125
668.6175
740.33025
699.8131875
820.6205
748.4186875
756.32775
812.2009375
703.001875
675.787125
718.673125
826.5149375
742.662375
1109.10625
723.1999375
763.8979375
767.434
873.052375
724.3945625
815.981
750.4303125
715.8976875
712.2934375
875.97825
679.3655
918.695625
726.81825
718.4814375
902.0646875
810.827125
799.861875
710.4403125
749.5895625
813.075875
810.412375
705.8714375
743.6620625
817.4425625
815.025
727.89175
757.6059375
808.9574375
832.903
765.5375
734.3713125
719.7179375
797.3028125
700.079375
688.5263125
768.4645625
747.2030625
752.0675625
726.3720625
1082.737125
716.6141875
719.4569375
732.589875
764.406125
722.0833125
754.4925
781.219625
793.316375
732.9831875
679.729
912.4943125
752.078375
773.4978125
705.917
699.2561875
876.7205625
805.7619375
789.7880625
726.2184375
710.5971875
707.42575
704.2214375
888.6405
748.8085
749.0805625
830.877625
689.628125
754.3504375
899.115375
749.649375
782.8690625
683.490375
767.9691875
821.0066875
825.65975
754.898125
706.4128125
909.2305625
777.1121875
708.612
751.0478125
733.24175
784.67875
751.8720625
802.79275
739.67025
738.3195
778.310875
817.7530625
707.2898125
789.417375
762.653375
731.343125
725.945875
783.2658125
798.2140625
811.6240625
730.57725
707.713375
714.29475
855.989375
715.29225
711.6221875
740.3339375
667.9189375
817.68075
724.646
746.87875
816.0235625
736.6465
795.0395
812.859375
703.1153125
758.367625
772.787
719.5324375
701.9278125
875.3718125
732.2915625
757.9071875
746.7131875
792.661125
715.424125
739.993375
769.3915625
709.705125
834.189625
1033.8201875
821.574125
831.16475
727.5260625
707.731875
672.097625
705.3769375
737.9088125
564.41125
847.448
825.2884375
903.7234375
845.4773125
700.3155625
841.545625
807.8431875
751.507875
741.29725
739.166
725.99125
866.1098125
882.4786875
911.920125
812.252625
689.529375
746.4849375
881.492625
724.3669375
752.6295625
742.0560625
859.1544375
731.799125
710.1309375
814.4195625
785.6598125
727.52675
891.9464375
686.09
858.871625
815.9556875
689.4638125
777.526625
735.0959375
948.2550625
737.6993125
756.0774375
778.610875
707.499125
808.2906875
709.9415625
756.9551875
750.3306875
755.844125
732.217125
718.210875
749.77375
723.20025
753.068375
802.351625
743.4853125
796.60275
773.4828125
786.8023125
797.6875
747.9205625
708.5001875
769.6293125
740.4346875
785.2611875
827.073625
750.7266875
723.4688125
768.1310625
853.7575625
685.9020625
725.7364375
723.77875
771.236375
877.75625
787.7919375
724.61425
722.264875
713.1766875
914.161625
722.62025
777.7809375
729.8154375
817.709
788.815875
741.7374375
691.189375
856.701125
767.1426875
866.3521875
766.3369375
752.311625
706.492875
691.0325625
849.151125
703.46625
722.049125
739.0668125
714.411375
765.909625
749.9323125
741.566125
693.7165
875.5541875
834.360625
699.146125
674.9431875
734.1608125
855.172375
798.5071875
767.7005625
900.3650625
792.3294375
721.2945
796.6865
733.9080625
774.6680625
771.405
1046.7413125
716.855375
832.3659375
782.7168125
741.8834375
743.983125
1003.298625
722.757125
695.0801875
676.5291875
729.828375
808.8351875
822.0028125
733.718125
795.9008125
744.2078125
771.5079375
708.835
698.9976875
780.634375
933.5596875
734.0921875
720.5138125
789.4680625
799.978125
737.6785
842.6739375
805.716875
711.88525
795.837375
692.6119375
850.43825
951.9403125
653.132375
771.160875
786.4424375
794.85775
690.632
719.1983125
1032.142
839.0185
865.9288125
758.86925
689.7880625
756.3064375
684.964625
719.5655625
768.365625
589.6413125
676.9619375
726.006125
771.555375
1030.457625
752.70875
798.6894375
853.957
706.120875
718.4864375
730.669875
782.380375
863.4111875
694.98425
769.1440625
1057.091875
773.9394375
729.8578125
733.6355625
859.459125
698.9426875
730.7374375
773.5891875
647.3355
735.18025
734.967
741.8609375
808.6894375
899.9159375
671.8939375
710.9880625
766.4851875
727.9431875
766.71975
732.62575
771.1765
777.9375
722.718875
757.6228125
783.7630625
737.045
759.63975
994.288
828.558125
716.329375
705.4496875
876.604375
694.6271875
735.583375
1042.83475
735.0611875
782.4954375
730.440625
901.986625
1035.0526875
867.4736875
701.117
727.4405625
859.48125
693.8178125
918.7268125
819.9961875
766.6041875
824.293625
775.1300625
869.2899375
762.773625
785.448125
793.78425
746.0058125
732.796125
809.935
896.320875
935.15
715.116
664.435625
744.4564375
772.66825
1002.7085
730.8965625
692.7974375
744.7016875
772.2984375
750.77475
802.6373125
781.861875
775.76
879.256375
785.8256875
958.1228125
754.028
745.2853125
698.8085
728.551375
714.38875
779.7805
751.2015
707.413625
739.6760625
741.88725
757.1520625
938.50825
715.012
720.80625
758.1385
902.1438125
802.8881875
768.193125
738.598625
726.351
764.531125
852.40725
808.411375
685.2833125
767.5326875
710.6979375
699.376875
982.0220625
707.4460625
743.3425
838.480375
684.6921875
884.9383125
693.5854375
786.2295
714.31025
755.9953125
867.479
789.29575
720.24475
775.5479375
697.6188125
756.11175
764.7325
840.070375
764.8285625
707.388625
777.1995
725.586
743.9976875
799.3190625
742.8940625
933.8514375
712.771125
731.8355
752.871375
732.0515625
783.8348125
744.1750625
754.703375
865.1764375
732.669375
794.0591875
690.29725
721.56375
749.8705625
739.6061875
780.7031875
804.8010625
716.5514375
863.849625
768.358375
825.8450625
737.1400625
702.393
727.5463125
695.4193125
728.4715
735.809375
650.1215
918.43675
779.201625
822.3844375
754.104125
795.3545
783.3134375
743.443125
751.2245625
714.105875
681.3759375
811.9896875
767.2175
744.093625
722.24925
856.913375
732.758125
715.65575
852.537625
1247.192625
797.0365
723.4964375
741.486
756.910875
840.824
675.5703125
752.1595
746.19925
709.61
707.8935625
729.926875
741.57725
833.7818125
741.9073125
717.4396875
806.13
963.4709375
726.794625
759.963375
730.017625
745.3505625
857.447
785.5356875
718.565125
734.421375
711.0689375
791.255625
739.9484375
765.7750625
860.9813125
729.9140625
729.5275625
830.0991875
703.2968125
722.9495
748.139
689.1851875
768.6056875
786.856
950.4596875
742.4339375
793.884875
986.1331875
740.009875
698.305375
785.2696875
704.6544375
765.705375
932.266
654.9735
713.799
764.42925
806.5380625
742.6648125
734.2183125
734.706875
718.035
658.28075
974.015875
709.7343125
688.3320625
705.3374375
746.131625
763.8205
906.57625
837.894625
800.85475
714.6044375
724.09125
806.7235625
690.438
720.2298125
700.9458125
734.1831875
811.0533125
770.7165
750.6998125
763.7800625
803.48275
731.6135
669.534
992.3325625
778.9556875
693.14775
762.746875
688.24975
785.4328125
925.462
744.97675
764.1241875
716.4979375
740.035125
665.9430625
720.8753125
788.853375
828.3161875
785.7784375
740.4975625
688.776
706.9573125
751.7224375
776.7145625
725.4783125
823.9138125
750.2540625
702.9425625
773.6259375
699.297125
835.4851875
768.542875
781.0541875
706.455625
742.65625
743.649625
714.7764375
762.204125
697.7795
676.9464375
827.6704375
779.5964375
761.0708125
715.546125
842.4339375
766.0854375
758.178125
817.6104375
750.5651875
954.1209375
643.103875
716.5210625
804.9959375
741.931125
727.916
784.6029375
734.6468125
1114.10825
733.054
695.5289375
867.4411875
813.8525625
673.322625
690.8484375
780.0015625
776.4885625
933.0805625
751.4886875
676.40775
774.1616875
746.8533125
835.4599375
777.4269375
762.7889375
729.796625
765.7000625
729.352375
758.0553125
976.24975
731.4786875
784.4001875
800.5864375
772.5749375
768.468125
885.472875
801.4961875
766.090125
814.8735
1066.289375
748.4998125
771.162375
688.5933125
806.4863125
772.3180625
702.264125
719.969375
736.273
894.97025
673.020125
687.30875
677.1604375
806.38025
803.2330625
712.50875
746.6916875
787.6468125
692.756375
747.5998125
766.728625
784.120625
753.954625
738.184375
792.139625
811.174875
762.733875
889.4254375
693.766125
720.9789375
797.0
758.00475
876.318375
667.9349375
901.4031875
745.531
803.0728125
815.312125
747.8779375
728.2354375
729.5455625
713.717
741.68325
856.3633125
794.8229375
988.1520625
786.74025
708.5383125
810.7416875
806.8203125
756.5415
778.235875
746.3864375
732.39125
747.290375
679.891375
708.4093125
784.8858125
722.6476875
774.5654375
695.5565625
703.2874375
751.8479375
733.4239375
736.0790625
718.527875
745.535375
722.854
752.44225
721.1254375
742.831625
806.4421875
690.749875
774.2615
1202.74825
679.019875
736.1966875
821.6635
802.89975
718.8033125
765.798375
690.398875
700.713375
673.242625
665.14475
769.6896875
731.7409375
778.0914375
754.836375
769.029625
718.5641875
789.1401875
834.0316875
878.5138125
672.3113125
916.36725
756.2528125
721.2589375
668.2819375
712.799875
726.5205625
744.946625
800.72725
922.2603125
720.8346875
687.8196875
1159.384625
836.4723125
815.577125
736.2943125
854.1101875
803.0029375
703.1099375
681.5939375
776.4715625
713.8549375
902.4145625
715.7984375
728.1935625
705.8540625
724.9389375
702.1093125
760.1815
721.7661875
706.588125
939.707125
777.735625
752.5548125
765.14425
716.255
783.0350625
648.4758125
725.85775
792.9838125
892.3696875
799.2515
718.8946875
815.030875
1000.951125
725.4530625
762.8060625
720.3285
1123.019375
831.1885625
736.0030625
674.3405625
736.6234375
726.5995625
697.7290625
776.4625
730.57
709.5339375
704.245125
731.791
723.6169375
742.5278125
1432.737375
843.0556875
906.4805
740.6419375
830.799625
814.043125
790.294875
762.6036875
832.3850625
804.523375
708.6560625
779.6135625
703.3484375
695.4128125
736.989375
853.145875
825.49225
885.8100625
938.176625
826.28275
762.1425625
838.805125
840.6635
808.236125
746.2938125
722.201875
781.320875
756.0706875
802.091
740.3084375
799.6916875
749.20325
801.1469375
768.303375
804.599875
879.819125
713.4169375
804.208
698.241625
829.463
747.2453125
736.6780625
714.1130625
765.305125
918.6914375
807.6955
819.8075
683.970125
802.98375
702.4149375
748.4779375
982.3325625
750.82075
754.78675
725.5966875
726.7405
800.3146875
823.5101875
823.51025
873.8310625
738.4763125
786.1419375
717.3905625
791.074125
795.01275
777.774125
834.4725
757.8689375
768.3454375
759.37125
723.043
808.0443125
732.805
679.475875
690.34775
673.3866875
760.988375
928.207875
886.85425
782.181875
725.4709375
729.2658125
767.5168125
683.0929375
715.878625
871.5135625
669.05475
676.1476875
814.49075
829.91075
763.666875
640.50475
735.305625
1009.277
753.6936875
706.200625
753.1275
752.7216875
749.33275
756.9514375
857.3423125
772.0271875
717.8190625
832.648125
761.1091875
763.2430625
760.5935625
823.6355
757.5993125
776.3025625
713.372875
717.244875
796.9860625
731.7718125
708.627625
841.403625
776.5985625
661.5808125
730.774375
