44.178140625
7.59842724609375
140.236828125
51.380359375
209.9306875
112.3018828125
184.631109375
174.541453125
24.578064453125
83.6462890625
141.627171875
45.26257421875
75.4897578125
23.820578125
7.5802890625
116.176640625
209.294921875
80.0260390625
4.8185517578125
188.468171875
21.95411328125
33.42196875
13.965453125
127.6338046875
8.9172734375
12.1823642578125
98.4907734375
106.24103125
38.96391015625
4.4064521484375
27.885125
119.2292265625
98.3749375
41.79844140625
353.24071875
165.79409375
26.750541015625
22.53057421875
110.209640625
11.5736884765625
61.80428125
110.8963671875
4.537314453125
75.4729140625
82.66659375
97.5992265625
29.02653125
48.080765625
14.453833984375
88.4642890625
52.50652734375
118.0957421875
1.76504296875
80.3563359375
4.073055908203125
19.36074609375
4.8157646484375
1.2307767333984374
17.902173828125
48.21215234375
140.805296875
16.74554296875
11.39146484375
55.0869296875
42.8832265625
76.3523203125
44.5310859375
38.46071484375
50.36777734375
268.37396875
11.4524638671875
16.416908203125
26.44526953125
84.939421875
3.013490234375
264.72134375
84.4341875
44.62745703125
68.0218359375
8.283349609375
75.82084375
129.3846015625
15.2161044921875
38.803484375
199.990078125
13.3160810546875
56.54074609375
10.7882734375
122.67325
103.396625
68.72465625
174.2779375
153.350703125
12.50062890625
19.09771875
65.625984375
50.5873828125
52.4925859375
156.870703125
55.793265625
58.02579296875
38.4061953125
39.9031015625
7.51064208984375
28.65026953125
4.8198388671875
5.52481396484375
37.118671875
36.39667578125
7.41707177734375
23.127421875
88.4908203125
222.24015625
30.7513359375
39.36492578125
51.94034765625
126.622875
46.357796875
113.528265625
80.616671875
36.56790234375
165.75875
49.35095703125
166.3588125
35.70780078125
81.9010078125
58.9224765625
82.5369453125
83.7833359375
15.8615751953125
88.1146015625
10.64288671875
89.2175703125
7.43501318359375
9.172541015625
185.9935625
60.346640625
59.18816796875
103.382671875
58.68440625
9.4323359375
89.153390625
29.64785546875
23.77125390625
201.816015625
54.88191796875
159.8388125
88.142203125
36.88414453125
47.9735859375
14.8317421875
34.09453515625
146.8746875
46.10371875
18.723958984375
70.9769296875
200.187453125
88.06815625
48.33269140625
72.943609375
21.23890234375
74.737515625
48.617515625
106.0238671875
41.660125
3.126488525390625
110.9784375
36.6421015625
90.9132421875
28.560759765625
44.873390625
9.5271962890625
36.25743359375
123.0825078125
31.67739453125
103.4788671875
63.1056484375
23.587703125
90.085484375
0.0
29.37003125
44.85330859375
71.6913359375
189.020453125
16.1286884765625
156.2379375
49.31944140625
239.966859375
30.080033203125
45.3321953125
212.95425
25.817568359375
290.37159375
27.0703515625
47.42788671875
137.589546875
38.2874140625
65.668828125
84.68090625
37.32473046875
102.4448828125
20.965203125
44.05438671875
72.8711875
46.3379921875
29.853783203125
41.83873046875
50.4365
62.6305234375
28.667724609375
42.259734375
34.973234375
14.6446435546875
99.235265625
79.0673046875
93.3941328125
37.0895859375
7.24911962890625
5.9247646484375
19.056955078125
145.07921875
49.9908671875
186.391140625
57.3794765625
125.88784375
18.5693203125
58.5830390625
41.46987890625
71.067046875
8.644080078125
35.2997109375
2.153180908203125
0.0
31.580796875
14.96
196.09846875
174.665515625
6.88998193359375
20.274341796875
28.794486328125
4.92770703125
55.99630859375
55.25499609375
144.884703125
42.85966796875
57.14656640625
45.7659921875
198.34
81.996265625
92.066296875
54.90298828125
63.33182421875
128.7800390625
26.819841796875
3.768705078125
56.76641015625
42.58668359375
48.3661953125
14.5124091796875
49.76055859375
38.51160546875
212.16378125
71.6207265625
68.965125
40.94084765625
8.7859189453125
58.41064453125
199.08609375
61.71951953125
81.059296875
193.47803125
41.60848828125
59.7864140625
117.9282890625
68.9961796875
46.12070703125
64.9305859375
26.3811171875
28.35108984375
127.430640625
10.1609765625
54.87444140625
9.3880009765625
36.50004296875
70.343796875
131.084734375
105.1715625
37.17958203125
50.02389453125
35.37482421875
12.2001904296875
29.026697265625
57.8814140625
28.6316796875
29.417798828125
47.8866015625
38.95529296875
14.4955009765625
17.481126953125
55.41925390625
21.665142578125
199.568265625
78.31365625
22.360802734375
18.947220703125
57.02826953125
41.32324609375
7.64176416015625
40.1673515625
339.2515625
154.585171875
16.7307578125
74.41584375
22.53105859375
54.74212890625
80.7310625
67.615671875
19.327751953125
17.12264453125
32.88200390625
154.042875
27.2558046875
1.7608880615234375
41.252609375
169.252890625
39.96127734375
88.603859375
45.86039453125
23.9599765625
35.6825234375
54.5704609375
74.8249921875
32.0352890625
68.444203125
17.193505859375
5.2178974609375
89.64725
24.490587890625
60.36416796875
116.4650546875
87.0157109375
47.6895390625
34.67971484375
244.588671875
133.19296875
3.480098388671875
85.5795
255.3266875
128.8610078125
108.075625
81.8262578125
36.5734296875
5.07733349609375
41.875515625
31.15659375
4.1466826171875
152.265546875
105.5379453125
136.0535625
78.772671875
4.12705126953125
129.976703125
43.8738515625
17.915904296875
42.4836875
15.82191796875
177.10409375
225.369296875
36.69375390625
35.5436875
47.49404296875
20.66155078125
169.872296875
113.4790078125
37.52676953125
2.39200732421875
50.0066796875
7.93649072265625
254.23775
23.0668046875
84.315734375
21.267111328125
3.15802734375
28.0321171875
1.9106524658203126
2.891513671875
73.7851796875
83.22403125
84.5971953125
47.898796875
97.547328125
26.61759765625
42.89239453125
54.56047265625
158.18578125
45.9484375
41.29611328125
37.83585546875
29.662185546875
13.2593525390625
125.3065859375
36.68941796875
175.324484375
82.902703125
50.00516796875
117.08953125
70.767625
115.752140625
11.86837109375
278.6695
79.995671875
74.0356953125
4.28485693359375
195.66778125
15.9398486328125
37.1974296875
25.745037109375
13.8238466796875
50.6508046875
292.9764375
1.849882080078125
116.7512265625
20.12190234375
43.48575
76.9052890625
33.806875
111.54896875
48.1954921875
71.4826484375
11.9784609375
36.14607421875
65.26983203125
42.34628125
145.99371875
10.1218115234375
148.1608125
23.668376953125
29.0629375
2.840866943359375
117.75503125
13.96090234375
37.300625
63.35101171875
18.54003515625
309.2591875
79.0191953125
67.3487421875
19.551615234375
13.4897109375
25.208107421875
33.24257421875
44.3938046875
85.8811640625
149.092984375
88.2872734375
46.3510546875
114.242578125
55.0223984375
149.999546875
12.4244951171875
116.0759140625
41.950078125
19.629705078125
198.08725
78.8834296875
8.13916357421875
11.0421025390625
62.84255078125
172.507234375
5.34281689453125
120.636046875
79.1225
0.0
16.2701904296875
34.71941015625
127.1392265625
38.1299453125
110.5341875
69.8275234375
68.4952109375
25.4455
7.0695712890625
63.370390625
14.6464384765625
14.5250263671875
20.162390625
10.190228515625
31.67026953125
39.33490625
198.979875
6.09348046875
10.00367578125
145.25371875
12.992265625
4.5858056640625
31.599884765625
5.2892734375
67.3168828125
202.44690625
20.7040546875
59.83762109375
42.93083203125
36.59791796875
60.99175390625
23.722552734375
78.4231171875
39.571328125
34.8745703125
34.04848046875
72.366359375
29.00243359375
15.044642578125
93.7823125
47.63833203125
66.7521796875
47.46019921875
4.392916015625
61.441265625
50.39826953125
42.06517578125
97.4775703125
48.3195078125
53.5986875
87.5456171875
17.92084765625
2.721069580078125
2.0654111328125
43.7591015625
108.4322890625
114.445890625
58.19935546875
19.33137109375
91.1419453125
175.5363125
52.991125
24.84787109375
196.818921875
30.67046484375
96.4887734375
37.38734765625
91.9188671875
100.4852109375
159.059328125
35.3676640625
64.2179765625
35.54701953125
13.58215625
17.76771484375
38.61837109375
101.00484375
122.7907265625
24.218197265625
14.482900390625
44.91943359375
70.2665703125
17.275712890625
17.749623046875
61.68734375
43.7090859375
22.374849609375
21.315259765625
39.1899453125
59.81830859375
95.75484375
19.93092578125
77.92746875
220.924453125
70.5883125
37.9468046875
20.85561328125
116.753390625
140.179953125
10.319369140625
77.3713984375
119.5278515625
48.320390625
57.2310625
30.71972265625
10.9715478515625
16.34384765625
34.37619921875
137.036109375
108.2491484375
28.337587890625
20.705142578125
58.214265625
166.435109375
88.2552421875
27.71078125
296.14315625
66.2959609375
27.60953515625
16.45498828125
35.164375
84.2842265625
2.901175537109375
18.0380078125
199.233328125
60.06595703125
204.732078125
33.3749140625
87.668609375
125.7165390625
45.156546875
94.97353125
93.8849375
58.4928671875
95.4594921875
47.38384375
50.5790390625
35.67412109375
16.458974609375
23.951056640625
171.872015625
8.3159423828125
8.12603173828125
46.4545625
83.8470078125
14.6676357421875
193.23771875
13.9627998046875
12.305751953125
112.2393515625
25.8990546875
359.12309375
2.10839990234375
39.61391796875
197.552890625
19.229392578125
3.1785830078125
44.29896484375
43.933109375
59.1114140625
18.43316015625
54.64940234375
61.11974609375
37.85716796875
28.68399609375
32.518654296875
76.5556875
44.8390625
21.87744921875
186.611890625
22.7945625
65.369765625
2.320521240234375
182.8088125
67.37584375
34.48573046875
24.133453125
25.6993828125
14.10117578125
36.46265234375
21.920349609375
53.9843046875
0.0
91.266921875
149.796140625
4.646669921875
52.907890625
198.80125
81.3608359375
245.63278125
30.049169921875
64.35880859375
116.7805234375
68.2319921875
25.968435546875
22.151208984375
52.02312890625
217.78878125
159.107
136.439
11.293732421875
24.339470703125
29.437826171875
10.2315478515625
24.20381640625
50.5391875
18.390041015625
29.762875
29.603609375
39.3639765625
35.91903515625
221.799921875
27.80626953125
28.19793359375
25.59909375
83.7598046875
74.3708671875
20.284455078125
173.331015625
169.56334375
8.538251953125
89.8545234375
90.6056796875
19.88581640625
17.42828515625
86.531953125
29.2738984375
19.03441015625
163.6081875
45.9851015625
220.67875
28.826685546875
11.9576171875
32.059197265625
190.690546875
16.999373046875
45.5929453125
104.9446875
8.230896484375
24.369783203125
135.251328125
101.1797265625
271.58171875
26.900548828125
16.896154296875
110.9353125
15.26013671875
3.48641162109375
161.699
19.7702109375
142.92525
81.2602734375
18.160767578125
54.94015234375
365.49665625
19.18912890625
10.372228515625
129.9443515625
11.4380439453125
13.276458984375
127.211296875
44.555734375
70.839578125
16.2283037109375
179.3396875
6.249796875
45.46063671875
98.6010859375
117.685296875
21.998439453125
11.7664052734375
149.032265625
66.0025625
57.41919921875
89.588625
14.765650390625
9.4003994140625
23.854923828125
38.75595703125
106.6713125
38.1889609375
50.734046875
198.123421875
207.0544375
44.16723046875
63.52699609375
171.356015625
18.390908203125
143.042109375
59.2989921875
146.77915625
140.749765625
17.416765625
93.8160234375
29.124265625
22.74525
312.90125
435.41934375
40.1918984375
107.53471875
19.414681640625
80.325171875
62.75583984375
0.0
47.8470546875
8.858798828125
99.7800546875
128.566875
83.968734375
84.66178125
16.72410546875
225.250765625
20.522939453125
12.23163671875
109.018453125
20.660509765625
26.745333984375
48.15721484375
67.1289765625
15.398796875
75.013234375
9.0505908203125
159.7988125
88.5091796875
14.60680078125
80.6161875
96.585734375
102.4380390625
236.706578125
24.996806640625
50.50595703125
2.237321533203125
14.00778125
26.188080078125
10.231509765625
72.8897578125
161.173296875
28.8002421875
131.077203125
105.6564296875
80.0254140625
22.408248046875
17.982134765625
133.659875
40.646484375
69.9521640625
70.6594375
60.4805703125
16.334865234375
50.747984375
123.06403125
40.87714453125
12.376421875
8.671982421875
14.3590849609375
11.47833984375
10.3665595703125
62.72283203125
26.8397734375
13.696513671875
8.63991015625
11.0827666015625
33.6100859375
26.328265625
50.125375
253.989796875
129.5073125
113.4176171875
136.027859375
73.3744609375
27.335451171875
122.9456171875
11.441966796875
53.5867890625
43.34027734375
31.991654296875
139.62846875
34.93612109375
252.90871875
16.477314453125
10.0238388671875
77.7890625
15.238751953125
10.1775126953125
18.390916015625
4.229783203125
95.5453984375
80.0155859375
26.3616015625
102.4528515625
10.168185546875
43.628375
23.042158203125
56.79784765625
68.681578125
213.9771875
14.076720703125
179.128578125
26.087865234375
39.99535546875
89.5537578125
168.562140625
3.92642138671875
14.7740244140625
177.66046875
19.39028125
4.579888671875
5.295384765625
7.67996142578125
99.56065625
13.0483291015625
13.4388212890625
52.26162109375
53.12665625
12.425388671875
141.337796875
5.6623984375
64.26387109375
84.6996328125
157.235390625
17.37109765625
73.6260546875
78.286796875
77.90890625
9.2543154296875
54.809578125
22.45593359375
48.02042578125
109.32775
298.61003125
63.23443359375
10.661685546875
52.6971484375
7.3921787109375
30.950298828125
19.1052421875
440.538375
59.4026875
80.02434375
98.9360234375
84.3876484375
10.1442724609375
41.0840078125
82.389453125
49.33407421875
5.9963837890625
110.9060390625
214.4496875
125.4553359375
62.11838671875
30.487298828125
129.248734375
91.4607109375
96.5519140625
85.187109375
25.560328125
47.11279296875
34.66932421875
115.3623671875
17.880072265625
110.9106328125
126.59009375
7.4805966796875
158.290546875
336.43946875
158.79403125
144.0841875
193.92678125
48.09998046875
62.294234375
62.28819140625
48.44733984375
3.4180791015625
27.45397265625
14.3736875
45.778625
47.16856640625
8.0955625
3.583166259765625
326.45496875
116.923
190.8754375
260.440828125
88.5989921875
10.46013671875
24.74337890625
109.5822734375
80.115515625
102.02384375
10.9980390625
172.85903125
49.77355859375
110.4838125
88.289421875
26.09185546875
13.1035986328125
13.2001357421875
214.21725
35.14662890625
15.156912109375
71.357765625
8.423693359375
79.790453125
12.689142578125
136.75625
82.847578125
62.06571875
18.424951171875
13.8472080078125
50.23519921875
37.3017109375
41.93928515625
122.3586953125
56.78434375
37.0284296875
62.24226953125
34.0967265625
80.62328125
183.676640625
11.6014736328125
69.8061640625
22.728294921875
31.826025390625
69.612375
61.67203515625
10.6598369140625
86.6959765625
71.4949453125
21.736119140625
18.055830078125
49.447703125
8.80693359375
145.903328125
198.96721875
19.96424609375
36.78967578125
6.86745068359375
178.368984375
76.3400625
18.827740234375
173.3759375
7.28227099609375
65.699609375
27.190025390625
89.4257265625
6.06548974609375
24.99554296875
33.03225390625
27.365646484375
96.1666640625
0.0
43.41725
33.13024609375
15.7014443359375
19.005046875
13.21775390625
148.569859375
184.170078125
206.336859375
34.7031640625
41.57155859375
67.2285703125
144.0894375
91.5419140625
177.22565625
9.430154296875
34.25081640625
31.76555859375
9.60728125
34.312796875
54.88233984375
125.984671875
59.563734375
42.1849296875
20.885869140625
17.776642578125
14.1604833984375
30.975203125
147.651328125
81.6370703125
46.156453125
52.3740234375
54.86569921875
12.4545068359375
187.604234375
11.18664453125
154.659828125
21.0538828125
184.693234375
42.595171875
91.0907578125
182.8855625
60.72737109375
40.1487109375
36.63940625
18.037232421875
97.3271953125
159.736078125
5.16626220703125
8.3260625
28.98923828125
22.15664453125
79.078453125
10.3353515625
100.4042890625
1.5239300537109375
118.4266640625
69.312421875
53.82509765625
3.612119384765625
93.403859375
187.3174375
128.9728046875
213.50028125
24.83353125
27.808802734375
6.5849658203125
57.833453125
200.610875
94.748890625
62.78090234375
60.09623828125
13.8462177734375
127.708953125
88.1931953125
60.34437890625
98.63525
42.05156640625
16.1203837890625
123.05878125
57.3534375
57.20408984375
21.934640625
84.6213046875
115.75490625
163.75903125
40.21169921875
21.067501953125
63.2805546875
55.87651953125
55.7044609375
38.16829296875
1.97655712890625
153.729046875
2.443345458984375
39.85526171875
22.838021484375
26.245556640625
65.8722109375
48.46355078125
223.65203125
64.29729296875
39.84537109375
177.059171875
233.125203125
93.539359375
221.98665625
30.580775390625
131.83559375
80.506296875
113.3093046875
129.0019609375
47.79847265625
119.4752734375
51.92392578125
46.31379296875
47.939859375
73.1305859375
28.129328125
74.9809453125
41.7017109375
96.42753125
64.304015625
30.0672578125
144.610921875
72.52728125
93.437765625
28.16864453125
108.414703125
136.283484375
80.6584921875
37.33348046875
19.0903203125
62.8109296875
24.8478359375
97.1593671875
47.6954921875
45.4615
21.86880078125
167.653390625
13.2495380859375
96.435171875
69.162125
103.287484375
37.5435078125
28.39601171875
38.8342265625
11.1948994140625
19.645126953125
40.796421875
17.203306640625
146.197015625
24.477296875
263.97459375
10.29203125
128.1016015625
105.18609375
6.2722470703125
77.1634140625
26.7044296875
26.79496875
24.379205078125
0.7533436889648437
18.707986328125
36.31922265625
125.2908359375
25.4641171875
127.1724453125
67.7953046875
52.82652734375
13.0725390625
42.94813671875
148.633171875
45.085640625
66.3895859375
75.740625
26.53469921875
46.555890625
27.161517578125
10.2651494140625
35.60090234375
15.11284765625
170.53653125
68.866703125
49.83994140625
17.3519375
50.12477734375
37.0251171875
27.825283203125
125.006140625
1.4997548828125
26.043826171875
45.21793359375
93.3205859375
35.0741875
18.541111328125
38.76074609375
17.0699140625
142.532296875
3.6668935546875
52.3206328125
6.686234375
93.5937109375
40.5053125
18.66106640625
11.617939453125
30.520001953125
293.21496875
323.43321875
123.286140625
52.4276953125
42.51258984375
66.8109375
56.996390625
127.1921484375
39.6731484375
50.03905078125
34.77109765625
35.8976015625
4.2403212890625
38.2847734375
2.10111962890625
76.44940625
107.2003046875
42.82681640625
137.46803125
187.185203125
19.26349609375
73.1179140625
99.191203125
84.7760625
25.1258125
50.3286171875
113.706453125
85.180140625
204.5373125
9.5278515625
48.70844140625
90.846765625
67.50459375
142.41284375
59.5587734375
266.78421875
35.9491640625
69.045703125
43.95553515625
120.675515625
60.5511875
33.06465625
20.47598828125
66.098015625
1.3883291015625
189.924671875
43.21984375
63.15147265625
97.6176875
52.04697265625
34.93660546875
51.52913671875
38.34363671875
64.82047265625
142.444265625
122.0614296875
18.069669921875
86.8580078125
3.358876220703125
17.0330234375
19.684630859375
173.752375
26.083271484375
46.9101640625
93.4238671875
27.485232421875
51.40418359375
0.0
21.264599609375
32.67791015625
29.836314453125
49.622671875
23.199845703125
209.46821875
120.95159375
8.00358056640625
2.575689453125
78.1474765625
70.90903125
1.8948466796875
32.25952734375
77.203375
20.683064453125
66.9859375
48.031125
24.956607421875
82.0760078125
74.647953125
12.7041806640625
97.788671875
1.1358466796875
44.0165859375
5.4086806640625
56.353828125
166.129265625
90.3263515625
54.37288671875
4.49179150390625
158.811125
5.71081884765625
14.41830859375
109.155125
53.6523125
48.25281640625
30.4861015625
14.5253740234375
83.57115625
67.478609375
34.7422109375
76.7218046875
13.20765234375
44.35962109375
44.76886328125
142.094703125
19.69760546875
4.6590537109375
260.956375
110.2357890625
73.52303125
17.67846875
33.63271484375
32.659298828125
29.431306640625
53.415546875
88.38109375
78.511953125
256.922828125
14.1843125
10.714064453125
29.81480859375
4.62890283203125
20.2498828125
164.956375
0.7983831787109374
42.81670703125
38.45362890625
116.694015625
2.645855712890625
3.5177109375
26.238955078125
312.36846875
258.163890625
68.5755390625
32.764322265625
165.77584375
154.47371875
23.25525
150.390859375
17.307458984375
49.055140625
109.897515625
9.4980107421875
13.895728515625
106.80846875
141.805734375
15.852083984375
128.3251015625
126.5383515625
119.74009375
48.95873046875
21.074431640625
89.8198046875
57.06038671875
9.272466796875
8.8382666015625
214.52584375
1.895392822265625
146.979859375
26.396353515625
21.673595703125
71.7616484375
83.4374765625
57.47535546875
22.232267578125
85.025875
38.56330078125
6.14871630859375
38.6621953125
25.34078125
58.1834453125
120.6608671875
80.554078125
27.85353125
59.0604140625
28.263990234375
176.1955
2.389173583984375
167.31615625
71.250140625
58.108046875
14.7406279296875
140.2195
72.900546875
94.2671796875
30.7950625
48.785734375
177.96221875
8.243798828125
66.4606796875
28.507880859375
54.2372421875
155.531796875
68.603578125
37.3915625
10.0251591796875
170.02228125
25.319916015625
55.0355859375
26.058576171875
101.4666875
11.129103515625
15.3225283203125
330.6730625
38.27743359375
20.900294921875
71.9449375
18.090228515625
17.89109375
55.561515625
249.667390625
14.0911083984375
93.171984375
158.197078125
138.266953125
11.243431640625
166.3019375
28.128384765625
37.70381640625
69.17878125
17.225466796875
41.6419765625
1.45665771484375
78.16090625
3.435988525390625
419.6849375
34.21279296875
31.047201171875
71.9653515625
8.7272919921875
75.18440625
56.63676953125
63.63574609375
82.8659375
70.261515625
20.52648828125
83.195703125
40.26462890625
7.33445068359375
3.702889892578125
4.4283466796875
20.949826171875
1.746850341796875
24.344509765625
55.458625
69.7469296875
18.824845703125
47.68112890625
7.217404296875
65.128359375
95.20534375
57.03577734375
213.676921875
82.43578125
52.06165234375
106.6714375
105.6974921875
58.2192734375
130.052515625
223.70784375
26.5686171875
48.39387890625
65.7495859375
11.8595673828125
34.18209375
14.785177734375
147.953328125
98.172296875
8.5599111328125
110.65496875
58.01504296875
122.5224609375
44.94105078125
86.8871328125
35.20851171875
31.9767421875
51.190984375
124.269546875
181.621734375
137.940296875
19.696212890625
67.4136328125
62.724921875
37.60280078125
10.798033203125
27.766513671875
81.556859375
2.695849853515625
9.2550048828125
204.931046875
15.477345703125
41.82902734375
19.2298828125
116.149375
74.7015
148.168859375
136.65159375
119.0541953125
31.37432421875
129.8849140625
6.2232294921875
35.889265625
4.61077001953125
70.946765625
7.59812646484375
20.790978515625
76.1043671875
64.149015625
28.33669921875
14.603244140625
22.60551171875
43.49681640625
24.6486328125
68.4517890625
19.881259765625
25.80230859375
45.789984375
55.54721875
25.07445703125
5.79110302734375
124.863234375
215.7835625
10.4316474609375
90.3420625
61.22169921875
139.737515625
30.282939453125
16.223951171875
37.7943046875
22.903103515625
54.54275
35.1336328125
62.76364453125
218.5670625
112.0777890625
15.1926357421875
16.80883203125
94.37040625
31.363130859375
25.318341796875
0.0
23.367955078125
75.930109375
213.186453125
59.951234375
24.79751171875
29.63334375
16.488326171875
37.28684765625
19.1316015625
42.2279453125
98.3756953125
65.9339453125
155.19428125
21.1406484375
19.91242578125
1.1466549072265626
50.41861328125
32.206392578125
40.9457421875
162.507046875
122.268765625
65.93603125
28.4196328125
139.30809375
131.899625
38.88598046875
11.46439453125
213.22634375
27.045166015625
29.251830078125
25.624849609375
45.8270546875
153.4686875
108.5710234375
121.6020390625
19.27539453125
7.20812353515625
108.4986015625
33.2988203125
60.7806171875
21.813927734375
33.60223046875
30.13276171875
24.077458984375
51.85759765625
28.82022265625
38.144515625
25.894388671875
140.348078125
20.11294140625
49.5566328125
356.76571875
33.87273828125
21.020375
115.8886953125
232.51821875
36.0107109375
5.943849609375
70.4164609375
57.40203515625
144.3543125
63.57776171875
83.46965625
169.807328125
95.9815625
21.5046640625
38.13839453125
32.10885546875
63.0026015625
34.3395078125
200.845390625
252.720890625
125.371078125
2.910122802734375
43.8003359375
51.44696484375
90.8959609375
11.4181435546875
66.7662421875
31.7864453125
40.74182421875
62.562109375
7.6451513671875
230.52634375
26.694001953125
18.329033203125
111.2588671875
53.6224609375
7.98781591796875
64.3237109375
6.81832080078125
12.84008203125
53.7615703125
55.38050390625
22.440982421875
8.6216220703125
24.592916015625
76.1837734375
45.491265625
16.675740234375
5.513908203125
261.7068125
63.9878671875
209.840953125
14.3472236328125
6.3245546875
43.7470390625
47.69377734375
51.9570546875
45.81171875
60.023390625
43.135
126.374921875
53.790671875
92.59925
94.57871875
57.99071484375
1.5233475341796876
78.728671875
2.06309130859375
44.12358984375
78.215640625
69.144515625
95.1245625
126.2556484375
253.46465625
4.46083544921875
11.54769140625
5.19749267578125
35.227203125
69.123296875
58.15075390625
10.9598720703125
377.0516875
311.502625
17.05112890625
37.25544140625
39.6420546875
112.35965625
107.480796875
50.733453125
9.5202861328125
22.125333984375
40.14446875
193.223640625
52.10790234375
9.4996884765625
118.497515625
33.2715703125
88.285875
48.4640078125
39.93462890625
104.4614453125
18.355626953125
117.38825
24.96013671875
50.350046875
24.58458203125
195.299265625
20.255484375
68.503125
23.089173828125
34.8366640625
38.6423515625
24.175255859375
71.42753125
48.902984375
33.4967890625
206.45984375
100.5384609375
173.385734375
32.50780859375
248.153515625
43.86987890625
22.940064453125
134.64325
167.69721875
144.329515625
90.3345078125
52.36059765625
35.785859375
28.32098828125
38.001484375
178.783125
29.7147578125
1.4269439697265625
99.9996328125
50.79061328125
81.1831328125
7.77808544921875
22.58216015625
56.2910703125
29.335333984375
300.29040625
85.5768671875
86.5491796875
51.43070703125
52.4011953125
42.9396875
14.3898720703125
47.268421875
103.45596875
27.352513671875
30.669064453125
37.40940234375
69.9732265625
98.0351484375
19.812900390625
96.7285078125
75.982609375
19.602751953125
56.74969140625
35.1891171875
36.32188671875
196.508453125
166.88684375
31.392341796875
79.99196875
21.213513671875
41.4019375
205.3465625
55.80789453125
120.69515625
19.624849609375
48.9009296875
29.119958984375
58.78658203125
30.263984375
1.86409521484375
61.35015234375
84.6854765625
58.162359375
9.2553544921875
66.4363671875
27.782583984375
48.00212890625
68.6396796875
118.5087578125
43.03951953125
9.5318349609375
36.736796875
29.49964453125
36.50804296875
58.7743671875
194.558109375
35.72452734375
58.1779609375
32.53450390625
6.628435546875
25.811568359375
140.804546875
100.2661796875
28.077052734375
63.89761328125
3.384235107421875
89.1914453125
73.258140625
58.29377734375
100.4417890625
44.06434765625
133.15228125
2.889720458984375
39.02097265625
51.20439453125
16.3998125
51.07131640625
24.6546796875
117.204703125
126.7511328125
31.231630859375
74.9102578125
250.27790625
78.2099140625
0.0
41.7105546875
2.38184130859375
128.60928125
11.3973173828125
2.10637158203125
60.40053515625
26.1378984375
16.848580078125
20.9284296875
149.5918125
92.81134375
33.51116015625
76.8502734375
32.8975625
47.47085546875
6.83952490234375
4.6248466796875
44.6796171875
33.1095859375
40.38469921875
6.426642578125
161.69525
59.26840625
27.507974609375
132.093375
79.3469765625
28.737875
13.9983486328125
13.29488671875
93.58
93.83209375
98.263859375
147.6023125
96.68790625
15.6173359375
30.058748046875
53.98423828125
93.24803125
231.105828125
12.512396484375
48.0360625
58.27709375
87.111484375
9.173130859375
126.12759375
15.0887470703125
38.431125
16.859873046875
16.392810546875
125.380140625
62.7808984375
40.6452265625
1.1876990966796874
32.425490234375
30.68904296875
134.491203125
93.1405703125
122.4991171875
10.307916015625
91.264078125
54.80333203125
24.188357421875
151.586296875
69.888359375
76.2766640625
33.901453125
18.45358984375
32.31948828125
14.0486220703125
11.2101923828125
10.0718349609375
4.13216796875
80.8829765625
158.900828125
32.88565625
128.8181328125
14.809759765625
86.2375
88.8372890625
180.65009375
148.0439375
99.497578125
40.6761875
61.651015625
298.60575
79.029359375
52.50678515625
200.4673125
33.90121875
42.16323046875
30.1137578125
45.17709375
8.4317958984375
115.573265625
8.76575390625
179.22325
15.939783203125
35.53507421875
113.992640625
89.395984375
262.42528125
17.710205078125
122.9820546875
56.61203125
30.674431640625
36.39326171875
81.972578125
35.4575546875
32.345138671875
19.9239296875
42.87621484375
343.98021875
42.83605078125
76.83646875
53.19781640625
9.594107421875
42.98365234375
10.0916962890625
32.203921875
11.1023134765625
8.4538447265625
211.493046875
113.9826875
126.00271875
78.562953125
14.035140625
37.0508515625
140.375515625
20.355375
18.671439453125
6.850912109375
3.47067626953125
36.6406015625
136.062609375
52.080328125
178.68940625
327.9470625
2.927678955078125
90.36728125
70.22259375
103.1419765625
59.67424609375
6.43981689453125
8.857078125
37.95235546875
51.2503359375
86.6877109375
8.2949169921875
121.7011640625
44.84113671875
81.59353125
54.9030859375
27.189376953125
140.86434375
25.83699609375
0.6979188842773437
6.21217578125
26.5824140625
42.498109375
116.2681796875
72.326921875
65.49056640625
118.6168203125
145.0449375
33.1617734375
69.882046875
53.57714453125
156.0323125
62.4966328125
19.107419921875
243.93396875
150.2681875
64.60687109375
31.79479296875
34.9145
290.8076875
181.22771875
62.86334765625
103.8338203125
7.02379931640625
43.874453125
58.2858984375
64.450875
44.9093671875
8.0908251953125
86.2963203125
49.85257421875
6.49588232421875
7.7314921875
119.708046875
25.731404296875
78.0838046875
136.988078125
16.85200390625
223.795578125
36.13127734375
13.1229833984375
57.10950390625
191.951109375
25.12107421875
75.620140625
29.120330078125
144.0595625
78.3578671875
5.678623046875
76.4435703125
135.767203125
7.60150927734375
50.4325703125
0.78272509765625
1.9775462646484374
25.689921875
8.5412333984375
26.4297109375
46.83808984375
43.8918125
96.169375
199.15196875
93.95871875
59.95637109375
37.7775625
13.085466796875
65.6875859375
268.7809375
121.68825
12.82173046875
11.4681025390625
338.703875
38.9361640625
12.0106201171875
7.5485546875
5.66836767578125
108.3247578125
68.0630078125
38.61386328125
141.480046875
118.1496015625
21.595224609375
60.2571015625
165.116671875
92.0608203125
24.651671875
144.252609375
5.865763671875
41.53743359375
19.1862109375
56.1397890625
180.797234375
90.3843125
79.7342734375
26.228580078125
15.502248046875
46.60726171875
58.129625
49.23095703125
48.17255859375
7.41395458984375
10.351083984375
9.0836103515625
18.73012890625
35.89169921875
70.74884375
29.76969140625
96.7638359375
45.29887109375
67.852890625
2.671754638671875
39.00676953125
32.27202734375
61.5852109375
81.3704375
1.7416270751953125
27.37296875
98.9228515625
26.091517578125
21.071708984375
74.859859375
29.933931640625
175.91303125
20.598517578125
30.1216953125
261.29128125
8.81073046875
10.66675390625
177.726265625
131.28621875
55.67233984375
79.3160390625
62.76436328125
44.957828125
14.058958984375
61.365125
89.37078125
34.51194140625
56.47642578125
83.4146875
39.758546875
79.123375
34.62422265625
94.63
15.6043681640625
58.2329296875
122.3421015625
56.128171875
47.41694140625
95.5903359375
226.746984375
25.22183984375
28.791748046875
49.75466015625
56.61192578125
170.2248125
8.4691259765625
51.2667890625
31.388083984375
81.9656640625
74.375125
36.32214453125
51.00016015625
60.907921875
93.5805078125
49.99978125
175.225453125
11.4918837890625
16.9407109375
107.036984375
87.66975
96.4608828125
128.8440390625
260.68025
16.3725205078125
57.9762421875
11.398498046875
48.81929296875
37.85725390625
91.18090625
31.283142578125
6.2164013671875
4.053698486328125
42.11052734375
42.09473046875
50.39070703125
226.438828125
162.68646875
65.2684375
12.2321904296875
47.51847265625
189.0941875
161.65915625
130.876484375
97.4450546875
11.08604296875
45.39179296875
299.1991875
102.9436015625
278.78040625
43.21066796875
8.3184599609375
18.414615234375
43.6901171875
6.49460546875
59.1801953125
11.5107109375
7.32714697265625
5.13427392578125
26.0121796875
27.393244140625
88.4729609375
275.81790625
17.239298828125
11.126462890625
101.114640625
14.463708984375
14.8795654296875
105.1745859375
28.62094140625
76.804046875
23.977017578125
103.5461171875
19.5142890625
49.857765625
31.557029296875
13.6939736328125
4.502263671875
33.93330078125
57.2405625
79.3915078125
158.332421875
70.14065625
98.9988046875
115.385109375
88.24609375
129.5237265625
73.0900625
33.6009296875
28.948037109375
30.413294921875
51.501640625
28.24031640625
12.5090400390625
8.2431787109375
77.278875
32.286541015625
316.58040625
82.60746875
85.7049140625
53.59832421875
5.76815966796875
21.245013671875
41.81329296875
97.0352578125
135.9828125
6.8083486328125
46.5055
33.39370703125
94.5233671875
7.3813251953125
176.0713125
9.273412109375
5.573814453125
56.6226171875
10.7270751953125
60.963203125
48.58427734375
100.3012890625
125.9995078125
116.6483359375
71.5695
116.9312734375
62.56747265625
12.051671875
59.70963671875
35.228015625
16.882833984375
47.1657890625
47.4702109375
58.63293359375
49.23891796875
63.58327734375
14.16970703125
44.9709375
42.42655859375
306.6056875
63.43471875
50.18073828125
47.4540859375
80.817890625
19.289962890625
115.614265625
26.21174609375
190.82140625
18.426814453125
25.667892578125
154.125625
41.8642109375
103.03084375
39.11613671875
43.48399609375
55.7891796875
12.89485546875
14.257873046875
16.193626953125
29.468677734375
41.3652109375
99.2586640625
73.4017265625
123.05771875
76.950671875
230.488
64.4481796875
24.76580078125
14.1359072265625
46.6910234375
3.4079287109375
75.6478203125
162.782703125
36.233828125
93.23990625
105.5963671875
1.837816162109375
62.25089453125
104.1861484375
305.7010625
47.39596484375
236.697765625
85.58784375
119.939140625
54.84477734375
7.61413330078125
200.244125
51.23251171875
161.485609375
37.06850390625
8.435513671875
38.43055859375
245.837421875
235.07328125
54.340640625
7.758578125
36.81240234375
46.2123125
87.8237421875
235.443203125
6.548181640625
78.480578125
186.798234375
48.5785390625
126.9761015625
93.8844921875
22.074529296875
21.848841796875
92.184109375
164.016484375
239.027953125
97.62765625
9.2454921875
33.99457421875
32.4120546875
75.058328125
103.08440625
70.6988046875
123.0811328125
36.2379453125
145.7094375
36.40397265625
101.433609375
51.81295703125
11.5883134765625
113.184609375
52.4171484375
106.1865234375
27.64137109375
131.0521015625
75.2501171875
66.01990625
51.82945703125
72.1691875
34.1956640625
22.8605859375
93.4154296875
294.3626875
112.4550625
54.10362109375
32.431666015625
111.2133203125
67.4318203125
35.527765625
192.275
15.741826171875
38.8870625
54.34283203125
161.072453125
6.36141650390625
294.3688125
35.69177734375
48.64983203125
126.753765625
26.887599609375
5.470201171875
30.938771484375
9.2512626953125
11.5838525390625
26.2129140625
103.45565625
26.3462890625
22.794482421875
250.83803125
56.4421328125
10.108779296875
96.24190625
29.20210546875
113.9021796875
26.809373046875
45.94015234375
143.3166875
2.4835185546875
86.279421875
80.869859375
56.4291640625
14.469275390625
25.974970703125
59.26821484375
146.090625
62.89098046875
9.720857421875
132.801703125
128.30028125
73.309171875
17.512326171875
14.8287236328125
88.609734375
61.94791796875
20.6073203125
28.91616015625
16.778640625
15.847705078125
25.292578125
17.377419921875
104.612625
61.01137890625
47.91154296875
46.33411328125
3.138138916015625
8.4953515625
10.5601630859375
31.58022265625
42.513828125
128.73784375
198.66540625
128.7293203125
44.54645703125
17.6638203125
21.098505859375
8.6944072265625
64.6633125
147.905515625
89.3650546875
169.10334375
11.02441796875
3.5430087890625
9.0051484375
15.95280078125
29.538443359375
177.57353125
60.51525
131.824046875
8.449244140625
203.147265625
37.99112890625
147.818703125
26.40281640625
96.6586015625
11.58023046875
63.87105859375
49.3561875
156.429796875
258.21665625
53.62965625
29.963771484375
36.8250234375
67.2846640625
202.207390625
193.668484375
235.579390625
56.33912109375
59.43583203125
66.6423515625
55.12696484375
88.517671875
203.363953125
22.18440234375
9.2806962890625
94.284296875
6.12571533203125
40.425421875
49.2151796875
184.682703125
90.0225703125
72.9063515625
174.8679375
210.444796875
140.738234375
29.60974609375
161.945
307.05340625
151.709328125
42.9501328125
39.44556640625
49.1559296875
48.455375
181.76578125
14.09982421875
140.77375
12.0883876953125
20.832302734375
74.527578125
61.73640625
17.957970703125
34.76569140625
24.379890625
2.37356787109375
132.894703125
168.670671875
63.4546328125
36.1464140625
270.757375
87.0036875
89.8459375
36.05995703125
18.7934453125
21.417697265625
249.23334375
95.309734375
27.799556640625
158.138484375
9.5059658203125
10.57440234375
19.75823828125
10.6245927734375
34.22471484375
234.37775
73.06478125
5.76301171875
46.22693359375
75.0786015625
196.937890625
59.34027734375
41.1673125
204.607015625
81.9484609375
44.71884765625
46.19915234375
181.31346875
113.7810234375
56.47422265625
37.6789765625
32.54240625
81.7105390625
17.711908203125
53.13957421875
87.201828125
188.43028125
24.177375
54.7555859375
156.69846875
39.63295703125
192.455125
57.27906640625
24.281341796875
64.2883515625
164.969078125
39.84169921875
223.68709375
61.49721484375
3.58914892578125
2.70017529296875
114.8277734375
38.12251171875
55.74432421875
11.8612470703125
16.81659765625
174.7734375
24.798310546875
93.174453125
6.66135302734375
158.255953125
14.9710224609375
54.19499609375
207.49209375
27.787845703125
78.0847734375
60.4686640625
14.4027021484375
72.203046875
43.424421875
17.28292578125
247.8241875
45.110421875
195.140078125
7.72483837890625
111.749859375
2.890131591796875
33.17208984375
26.424841796875
165.39909375
103.8367734375
56.03994921875
44.466484375
53.09417578125
101.0872265625
4.20100537109375
86.65096875
162.60996875
56.777453125
25.974796875
69.6318203125
149.209859375
120.321015625
54.208375
33.31376953125
11.5806572265625
67.8263359375
123.5199375
195.5178125
175.22978125
79.5671796875
20.812009765625
37.8746875
19.99014453125
243.6758125
46.8268828125
9.1381337890625
100.2059453125
12.9376396484375
51.3473984375
25.97708203125
5.24061279296875
33.25165234375
33.209296875
18.25433203125
57.3496875
60.40199609375
15.869330078125
47.99858203125
115.95390625
70.0327421875
43.39299609375
48.98418359375
16.6306171875
158.350609375
16.93259765625
61.53676171875
99.8236640625
31.620626953125
2.346411376953125
24.002927734375
12.4261142578125
44.9122734375
3.61821142578125
115.4902109375
7.2939833984375
71.5863671875
12.591689453125
52.97109375
37.73598828125
32.363376953125
30.463966796875
5.2690830078125
54.8733515625
80.111015625
133.915
58.47571484375
37.65313671875
73.8080390625
23.7551640625
15.7707568359375
39.14009375
246.0771875
58.7007265625
33.32838671875
95.9386171875
40.8917578125
3.5067509765625
23.18909765625
105.877109375
51.9737265625
62.8805234375
60.1532265625
143.64465625
119.2066171875
212.813484375
62.09741796875
221.96053125
85.2058671875
39.03169140625
52.069828125
51.11641015625
13.8151279296875
75.5120078125
12.2339599609375
36.3989140625
72.603921875
71.1292421875
82.036984375
190.646078125
73.9083359375
65.6842890625
29.9753671875
37.9601015625
34.86532421875
74.911234375
20.200744140625
50.57533984375
3.641666748046875
23.299484375
25.003552734375
47.97508984375
51.05341796875
11.26985546875
75.7498515625
35.31077734375
217.602828125
49.022390625
16.1153349609375
31.71716015625
3.842209228515625
80.9627265625
19.60543359375
28.240109375
8.9519375
65.7251640625
3.886008056640625
37.93120703125
10.800310546875
7.96780810546875
112.1319921875
18.48883203125
54.72098828125
44.5537578125
87.8814453125
132.69884375
83.34265625
28.776779296875
42.36655859375
27.63147265625
45.5746875
83.004765625
10.20130078125
163.467640625
34.5776953125
40.73752734375
66.4829296875
7.694658203125
3.2182119140625
8.84262890625
88.0595
68.5947734375
10.8705224609375
88.3433515625
130.9020390625
181.04740625
58.93398046875
103.0972265625
48.0080078125
39.70321875
40.85238671875
17.297765625
54.68671484375
92.28828125
109.643421875
44.31448046875
170.007984375
20.221751953125
6.3106767578125
37.13512109375
74.2103046875
113.5944375
74.0362265625
78.91840625
224.76178125
178.046125
14.3504345703125
43.4729453125
49.51505859375
50.93031640625
1.10034716796875
9.60760546875
122.770296875
167.337359375
119.8113359375
70.89825
9.2923583984375
37.2300234375
20.31096875
136.56334375
25.100712890625
8.18769873046875
99.843078125
90.359296875
48.551578125
60.5070390625
119.2590078125
9.3551005859375
79.5955234375
91.3727109375
47.51893359375
44.00941796875
17.80226171875
77.5291171875
152.1048125
74.37034375
131.904140625
55.81713671875
178.069078125
6.708712890625
119.62178125
25.480333984375
31.18830078125
7.86831396484375
10.0243564453125
71.0651640625
79.7998125
3.5343779296875
83.09753125
262.22996875
62.59541015625
36.1157890625
40.76714453125
40.1470859375
14.9052265625
85.8641328125
57.95619140625
124.159078125
16.457740234375
20.581341796875
204.8618125
136.065390625
39.7751953125
132.74921875
49.80404296875
76.789578125
32.207009765625
62.36492578125
97.16015625
346.4551875
26.366568359375
11.86741796875
34.775421875
13.7710546875
140.524671875
115.726765625
58.5788671875
6.81778662109375
14.422419921875
26.104044921875
73.9065546875
191.102765625
96.62078125
31.84908984375
87.026546875
13.3192451171875
15.6166005859375
43.4768984375
92.2097421875
54.65421484375
115.6719609375
28.831455078125
53.48458203125
6.3529736328125
3.504339111328125
157.59078125
121.1297890625
35.60867578125
27.988552734375
63.49190625
37.97230859375
41.5111796875
60.35354296875
25.57752734375
29.674875
77.068859375
37.64792578125
140.7668125
10.4874697265625
83.119734375
147.93053125
9.59538671875
210.017390625
23.495294921875
20.328740234375
13.327228515625
22.656568359375
39.4697265625
5.62864208984375
5.42974755859375
140.753234375
39.3315625
11.4514912109375
45.25447265625
7.56587744140625
38.44736328125
264.82053125
30.347037109375
104.5594765625
7.15201904296875
19.198029296875
36.69207421875
25.360916015625
126.580640625
75.238578125
20.508359375
26.281560546875
24.614619140625
120.9331875
54.194
8.12224853515625
61.0641875
158.514109375
78.046421875
212.673046875
17.750806640625
18.664345703125
60.658390625
39.9020390625
97.270390625
59.91569921875
41.550546875
9.22621484375
48.77409375
16.1969248046875
63.99976953125
16.374041015625
81.388375
6.11511865234375
76.29534375
308.96553125
53.229140625
5.06980615234375
19.693431640625
8.48009375
69.861265625
20.955111328125
91.13703125
223.140078125
0.0
83.6749296875
72.8637421875
33.49604296875
107.1213359375
249.75003125
175.740171875
70.67571875
55.14591796875
34.0082578125
119.391
200.609875
230.646484375
1.882451416015625
0.0
24.457296875
27.95062109375
12.621009765625
55.516640625
75.64109375
182.073
26.59084375
71.4709375
77.209828125
54.30348046875
128.7448515625
179.309109375
20.898861328125
165.068921875
29.1247109375
19.707125
20.14704296875
60.31431640625
65.82065625
2.181690673828125
60.81634375
143.2101875
158.000875
30.312484375
81.20971875
21.77299609375
7.36934912109375
