90.0061640625
198.625890625
31.538234375
487.269
415.71940625
134.122296875
108.44415625
201.767203125
262.77003125
221.2261875
11.7508076171875
286.14596875
441.50759375
133.19453125
32.682947265625
321.2290625
538.22725
332.00009375
137.8093125
368.88996875
206.7479375
517.73725
196.096703125
101.35234375
309.471125
174.765046875
215.036296875
156.24903125
97.6965703125
380.39215625
242.601015625
328.89975
277.502125
258.370171875
137.39221875
324.643375
268.37153125
32.82230859375
194.91671875
149.8071875
227.900546875
93.8832734375
182.028921875
95.5308359375
241.279453125
145.757234375
101.9648671875
179.275078125
119.2325234375
250.96034375
272.89634375
211.03821875
301.93209375
291.99953125
104.660734375
156.845328125
276.77121875
544.6758125
213.420015625
223.110625
139.687796875
352.75390625
200.010640625
247.79815625
210.45303125
230.985515625
454.926875
146.987109375
239.625484375
453.98459375
191.641265625
474.59159375
473.05396875
211.609375
219.55253125
181.809484375
392.50053125
177.4225625
274.945375
508.21165625
246.403984375
507.5736875
528.571375
139.190140625
210.02240625
328.03553125
172.886125
208.565578125
96.596953125
111.77725
100.0577421875
416.18678125
257.500875
55.44529296875
89.999984375
215.456671875
441.150125
493.28321875
323.595125
347.53059375
284.67528125
281.49790625
420.882875
270.07803125
182.433953125
491.9125
50.363296875
38.90808984375
293.433875
219.165625
219.1428125
301.8279375
369.5558125
94.2293203125
390.61715625
466.95475
43.2443359375
135.49075
163.856046875
247.795296875
85.431375
341.85590625
58.328546875
242.93209375
160.866125
68.61421875
43.39574609375
315.89015625
261.5166875
167.921875
58.46536328125
97.75609375
203.3706875
164.690265625
382.70346875
104.925453125
157.119671875
273.75521875
66.3890703125
313.4288125
177.7950625
183.86659375
193.20496875
39.33591796875
335.890125
389.980875
258.40534375
420.678875
37.96698828125
273.322875
242.300953125
149.8984375
381.7176875
48.727296875
394.08309375
84.16603125
407.69271875
160.52921875
58.25216015625
199.7141875
311.5509375
253.778765625
239.1580625
77.0842265625
94.7306796875
34.5007265625
216.513546875
378.77125
395.10828125
262.6169375
330.89165625
42.980890625
66.075984375
242.43175
148.777390625
194.99471875
359.38675
338.4426875
183.253109375
244.045953125
302.35665625
320.822
234.28534375
35.97089453125
545.23425
484.16521875
181.0955
268.39328125
315.81171875
439.89315625
218.968609375
327.042625
360.7885625
80.3563203125
216.88440625
375.840625
68.8195078125
432.77540625
464.81596875
506.27828125
313.64009375
122.6508203125
368.822125
385.11509375
124.4716484375
227.092390625
105.767421875
177.88828125
497.577625
318.5431875
148.349921875
432.13659375
244.8935
148.696734375
5.763072265625
424.11565625
39.3035234375
63.0171171875
475.70275
51.09841796875
258.4855
252.91175
25.57018359375
223.317296875
294.680125
193.5660625
484.07946875
452.51340625
255.553359375
266.5728125
398.977625
410.74828125
203.2790625
232.28125
172.84546875
161.57615625
335.3756875
232.14434375
304.54625
245.4166875
126.921828125
422.78471875
455.85878125
310.27528125
442.27659375
153.990171875
167.723171875
273.6405625
301.8044375
127.2843984375
117.4301015625
276.64421875
77.3850390625
150.147875
426.00321875
420.28696875
88.972375
79.311375
227.840875
209.209296875
281.255625
168.488
279.6774375
402.05809375
49.27655859375
148.652125
127.684015625
52.07981640625
32.40249609375
233.895828125
327.45909375
286.006
52.842046875
132.149640625
399.25221875
359.27475
61.23594140625
397.4793125
46.60328125
160.394671875
276.84975
100.2435234375
265.1083125
171.11603125
251.826140625
91.648109375
50.11632421875
294.55921875
235.824046875
311.3638125
276.85984375
239.48853125
363.7064375
462.882875
105.65521875
82.374421875
74.137828125
310.5945
261.01778125
45.623359375
503.97228125
531.145375
372.32278125
210.06303125
419.5909375
193.19153125
315.81846875
370.56875
120.0196484375
50.97062890625
83.096546875
106.1500859375
325.483125
548.5001875
375.724375
322.50378125
377.98646875
283.86159375
238.4575625
49.64152734375
275.00734375
65.3285625
421.45509375
73.9342890625
122.8867578125
60.19852734375
399.321375
270.73071875
373.64096875
32.86384375
444.19809375
313.205375
239.84578125
332.35775
347.074125
134.37796875
314.55990625
334.31790625
103.2529453125
343.20359375
223.682078125
108.9352578125
394.1783125
179.092125
100.7837265625
600.9505625
227.9581875
488.8986875
385.72490625
398.48671875
305.01190625
221.040234375
130.917421875
130.4449375
132.156375
218.150296875
336.16709375
353.84084375
319.09915625
354.6534375
193.044671875
45.30517578125
243.33003125
300.69378125
462.61728125
119.9834609375
128.1270859375
308.5190625
235.953859375
126.9687265625
101.1415859375
185.33396875
226.250765625
102.873640625
253.220984375
423.0715625
241.6605
183.921140625
69.829203125
348.0104375
67.2954296875
55.7987421875
227.93059375
264.3245
364.2260625
327.38075
279.898125
271.923125
283.11059375
318.1685
331.810625
403.3239375
563.141625
435.6994375
469.284375
86.427078125
431.1319375
232.241234375
454.21721875
269.70571875
268.87190625
64.87448828125
289.12696875
392.51403125
76.24890625
131.428125
308.8194375
100.69990625
430.993
367.41171875
90.2968828125
139.900453125
269.375625
317.119875
152.799953125
415.024
452.91984375
148.262125
85.7448203125
276.97153125
41.3996875
65.6452890625
141.939171875
159.675375
136.91734375
45.03294921875
316.57596875
292.0074375
165.890171875
380.24128125
63.21320703125
187.420796875
430.02846875
188.564296875
369.24475
151.45671875
181.500265625
32.0176328125
193.627015625
182.738765625
139.14021875
325.69134375
359.86175
291.8728125
73.695921875
240.820078125
43.08132421875
417.106375
191.1970625
316.308875
158.071453125
371.43271875
171.759421875
54.6443359375
434.418875
71.484671875
346.466375
225.488203125
385.21134375
361.4661875
68.6155078125
142.17103125
241.348828125
432.1399375
402.584875
71.092890625
237.293203125
386.38978125
298.43309375
283.0546875
58.034390625
170.96265625
57.25659375
345.82465625
114.5809921875
79.0992109375
217.733046875
119.64209375
337.826125
393.04596875
151.5383125
323.68684375
200.555484375
509.7991875
227.99703125
232.11046875
434.24984375
531.624625
402.9720625
71.0136171875
259.711453125
369.849375
223.35290625
207.965015625
419.8936875
208.301953125
383.11603125
254.089609375
124.0425546875
274.52075
116.0407421875
285.61128125
359.76340625
460.0345
366.86865625
175.806328125
208.746109375
298.72940625
404.759625
123.41340625
322.03234375
296.37240625
79.5325
109.4174921875
334.4896875
60.85696484375
213.7876875
173.12971875
237.234546875
226.688578125
254.566984375
326.261375
66.337265625
297.60146875
213.708859375
337.78265625
282.11409375
223.2548125
404.08934375
148.11775
272.37959375
83.4472109375
454.50971875
264.85190625
38.26069140625
119.205390625
476.34290625
61.84281640625
112.8195859375
416.68709375
200.671640625
231.399015625
325.0945
303.64109375
293.19884375
461.0128125
281.95196875
276.3516875
173.526015625
362.14546875
130.7493203125
527.232875
155.989953125
82.684390625
394.598
210.62871875
110.2455625
334.2180625
25.785169921875
409.04865625
251.0040625
148.7915625
346.01840625
219.980140625
315.96253125
246.35675
330.955625
110.40653125
26.50780078125
361.77121875
8.6213984375
103.3895546875
407.73690625
251.559734375
413.24834375
607.353125
407.3196875
160.62409375
240.33921875
260.003625
202.887859375
343.74365625
66.77746875
303.0718125
315.13009375
309.44121875
181.83315625
112.7114375
297.95040625
266.6163125
159.83925
161.356625
256.6406875
97.78309375
319.93840625
279.06025
78.5415859375
247.77403125
285.09428125
274.05503125
308.2014375
91.012640625
197.155390625
111.652703125
128.4741484375
115.6972578125
221.259203125
173.2884375
439.045375
168.158359375
262.99859375
199.84575
292.46559375
358.13090625
234.3130625
271.3178125
492.92321875
260.456171875
196.8309375
206.1085
209.423390625
138.934078125
377.73365625
304.61134375
291.37859375
221.97134375
162.352078125
179.99465625
5.25236328125
92.5352578125
217.479890625
52.98972265625
302.3634375
271.87103125
56.5653828125
202.242296875
357.8511875
204.388515625
391.9636875
238.40209375
451.26125
457.11803125
147.89471875
223.448765625
275.0505625
389.9730625
251.66796875
142.654390625
18.631068359375
166.733640625
198.7543125
281.828
293.14459375
213.389234375
24.8766484375
207.525109375
361.587375
346.98196875
187.01521875
201.55975
93.1196015625
383.28640625
49.48859375
78.64734375
448.48840625
211.80978125
106.2240546875
495.93303125
77.2216015625
281.71609375
203.5221875
230.562578125
164.73584375
190.86803125
109.7809921875
175.536375
307.132125
247.502625
191.80734375
397.0076875
179.19025
480.828625
75.000203125
351.14515625
117.376984375
111.561140625
320.65278125
117.55209375
339.033375
113.7887734375
133.835859375
320.42771875
526.022625
485.826875
335.2758125
106.0649375
164.601796875
307.4016875
387.57175
247.19040625
266.81096875
497.88615625
184.304328125
322.8794375
215.00396875
91.688046875
401.27465625
149.28684375
241.80546875
82.0075390625
205.060796875
350.6740625
348.97246875
399.180375
268.12834375
143.27503125
500.57403125
326.31575
502.10840625
148.938703125
397.20315625
344.44121875
19.599203125
327.708625
248.51128125
164.765859375
168.975203125
545.1509375
196.41675
308.796375
301.9848125
138.650859375
190.85740625
312.1879375
463.85953125
310.92096875
95.4504453125
309.63246875
222.682125
215.638578125
180.079671875
126.41778125
138.275453125
103.9306953125
255.94090625
114.79371875
186.806640625
297.01259375
139.56559375
67.2020625
131.322453125
219.561921875
283.13546875
148.970625
321.04615625
26.525220703125
70.2163359375
280.615625
104.84653125
304.73621875
125.323
112.752953125
114.99646875
175.25378125
175.3608125
306.72040625
401.3459375
376.66596875
137.549765625
85.7364375
362.5398125
400.34946875
424.323375
126.1207890625
389.32884375
69.78478125
122.6122109375
376.93496875
222.4446875
63.11076953125
418.5081875
141.326765625
262.92
371.94990625
218.903640625
316.1345625
358.61371875
76.08490625
325.83865625
243.70178125
318.3945
129.7359296875
82.1465546875
289.839125
78.3555859375
229.74025
59.83492578125
445.441
70.4011328125
244.61428125
122.288921875
162.787890625
56.38316015625
289.6191875
41.17178125
201.56009375
347.0555625
299.88884375
387.4975
350.548
228.34090625
364.17490625
70.5365234375
351.49859375
110.76096875
357.3955
148.320515625
313.53834375
26.931294921875
113.2970859375
136.72784375
199.794921875
300.3556875
370.13596875
472.75053125
208.114828125
251.810046875
277.60259375
460.56990625
210.96228125
206.20053125
321.6225
270.99853125
462.10884375
254.064578125
432.9656875
108.8130078125
85.4126953125
255.173609375
32.576576171875
112.207421875
348.3344375
479.01803125
181.199578125
181.58303125
254.1853125
115.7180234375
53.34420703125
241.84375
117.2721640625
130.344546875
213.806015625
407.51003125
349.5044375
174.698203125
249.1269375
153.024546875
306.4503125
47.7152578125
109.6457734375
300.4171875
84.0199375
72.6944765625
337.20846875
116.4781015625
103.0507578125
268.57740625
171.954234375
61.5837421875
40.1581875
95.285625
234.207125
172.566953125
83.446453125
172.98478125
360.66484375
95.3817421875
190.303375
260.352046875
349.4423125
294.88828125
20.429365234375
23.954810546875
83.1490078125
434.90390625
273.43765625
57.10465234375
117.8653515625
155.187578125
44.584078125
398.0436875
20.1267890625
142.834375
559.4946875
34.2860546875
251.19665625
314.84353125
259.6555625
383.18290625
242.614359375
79.7343203125
378.21665625
65.08404296875
429.0724375
309.1021875
147.858859375
385.1673125
74.13084375
75.6669921875
234.9298125
28.70140234375
236.641921875
102.451421875
278.29390625
160.659484375
201.5218125
35.31571875
287.28134375
336.99984375
157.38025
289.57590625
131.631390625
181.765765625
214.900140625
208.364
318.01715625
213.300296875
217.47321875
226.247765625
577.49075
420.84271875
165.422671875
482.25740625
197.7758125
275.4276875
314.6799375
151.110171875
203.071453125
209.66171875
476.399
174.153671875
359.9496875
359.57053125
124.7210703125
359.4795
261.906890625
313.46878125
180.63971875
347.64925
260.041609375
325.9375625
401.77859375
114.60246875
292.80359375
108.487875
211.528796875
258.102375
83.8477421875
212.12296875
109.28140625
183.87540625
69.255953125
239.69978125
352.3053125
203.669546875
226.91328125
370.48271875
126.737375
333.53815625
254.182390625
93.69103125
298.43809375
253.365421875
174.0038125
55.83612109375
148.978265625
166.667625
296.93140625
76.843296875
19.558341796875
392.0450625
353.041
350.69615625
131.2441875
138.593875
339.851875
302.08071875
53.60425390625
396.397875
430.78325
164.1099375
213.708234375
146.324
190.673875
155.601640625
312.77253125
283.56640625
198.444203125
38.49904296875
215.96603125
157.50890625
13.377732421875
183.13071875
149.102734375
143.116234375
160.99809375
74.272078125
226.253
403.996
450.82440625
166.1031875
553.0235
229.3868125
316.1051875
241.0185625
429.36521875
397.33534375
129.7035546875
287.02415625
129.2311015625
88.2504375
195.357875
73.049375
250.520359375
30.403376953125
356.2516875
128.8025390625
241.07178125
25.628046875
103.1105390625
150.446578125
123.613921875
304.62959375
24.696296875
394.32378125
141.348234375
204.50496875
195.41578125
345.94934375
151.664953125
229.833421875
227.732015625
315.70471875
293.14234375
171.7001875
278.74278125
114.820625
245.555609375
108.70846875
132.047609375
251.029265625
80.391609375
326.61490625
438.2893125
303.16046875
240.97078125
312.42840625
33.200265625
408.45059375
336.8771875
336.39271875
181.587734375
328.85984375
213.618359375
116.3083359375
436.1336875
313.11725
248.76271875
147.838734375
259.167171875
239.908375
175.6791875
207.576359375
291.5109375
131.239578125
437.36025
518.434
301.0585625
353.75546875
239.119765625
19.03912890625
134.526421875
129.273515625
96.4706875
280.68471875
286.5781875
272.1213125
238.23478125
133.95790625
168.079953125
97.584125
338.5496875
439.8485
225.721828125
350.6481875
448.3123125
240.84140625
309.609
224.520703125
126.0106328125
360.660375
185.62546875
235.22103125
194.653015625
88.7544765625
172.328296875
138.125203125
112.4529765625
448.2594375
349.5585625
11.1983505859375
148.345671875
474.4535
311.85990625
297.53375
152.601296875
420.104875
122.0894921875
356.70096875
120.7241796875
23.17916015625
559.9928125
433.6524375
238.107703125
435.69059375
315.8481875
418.2469375
29.143236328125
267.322625
96.135984375
308.732875
375.3634375
202.480296875
363.01125
278.70915625
237.77775
397.057875
133.2975
333.2351875
426.16753125
262.94946875
53.1908125
286.827375
443.21178125
195.18028125
290.84615625
341.94078125
446.702625
80.11884375
55.01120703125
100.328171875
313.2186875
83.0343828125
17.57943359375
306.053375
186.55159375
488.21059375
384.60965625
273.56953125
70.5235859375
270.92915625
286.6340625
400.263375
118.4226328125
175.094734375
102.4235703125
137.68809375
666.38875
36.885109375
277.7635
24.473375
161.630890625
176.164546875
556.0971875
358.880875
77.0284609375
286.81309375
76.863078125
85.130546875
357.8735625
222.79071875
197.34659375
57.14159765625
69.47840625
88.7461640625
517.2235
425.0854375
129.5302578125
119.1611171875
334.9046875
324.4905625
109.657
435.63834375
315.80684375
300.77021875
272.83990625
50.705734375
142.841640625
433.87503125
175.027375
222.790140625
72.9650234375
247.334015625
180.977640625
303.14346875
215.097
164.58434375
159.095109375
557.154875
97.5551484375
337.7745
57.651921875
142.538
175.573921875
285.4255625
280.74646875
159.9409375
117.47640625
110.6219765625
153.347828125
178.84415625
76.7545859375
315.74559375
233.22609375
211.2673125
126.8932421875
253.411734375
269.43090625
235.89734375
128.875828125
188.12228125
186.843421875
157.67484375
85.4740703125
409.57640625
183.065828125
221.8213125
134.7880625
112.64284375
356.32059375
135.911046875
92.783578125
85.42471875
260.8434375
363.74953125
220.933171875
240.502171875
122.936484375
155.195984375
342.58746875
40.73621875
75.0589296875
265.159625
207.931265625
356.81540625
390.51071875
444.89740625
219.014203125
269.15828125
459.80903125
192.626359375
265.46359375
60.72477734375
238.035359375
262.91775
179.473515625
409.97
303.93646875
106.69234375
280.64025
517.46915625
446.52953125
208.62403125
335.26025
211.92409375
453.4825625
382.563875
218.252890625
372.00159375
381.4293125
116.9090078125
341.3133125
232.40878125
334.5285
118.7531328125
393.35265625
329.31584375
128.8443203125
314.11371875
186.65971875
334.54884375
70.785765625
441.62184375
470.2888125
271.63225
50.37208203125
263.2894375
34.26033203125
536.005875
460.5335
130.892875
206.2119375
101.6994921875
580.6695
446.241
86.880125
210.258078125
157.26853125
88.3906328125
79.49303125
238.1968125
530.121125
303.5873125
82.1913984375
102.39309375
254.07159375
85.6460859375
148.158421875
294.78596875
368.74365625
249.48315625
256.44528125
217.161109375
52.08702734375
206.090140625
470.1171875
217.28890625
428.96759375
398.7815
343.13271875
268.54525
31.66513671875
72.9791484375
194.748203125
142.397328125
290.7159375
195.374484375
161.360078125
344.61340625
257.82184375
61.25476953125
275.18378125
182.32565625
181.646375
444.5891875
228.1054375
128.8914140625
225.481109375
418.73278125
275.8155
391.7788125
202.127734375
443.377625
452.329625
43.91413671875
226.682484375
228.42540625
292.973625
388.52940625
36.8775703125
297.6771875
225.62434375
342.76009375
524.306375
295.3605
169.04628125
342.40359375
216.8089375
116.3178125
222.546234375
312.00790625
31.97320703125
243.175515625
320.53375
310.10828125
81.203328125
107.01528125
389.4051875
77.1545546875
395.66465625
352.74928125
325.0188125
116.0383671875
504.45765625
140.5511875
356.98521875
358.16809375
532.5725625
128.829890625
85.3244921875
263.71375
91.0541328125
120.761359375
271.08409375
161.929234375
188.118296875
76.7947734375
255.20946875
429.05025
172.3699375
199.964203125
275.15259375
139.497640625
100.9705390625
421.45334375
448.0536875
110.5999765625
298.13834375
312.83859375
303.375375
387.6415625
474.08496875
366.11175
151.95265625
400.2016875
56.25036328125
247.397375
292.108
152.394078125
138.286953125
174.46634375
116.086421875
105.5844296875
192.45190625
446.5085625
536.820875
479.1485
118.127796875
196.834453125
277.901875
30.425755859375
294.28175
272.004625
494.2408125
295.15003125
4.74073095703125
287.23528125
127.4597890625
155.78575
206.27928125
218.3795
146.267765625
107.591796875
358.52915625
189.321265625
94.8614765625
388.160875
216.6015625
128.7636171875
10.770025390625
239.10896875
288.6301875
351.59921875
242.89553125
322.43709375
123.1334375
105.5527890625
207.90753125
365.59471875
104.78103125
221.3678125
235.8194375
121.1373203125
191.9856875
362.30628125
27.31475390625
173.974203125
38.19620703125
77.780640625
469.901375
414.1678125
421.35053125
113.9199765625
46.8593671875
218.7175625
310.019625
329.8293125
158.476515625
304.9423125
246.4641875
208.18296875
151.408875
134.806078125
511.83128125
140.473140625
396.7914375
246.5085625
254.492109375
75.9818515625
328.99096875
382.39446875
36.89930078125
86.026421875
20.651603515625
162.426578125
452.535
27.276001953125
215.681703125
54.1850703125
178.594578125
85.30846875
268.15159375
74.6013125
306.0416875
223.294140625
356.35490625
423.79275
327.32825
19.38037890625
247.601484375
78.6426640625
370.57621875
353.9955625
233.4025625
47.65937890625
186.90203125
68.1418515625
345.9499375
385.19959375
323.4218125
258.073546875
144.035984375
219.699078125
182.04446875
275.20721875
128.532703125
243.34384375
390.43425
327.0135
305.11121875
101.544140625
217.56121875
273.34878125
337.77146875
293.7894375
183.420046875
393.0704375
92.84475
100.7414921875
519.01534375
103.957125
262.8605
36.21958203125
506.78184375
323.30784375
232.69725
191.90665625
415.277375
173.475171875
32.6567734375
80.5855703125
289.22584375
322.5359375
108.3677890625
26.93675
127.2900546875
292.86921875
214.15209375
101.375890625
308.2844375
274.02415625
143.91528125
430.98153125
17.82341796875
218.348609375
144.967984375
119.5189140625
203.5446875
272.810375
152.161109375
109.0002109375
227.68309375
354.02696875
222.852859375
67.9277421875
350.1850625
352.1303125
78.829515625
324.080125
173.98203125
458.24459375
64.929046875
256.56884375
109.3883515625
179.647015625
326.8690625
384.55603125
288.63825
170.36165625
371.58340625
292.8399375
407.786
247.93575
518.2975625
236.162609375
111.1519375
49.33096875
159.75478125
166.138734375
362.97684375
326.1513125
254.93821875
16.1689970703125
429.921625
57.7938828125
170.526796875
85.8436015625
94.0729453125
277.9849375
89.4350625
401.2643125
424.9541875
86.92278125
456.63684375
64.494890625
445.928375
46.6976640625
52.71763671875
211.487625
138.2101875
254.698609375
410.3066875
335.01434375
211.590671875
159.3369375
96.7482734375
180.935328125
114.548984375
208.591421875
322.16540625
173.0805
378.27821875
402.10246875
274.73821875
325.04978125
63.27296875
401.78078125
166.0896875
162.59396875
416.44021875
428.82715625
328.1936875
205.5489375
211.1523125
10.76919921875
278.315125
137.8019375
127.1178515625
308.157375
267.86440625
339.29509375
281.2299375
374.18140625
358.0891875
318.1655
167.6848125
227.33621875
425.628375
363.88240625
119.8529921875
382.45878125
340.2033125
409.16171875
382.15325
118.5283671875
59.31211328125
209.584890625
253.71025
149.8631875
320.6145625
65.567421875
96.9554375
140.84084375
100.3475859375
201.011640625
225.051796875
476.848375
282.86034375
391.6920625
114.9686953125
206.506296875
259.424203125
151.53053125
85.7718203125
387.7995
283.351
172.943859375
394.02278125
272.97859375
350.6078125
99.8744140625
309.73153125
156.022953125
361.70659375
234.408984375
165.2165
369.5813125
196.975640625
495.5641875
420.228375
376.3604375
156.8755
178.122625
165.870125
484.58209375
150.359984375
228.132546875
330.18690625
151.445609375
58.44825390625
250.994171875
199.851
493.24703125
255.515296875
435.955625
312.89296875
168.281609375
110.8053203125
234.25015625
350.789
185.917984375
25.287447265625
303.26209375
149.55096875
198.381296875
226.65121875
165.472296875
31.994314453125
170.10609375
102.647234375
200.37834375
478.378625
378.95703125
104.666578125
149.620171875
484.27571875
501.498
121.15428125
205.140953125
358.40378125
359.191625
177.341703125
7.94309619140625
218.92496875
285.29675
447.69728125
113.4955703125
265.95234375
340.84215625
41.94884375
85.8964296875
334.9163125
45.52870703125
335.8423125
86.059265625
248.390734375
405.68003125
428.4179375
269.844625
84.533890625
320.7201875
352.92171875
287.9845625
488.87765625
78.4959375
26.097759765625
103.3739453125
125.2220703125
249.92275
378.338875
254.05609375
82.5505625
178.051
120.4598359375
391.425375
376.143625
220.8691875
167.725765625
62.37940234375
313.729
323.18025
360.13028125
347.721625
191.16340625
97.72321875
87.3968828125
9.899513671875
132.209515625
217.7035625
279.90728125
129.9679375
318.68425
266.20403125
391.37434375
404.8024375
433.142625
198.72253125
410.22528125
192.3671875
223.64646875
175.38240625
84.110359375
284.48184375
208.891828125
315.35259375
160.95546875
414.31203125
318.72946875
425.93296875
174.600953125
152.18746875
398.65184375
107.93465625
208.119171875
57.28827734375
139.912046875
296.89271875
94.50828125
69.8026484375
264.67984375
77.1251640625
148.154171875
391.8573125
230.901125
141.72465625
399.69228125
175.37375
66.1762578125
323.1814375
550.786375
388.171625
441.5059375
195.653484375
293.08246875
302.89246875
317.74984375
319.92784375
181.898078125
323.062875
322.52015625
421.235375
267.18090625
294.49603125
262.19225
232.220421875
448.337625
234.041078125
204.050046875
373.84003125
235.028640625
187.62778125
448.625125
114.1765390625
382.81975
347.41421875
356.6936875
189.684265625
134.923328125
328.30090625
355.65121875
85.60509375
190.098234375
291.58046875
246.67540625
180.067421875
296.1515
347.207
304.40396875
527.28225
53.77406640625
431.5640625
243.376359375
58.65034375
94.0204375
310.6394375
108.634390625
189.924328125
77.8959609375
170.04925
341.22878125
205.928953125
255.276265625
49.9129453125
137.053828125
118.308890625
408.1768125
243.015875
315.699
518.0875
134.653375
191.368078125
185.13065625
241.643953125
150.12784375
515.2718125
72.4913984375
313.4158125
240.651921875
114.0586328125
379.83240625
32.450966796875
375.0103125
454.93375
264.26075
158.797609375
204.70253125
459.3966875
328.3024375
240.680515625
204.094375
334.1835
279.38703125
219.473171875
74.556203125
235.73084375
302.421875
573.0435
349.78084375
197.963375
132.142703125
197.341515625
222.680140625
130.55596875
142.15015625
280.8191875
258.552703125
266.0794375
379.6889375
408.74553125
378.80565625
404.2184375
320.33271875
244.110046875
70.678796875
285.27028125
55.3666171875
68.48
117.76328125
306.9850625
345.3611875
318.5616875
61.26743359375
92.9154375
253.629921875
201.18871875
268.79596875
185.08884375
374.857125
211.575796875
102.6921171875
298.96359375
28.782892578125
161.60975
464.41375
459.808
211.157921875
337.021125
577.959625
351.24915625
372.80315625
280.789375
174.021125
67.408328125
215.589421875
181.107328125
498.25259375
46.225875
111.80375
277.58025
315.35215625
357.9509375
80.2149765625
186.737375
155.868046875
377.68396875
4.55544091796875
195.578828125
116.4766328125
172.106140625
106.9937109375
70.2315859375
151.8078125
54.42248046875
266.53646875
168.78159375
73.0535546875
328.2760625
129.8822734375
209.85628125
385.7763125
498.9235
321.56678125
56.12469921875
128.3443125
296.01646875
208.119546875
332.607375
227.969625
135.4294375
364.39184375
380.57940625
503.94615625
316.31509375
253.652625
388.529625
203.662796875
154.18625
319.04040625
511.39121875
85.9034921875
131.90165625
248.233375
284.9500625
52.53925
236.414953125
74.747453125
66.153171875
347.2764375
227.500359375
474.648125
66.641140625
191.907328125
76.039234375
210.306953125
401.5774375
243.32159375
402.90734375
52.03916015625
117.899296875
128.816109375
332.9425625
118.4977265625
346.2246875
185.17628125
182.225453125
96.95375
460.88659375
240.700359375
127.43471875
314.44825
281.0894375
184.608609375
489.0840625
168.47953125
226.868625
473.70725
156.3575625
315.4544375
455.43328125
106.9558671875
76.612953125
308.48621875
105.19084375
167.950171875
186.349265625
202.750265625
535.8918125
185.619953125
180.029203125
150.345515625
334.876625
90.95009375
240.289578125
228.473390625
74.3152109375
237.510078125
285.469875
186.00621875
228.30859375
300.7770625
57.222328125
51.98696484375
111.4489140625
183.49884375
148.89603125
289.1235625
253.5716875
292.897625
200.20053125
176.591421875
71.008328125
194.494046875
83.34828125
129.117421875
117.2673828125
266.61546875
388.57628125
174.0894375
123.9265
246.26775
439.07053125
298.2655625
224.65478125
381.09834375
283.5208125
318.2286875
474.7716875
479.36390625
339.13296875
169.437828125
145.4329375
147.262390625
249.4206875
338.7685625
361.7595625
434.51440625
346.2480625
80.2127578125
325.32271875
120.4580859375
247.14075
220.335375
446.03246875
118.6505234375
148.12934375
147.926765625
305.56965625
66.667046875
281.69740625
360.61621875
177.998890625
352.9935
387.60021875
273.9073125
199.521328125
290.0808125
248.016203125
102.682828125
219.5968125
89.89290625
336.80165625
342.5389375
314.7195625
319.41565625
34.62871484375
334.13853125
340.09746875
260.5645
308.729625
270.10796875
175.529640625
207.441546875
289.9951875
598.072625
279.7576875
49.43663671875
225.413515625
290.86078125
273.7848125
269.05303125
304.54459375
278.5751875
231.986515625
244.739765625
366.3459375
315.362
417.07084375
363.55209375
242.184984375
191.039234375
181.386265625
323.3773125
156.16928125
188.684515625
151.110140625
169.0630625
230.363765625
334.74009375
132.79334375
265.97234375
245.7101875
180.6539375
222.281609375
205.602578125
457.15021875
309.4589375
121.679125
234.797125
341.31034375
323.56728125
159.11615625
271.9190625
284.40609375
252.253640625
107.7288125
117.507375
42.00600390625
233.9379375
147.772609375
297.74959375
260.299015625
83.9289140625
300.6545625
307.8308125
334.87559375
320.27309375
294.77184375
283.4495625
175.771265625
192.0184375
73.2190546875
171.046765625
212.728
282.77928125
49.114734375
317.64303125
90.5341953125
44.94672265625
293.881375
17.4692578125
316.33759375
139.616484375
201.950703125
407.82028125
488.76309375
209.582921875
243.82971875
220.10090625
410.9884375
136.691171875
220.96653125
421.21703125
431.88478125
513.7825
145.341078125
169.303703125
401.01490625
306.13396875
94.915703125
126.2844296875
18.864638671875
141.589921875
227.784578125
101.954421875
32.20556640625
394.85934375
341.43453125
140.435671875
205.6588125
201.531265625
177.7621875
339.18809375
112.6052890625
107.27090625
135.8709375
84.8595
241.474203125
88.67403125
299.798375
182.295515625
181.889296875
134.63334375
312.3536875
298.2159375
400.8491875
88.6452421875
400.87028125
119.703984375
337.77759375
162.986734375
369.2603125
392.62975
82.6427734375
114.008953125
312.40415625
132.332765625
310.0065625
133.230640625
349.5698125
268.15546875
47.25673046875
229.643296875
542.765625
307.9520625
88.47696875
384.234875
132.871078125
252.70234375
76.2333671875
88.7751015625
37.07717578125
118.860390625
242.4110625
331.5134375
274.87346875
354.29146875
89.26228125
147.2890625
291.94403125
442.185375
172.689359375
326.56678125
41.178109375
204.772453125
421.47646875
55.07165625
377.05859375
187.733390625
320.126375
35.1436484375
461.15153125
178.159234375
293.9760625
97.2698671875
366.9184375
236.029515625
171.8986875
353.435125
141.243203125
345.729625
13.7640126953125
304.45121875
261.793640625
74.78125
308.5048125
183.51178125
152.213796875
113.6469921875
290.30615625
61.6266328125
260.2655625
109.121796875
99.597234375
302.68903125
332.2794375
168.706171875
261.91675
165.591296875
339.85959375
223.724890625
325.75728125
166.285234375
90.449
157.21753125
493.145375
300.68753125
138.265796875
229.58871875
128.4085390625
252.4060625
114.3439921875
18.420990234375
86.671515625
221.90965625
87.4526484375
474.17453125
454.3733125
65.4085859375
172.006
56.101953125
149.224640625
388.85121875
297.11553125
181.0506875
492.9918125
232.301421875
352.71065625
116.27903125
121.5299296875
79.7079609375
258.691265625
458.3741875
437.41
134.475859375
62.51745703125
164.11903125
400.665875
105.3763125
67.11603125
372.4464375
191.721328125
63.056078125
287.75271875
381.369625
206.636625
188.176546875
375.5155
35.13676953125
409.35284375
311.5445625
180.1490625
312.47246875
264.509
427.014125
146.55815625
133.519109375
250.71596875
321.78928125
310.63621875
434.3169375
152.0585625
411.62471875
53.3121875
101.436640625
154.743515625
214.867296875
141.8195
432.72196875
401.31578125
202.448484375
496.91321875
164.073765625
346.8755625
77.53859375
211.690421875
390.722875
279.84603125
128.21875
142.931453125
285.3460625
368.2735
114.5858984375
348.216625
226.16425
470.40359375
109.2715546875
25.51139453125
316.44325
236.309609375
410.70034375
314.5145
23.235701171875
202.88275
244.750015625
289.24659375
345.7385625
269.7370625
336.85934375
413.96015625
163.392078125
204.171
58.08828125
333.24428125
253.144546875
367.37559375
339.7350625
140.381015625
411.5281875
226.95475
225.92275
303.3954375
41.35279296875
93.135125
453.2669375
344.093
314.21746875
474.39709375
147.99721875
258.574125
169.0971875
109.683125
427.14121875
162.001671875
232.858125
395.535
170.37665625
74.463015625
193.4725625
137.91928125
286.77590625
275.8
85.2041875
88.0153671875
480.73778125
317.13571875
387.300875
109.8655390625
406.65821875
159.026390625
446.06275
305.216625
167.934890625
293.25534375
20.99040234375
128.468828125
237.387796875
287.97059375
335.6115625
234.429015625
291.88
264.84925
391.52490625
306.6345625
273.30815625
332.3948125
377.698375
172.367125
108.1093046875
237.488625
146.1056875
195.817015625
193.2575625
270.13834375
299.03109375
110.7203515625
420.78934375
160.206546875
108.4681015625
129.5555546875
296.88675
451.0615
509.41528125
212.200609375
281.22096875
32.426912109375
383.3475625
194.420125
279.26378125
394.89478125
223.839265625
405.87196875
455.99409375
184.299625
319.6863125
204.42971875
70.926578125
95.1972109375
232.685484375
55.1747265625
119.012875
321.8428125
185.589078125
112.463265625
134.752328125
149.9145625
169.663671875
391.69771875
563.58775
399.3920625
98.928203125
61.08028125
133.3711875
260.993953125
429.66709375
269.93784375
142.426859375
367.86440625
354.063125
291.22371875
150.9243125
107.8692421875
230.177703125
361.663875
471.09678125
345.6850625
47.9723125
456.5231875
38.29968359375
167.2435
255.45703125
262.640625
106.6460859375
62.5145078125
357.1425625
163.31946875
211.819921875
145.614765625
109.634125
291.44271875
356.501
153.663921875
93.14021875
112.9456875
338.33934375
440.4190625
109.1813359375
88.324296875
103.974375
78.767015625
238.873203125
156.34271875
173.5780625
307.675125
122.951546875
398.4875
122.7124375
98.5895546875
66.7582265625
218.627515625
127.9845859375
429.17234375
240.599046875
172.873875
354.5901875
217.713703125
312.5569375
304.829875
163.689
134.8173125
143.04890625
241.019953125
334.897875
142.16759375
86.1138984375
192.594484375
310.5684375
262.51471875
319.58625
155.09534375
122.3943671875
322.366125
355.57715625
77.50684375
310.051375
35.61365234375
362.4370625
390.628375
198.8515
283.210125
265.4244375
281.24296875
317.48771875
309.1346875
84.900296875
307.78828125
132.24071875
274.413
65.9900078125
251.804703125
149.386265625
10.5174970703125
359.84028125
189.708890625
319.0569375
112.9050703125
290.30309375
177.919640625
567.1311875
295.62059375
372.97821875
278.9183125
276.34125
90.0115859375
319.00065625
268.14803125
47.421796875
129.3851171875
470.90875
58.169765625
256.7321875
348.12534375
93.731671875
250.175609375
96.924125
368.1699375
576.6085625
69.627546875
343.10821875
210.294671875
211.499
89.8830625
364.85515625
96.3430390625
369.79925
41.813859375
238.77896875
123.552875
188.436921875
289.181
60.722453125
418.2031875
128.7044296875
292.043875
356.37221875
239.945328125
280.767375
384.1660625
67.421453125
416.22321875
465.7008125
282.85496875
461.24665625
294.794875
272.599
240.77546875
43.965828125
343.0375625
366.67709375
426.5434375
263.38153125
50.879375
147.271640625
151.789984375
363.80109375
346.7796875
226.153109375
287.2026875
213.584046875
221.58434375
261.66878125
374.7125
389.31125
61.7646328125
89.986734375
285.426
135.368421875
213.2531875
420.96059375
142.12353125
136.362203125
35.8109609375
63.79509765625
221.920375
159.78415625
249.142109375
514.905125
313.84696875
360.388
189.005375
78.883875
274.98659375
264.32440625
85.9578828125
124.3189609375
131.477484375
212.0475625
207.0503125
387.16234375
291.637875
373.57878125
317.282625
155.04190625
92.8267421875
343.07490625
376.2378125
50.29120703125
235.322578125
364.26459375
248.443234375
314.74446875
267.21521875
371.84165625
462.59534375
132.737921875
309.96946875
463.334875
236.1464375
74.2881875
183.815671875
366.14609375
104.1898828125
227.084703125
226.455078125
139.979078125
88.791171875
261.092625
54.2763984375
126.1910390625
44.636546875
409.54084375
146.37328125
252.451109375
195.3999375
194.397171875
364.0239375
122.2035625
460.34203125
229.34671875
312.70096875
333.626125
425.81809375
33.85201953125
10.1212451171875
172.046078125
73.2002578125
246.709265625
333.521625
431.5675625
414.21428125
401.2425
164.338078125
174.08340625
157.95434375
237.12915625
179.358921875
276.61409375
390.7800625
378.32609375
368.04915625
161.4825625
266.36953125
38.7844921875
168.650125
186.8721875
527.0166875
75.8151640625
151.92615625
131.0845625
273.85809375
102.9820078125
314.893875
300.95928125
29.197712890625
200.415375
351.318125
160.622125
336.20425
310.10253125
249.309203125
435.34221875
374.4895625
301.39865625
33.7331484375
401.64271875
163.1278125
179.225984375
331.6006875
309.0201875
395.160625
31.333546875
261.04240625
132.201171875
510.35321875
106.034328125
373.0559375
248.76425
75.6207265625
280.12040625
178.21165625
231.818015625
75.8543671875
188.503890625
425.68796875
176.829703125
17.970861328125
283.74609375
422.4851875
321.9134375
47.763265625
126.3765625
111.0224375
291.1291875
266.16428125
36.5038046875
92.28140625
190.66925
340.5256875
212.788890625
488.0795625
141.979609375
557.76325
185.603296875
449.7639375
206.52634375
226.727796875
337.36996875
77.0926328125
284.74809375
407.57571875
253.287609375
162.502734375
132.632
112.900953125
48.7671015625
468.58640625
359.54034375
247.027296875
384.15353125
377.4190625
318.13559375
394.59853125
398.389875
250.449453125
131.645484375
179.50509375
68.4887421875
167.1408125
302.56840625
328.36278125
97.6226875
148.163671875
108.835609375
490.7916875
185.963640625
181.842453125
52.91526171875
33.14283984375
174.026265625
275.3614375
211.748265625
175.820671875
418.32396875
123.669015625
208.752078125
69.792515625
231.22146875
323.64246875
321.8385625
326.1404375
258.823265625
505.39003125
24.704123046875
337.9905625
177.85271875
133.10596875
219.70796875
296.83328125
328.99784375
356.52046875
202.776640625
446.83053125
444.53996875
282.39421875
162.041796875
352.98446875
151.52884375
122.80034375
182.103859375
360.28071875
101.468046875
188.995203125
326.44825
315.82509375
425.5964375
314.51953125
118.253515625
316.84965625
326.78390625
132.85978125
252.032484375
164.3946875
139.2115625
73.3577578125
273.27703125
494.82946875
316.459125
330.28675
305.49096875
110.72534375
402.953375
354.9503125
178.045078125
226.5048125
358.9855
278.01484375
193.924109375
288.68709375
270.22525
270.3046875
93.9490703125
437.83028125
330.688125
362.218625
329.29353125
377.41378125
153.144953125
104.146015625
329.73525
256.2550625
221.417859375
73.2608125
508.49659375
200.716703125
616.121125
260.851828125
33.68609765625
250.510171875
97.8177421875
311.7984375
309.110625
219.07075
410.29590625
160.272015625
299.9519375
445.191375
140.281859375
204.3058125
227.48540625
270.435625
194.6766875
313.1391875
280.81471875
190.444078125
69.547875
214.761609375
157.864390625
196.246
211.8810625
180.9323125
233.424625
455.48346875
196.37609375
247.480265625
177.897015625
64.18023828125
115.8992109375
181.65534375
297.67925
211.772765625
270.58209375
162.094390625
550.6425
100.567859375
344.5475625
477.38890625
137.42878125
259.617984375
279.73984375
57.4526015625
332.509375
