223.94834375
128.442328125
135.223609375
140.328140625
310.29271875
450.29884375
286.3475625
281.31434375
84.4080703125
289.7615625
177.48934375
345.4566875
371.43990625
81.6388515625
64.132453125
50.58054296875
231.33090625
465.80065625
295.136875
175.0325625
131.895859375
359.866875
204.0849375
393.343375
208.618953125
57.61030078125
123.242
162.41321875
271.15065625
247.63475
285.61925
88.7447734375
105.4145625
291.761125
315.49771875
367.07221875
442.8235625
376.10646875
348.864125
178.434015625
232.4948125
41.28754296875
245.55790625
244.657109375
38.24671875
99.93021875
121.52209375
306.7449375
163.529390625
298.6985
255.99003125
302.94728125
380.5575
60.84081640625
122.5120703125
157.18365625
287.6845
462.03421875
224.869078125
344.9759375
365.4295625
320.96796875
429.5698125
88.3022265625
396.148875
60.3756171875
84.9284453125
210.15515625
139.56828125
409.07371875
399.87725
32.58423046875
290.69103125
101.0963984375
98.9481875
126.5182734375
321.25046875
100.902140625
143.681671875
260.671359375
163.144359375
52.22411328125
105.7515078125
319.27034375
252.080703125
83.9605859375
154.301296875
79.003078125
221.5259375
219.211953125
280.54646875
154.699234375
305.66665625
114.6407421875
393.17534375
131.807578125
41.4475
32.623654296875
432.81675
87.5121015625
296.75721875
432.56178125
118.5668515625
95.90009375
238.38084375
339.5828125
164.5240625
54.03948828125
181.9073125
526.9080625
419.318
69.24284375
394.93075
356.05090625
218.46225
270.99784375
36.32383984375
354.247
284.653
52.707046875
196.67196875
242.494578125
45.966171875
181.75025
586.6223125
185.622625
293.2440625
184.65465625
158.043015625
299.00209375
258.9739375
441.83978125
81.7069296875
330.41896875
453.7204375
90.3435703125
250.603546875
362.46946875
225.002078125
173.978203125
152.60221875
392.1575625
273.2673125
324.96640625
124.9873046875
166.786703125
179.169078125
174.321359375
273.42803125
364.85153125
150.272671875
441.353875
288.8015625
310.14784375
361.17609375
131.510734375
303.30759375
379.4519375
295.2120625
132.97759375
256.1865
214.036109375
466.97290625
224.91009375
523.25409375
298.65665625
102.499890625
207.398796875
334.78996875
341.81946875
209.431875
73.088578125
212.38503125
290.92584375
147.75925
76.3309296875
15.476662109375
174.486578125
211.242921875
184.217875
359.94565625
151.194828125
197.382828125
506.32
208.938875
299.22621875
344.00303125
384.6906875
407.09003125
83.7769140625
140.212375
190.767390625
428.18996875
209.464578125
162.721109375
146.8703125
324.27940625
254.549140625
130.361171875
284.571
294.42259375
354.38134375
16.2155869140625
442.85428125
549.259125
398.26034375
77.10209375
189.05165625
355.31259375
137.123578125
206.17996875
287.5743125
381.7759375
208.270703125
297.76271875
84.29690625
259.66178125
497.84078125
416.44871875
433.81878125
384.1785625
388.85040625
172.97965625
344.568875
305.41459375
180.7756875
231.46971875
446.44915625
119.096703125
61.60464453125
83.2138671875
334.17578125
529.9725625
176.934078125
283.741875
86.3664375
77.8185546875
195.010625
268.51371875
80.8030546875
72.6528359375
68.0369921875
232.12025
436.991625
353.03634375
329.247375
203.73640625
69.9865703125
351.15459375
129.6472734375
181.846453125
400.8150625
244.10915625
499.0231875
370.0099375
188.24925
24.060662109375
289.4211875
96.3473515625
156.4879375
457.44909375
183.619828125
407.6639375
244.995234375
47.8980859375
189.118015625
30.186119140625
161.562921875
116.6955
213.47015625
199.561296875
126.994546875
300.295
396.1471875
81.2307109375
123.2674375
363.14071875
252.270671875
157.106734375
149.110671875
134.34484375
195.77909375
205.397984375
209.33528125
486.82390625
240.01471875
412.1550625
330.1360625
136.75390625
264.3759375
141.820921875
266.76446875
206.206875
398.27425
172.81634375
308.26215625
165.793765625
354.2376875
97.1033359375
403.06815625
91.6039375
251.45565625
189.103109375
261.56678125
111.4473203125
203.258296875
246.946640625
43.74062890625
228.859421875
14.460701171875
283.68025
314.9218125
358.588875
173.948125
63.37929296875
33.8487265625
72.572859375
247.17909375
96.6545390625
151.82565625
391.23215625
83.336171875
89.5843359375
410.41284375
202.848828125
229.38559375
246.96715625
65.4696171875
51.05325
284.23634375
125.2124921875
24.05590625
406.867375
172.336859375
154.938875
31.43883984375
311.1350625
10.4021650390625
336.7793125
121.015734375
157.44375
91.968625
350.52090625
189.18896875
277.01709375
245.24040625
106.419625
16.938634765625
282.8231875
203.305
324.081875
127.324421875
134.948390625
418.71246875
347.6626875
273.33084375
248.07915625
80.7546484375
28.13680859375
345.48775
261.89871875
278.23490625
273.42640625
111.6720625
153.531875
174.906703125
72.3949375
404.95303125
349.36084375
383.44171875
149.472609375
300.75834375
314.62371875
279.79459375
264.3655625
371.7998125
263.15196875
470.451625
302.392125
307.95625
229.082703125
120.4238671875
180.34928125
171.5859375
302.1781875
190.37853125
63.81670703125
120.947890625
411.30071875
395.8759375
490.180375
354.2120625
161.507359375
533.74525
280.92290625
124.24559375
91.1755546875
335.99278125
459.19184375
46.423546875
298.2866875
434.9045625
179.994015625
377.02640625
15.2320966796875
79.059328125
439.91434375
124.5215234375
373.716625
106.108125
159.12853125
288.07071875
394.8765
132.6671875
321.7616875
425.04371875
178.18634375
276.49421875
191.3536875
227.74925
92.4233203125
184.187375
535.8633125
161.067828125
57.00481640625
181.464828125
281.115125
251.0805625
222.32103125
361.57996875
11.2358505859375
401.942125
299.85546875
196.73175
120.1788046875
235.8085
182.157015625
104.7506171875
277.7263125
304.6116875
24.546935546875
469.89978125
139.815875
416.04109375
218.91634375
211.71896875
393.1155625
312.551
196.9630625
275.6906875
86.8684453125
184.416390625
207.25025
323.87325
267.59584375
322.1701875
400.32253125
173.793109375
248.6838125
277.16071875
84.1538984375
368.613625
193.460828125
371.2099375
90.3805625
130.0228359375
383.37428125
79.260390625
242.057390625
287.4745625
388.99371875
320.0980625
330.52275
225.539265625
129.9655234375
314.7946875
157.542078125
501.66734375
98.072765625
204.28946875
53.900640625
345.75171875
280.1435
201.93075
102.894421875
142.995140625
221.527828125
62.02365625
573.8435625
124.772171875
213.921375
252.626890625
469.57859375
501.8333125
23.6449921875
239.025234375
335.45215625
302.4153125
109.381625
464.83625
126.3083203125
360.0158125
69.290625
211.501515625
179.95896875
94.684015625
398.1465
390.6945
500.53665625
77.2008046875
291.08575
216.57909375
407.222125
453.1435625
498.3699375
125.812140625
389.6815625
397.82028125
240.9231875
113.3097109375
250.17290625
375.19703125
414.51515625
361.4874375
72.2562734375
418.83165625
336.8596875
144.476546875
188.4498125
146.831734375
192.12521875
216.394625
387.42890625
172.37209375
173.956625
138.539515625
97.654125
194.4805625
386.69578125
188.746703125
86.1495546875
133.405359375
414.97159375
417.02221875
340.3645
390.95521875
286.66065625
201.55734375
137.71371875
53.84745703125
105.7267421875
387.66103125
374.6124375
218.961390625
82.199515625
135.634765625
361.05778125
172.7983125
521.27984375
122.9029609375
233.5036875
240.651859375
319.229375
4.26892822265625
253.34228125
154.190640625
221.23103125
106.8895546875
46.72112890625
196.807984375
43.3071953125
239.181671875
115.7763359375
231.535578125
104.9591640625
135.72803125
214.3134375
44.9980859375
197.39496875
226.302234375
76.5801171875
520.3735625
133.663796875
240.002703125
290.21421875
172.99784375
365.14071875
52.6093046875
353.55328125
92.3813046875
425.57071875
20.849966796875
173.91309375
307.31303125
228.68775
195.007828125
234.741875
194.50078125
445.95071875
97.23709375
99.5401796875
196.02228125
225.770828125
304.6365625
54.48169140625
101.265703125
302.60165625
279.69084375
137.997015625
19.82755078125
263.7983125
120.936046875
204.601140625
320.604625
48.47565625
59.10926171875
138.12840625
224.10946875
89.19703125
449.59196875
439.832
351.1113125
211.6443125
313.38240625
264.4849375
165.166953125
174.0255625
108.7863203125
134.27415625
218.714828125
124.1733359375
260.128765625
306.76265625
174.7443125
164.52334375
13.9875
282.19178125
420.95815625
194.32003125
287.38890625
422.8385
241.791921875
250.4249375
322.44515625
116.5546484375
272.71309375
148.765234375
389.54953125
354.58471875
162.94378125
139.777359375
261.746625
184.887390625
166.93634375
125.7051484375
184.93084375
99.0662734375
225.641421875
155.620515625
330.69178125
374.43034375
57.8887109375
342.86309375
237.356171875
290.7670625
406.56146875
182.323875
301.843625
467.24634375
208.713703125
213.312140625
167.993296875
253.810078125
133.997703125
121.1934375
313.48246875
303.5399375
414.03228125
267.32321875
154.073875
351.6433125
212.172109375
468.16478125
415.5821875
71.1416015625
313.3175
188.322546875
313.51471875
431.55875
237.891609375
264.7945625
42.04603515625
106.58671875
188.290796875
329.838875
101.560015625
237.1063125
168.084109375
78.5225703125
254.56984375
155.28909375
301.4693125
534.6285
11.76257421875
159.4480625
71.1740859375
237.7105625
371.18046875
15.260177734375
208.034125
338.49115625
146.660703125
196.409109375
133.843703125
452.55784375
358.8679375
260.12684375
175.89215625
71.965046875
190.40471875
88.555625
306.33046875
504.708875
106.379015625
252.022625
276.68128125
200.777671875
55.16296875
133.6848125
6.5439755859375
303.07021875
172.70528125
150.753453125
329.97640625
225.0084375
221.649203125
367.39821875
228.8259375
185.502453125
187.61628125
314.95471875
238.30621875
180.131015625
275.428375
311.2051875
229.74003125
186.19134375
390.7230625
63.63176953125
528.3253125
210.446375
94.83609375
102.0111953125
122.711484375
255.307328125
233.968484375
300.6443125
410.258875
240.545359375
360.95809375
57.05259375
47.85975390625
18.127322265625
263.53540625
331.84934375
107.738375
216.8633125
223.689390625
410.27759375
332.58778125
183.715578125
117.1278125
139.443453125
264.69884375
466.1775625
26.655455078125
461.75434375
48.30664453125
487.78821875
285.363
166.655375
280.08759375
599.74175
177.293796875
82.144203125
107.5843828125
42.94840625
116.4539921875
242.61384375
156.21653125
292.64146875
213.22628125
41.47903515625
189.607796875
310.0305
305.34409375
337.88584375
512.0051875
236.2818125
164.2118125
104.8295703125
319.39165625
375.96075
152.9244375
408.49784375
189.552921875
4.7246640625
224.82065625
206.371015625
410.57246875
257.89284375
350.96896875
61.31143359375
191.526546875
419.18571875
188.4415
130.4827109375
121.2622109375
154.4780625
175.79959375
135.376359375
125.7674765625
116.7436171875
184.319
350.293875
344.82225
386.41946875
134.48503125
229.555703125
179.889015625
185.607734375
103.33671875
310.0465
213.329515625
332.31296875
139.933953125
208.677828125
261.449234375
112.9291875
199.270953125
338.96196875
247.248484375
262.08875
166.196015625
191.87321875
222.686375
29.569318359375
367.15996875
255.384171875
241.196484375
97.699375
45.80578515625
74.610078125
511.0918125
304.47965625
208.723390625
122.6275234375
387.82684375
69.9604765625
143.931
371.9955625
186.203265625
107.084234375
78.023296875
73.417734375
399.767625
382.65534375
182.51628125
152.679859375
354.3715
248.32553125
158.10821875
324.9415
414.60628125
331.68865625
148.39990625
609.55625
470.22684375
123.5423671875
211.8218125
44.3508125
41.54838671875
343.41540625
107.262046875
113.7874765625
165.313046875
285.59965625
316.53684375
102.8760625
290.38734375
143.91925
263.7343125
373.1865
249.091140625
146.955765625
264.400875
306.75659375
30.066517578125
325.70246875
254.368546875
13.0491953125
176.560578125
279.65459375
359.24525
88.817921875
210.06665625
309.32171875
263.15640625
43.3974765625
86.179359375
211.050484375
480.99384375
188.88259375
264.8348125
62.99508203125
367.1341875
282.92178125
302.32271875
148.175296875
183.720015625
406.329
261.11746875
400.22234375
27.17984765625
527.4863125
147.6265
47.6217734375
335.36271875
76.9061328125
68.040546875
310.0058125
448.88271875
180.377234375
276.228875
50.3697578125
250.880171875
406.3028125
83.16375
271.02728125
68.3902109375
283.9408125
64.36589453125
161.143578125
256.2346875
320.924125
47.01909375
208.875171875
202.0006875
67.10790625
57.13473046875
183.253046875
186.519796875
153.311625
86.8104140625
397.97665625
245.793578125
251.409203125
88.92421875
125.775015625
471.65834375
310.394375
424.45721875
354.64990625
283.13625
213.9981875
525.0854375
262.6706875
108.902328125
10.7034443359375
393.055125
73.7946171875
136.654859375
89.5588515625
290.9119375
217.57953125
147.8219375
406.07628125
170.926359375
316.99696875
388.50746875
41.6500859375
126.595375
112.4427578125
428.32246875
221.069875
517.7465
166.73634375
260.742046875
287.9044375
69.1507578125
444.4625
88.2155234375
445.82784375
36.60812890625
393.83109375
439.415
107.7075703125
183.426453125
161.62575
298.72659375
285.19390625
414.55871875
103.64596875
432.32071875
172.5315625
542.9835625
106.2423046875
333.61728125
438.1264375
278.9885625
210.721671875
141.341984375
115.8182109375
127.216734375
126.7940078125
409.8246875
117.8439296875
297.79553125
513.0573125
26.93530859375
19.132103515625
443.091875
275.0769375
25.246166015625
304.90115625
520.93565625
210.561078125
419.53253125
94.091671875
69.572578125
99.8529140625
166.221375
493.51315625
364.3698125
312.8335625
181.513890625
248.331046875
284.8130625
132.721328125
198.057859375
428.3925
226.071015625
256.874421875
139.80403125
146.5873125
208.995734375
183.63990625
274.89803125
217.309203125
303.3246875
379.71709375
110.872578125
76.646125
26.70117578125
556.8415625
178.71678125
83.5346875
35.42119140625
307.28596875
221.56296875
410.5670625
446.762
60.1654375
68.5834921875
223.43809375
123.166640625
272.23409375
427.59603125
68.8733203125
303.96015625
344.68278125
306.64534375
432.3315625
428.5911875
189.036859375
304.19
273.4700625
205.609703125
246.993828125
75.0767421875
60.63528515625
296.11190625
214.40715625
193.862015625
565.4693125
518.793
414.5558125
213.8609375
177.166328125
420.6993125
190.814671875
406.812375
44.13741015625
256.293140625
54.35994140625
244.833109375
163.4324375
295.668625
263.1971875
285.07253125
282.72703125
191.579703125
72.0695625
113.712875
195.671734375
379.26740625
303.87490625
11.846736328125
297.77815625
281.79490625
317.87496875
418.64671875
88.095484375
465.22525
118.1914765625
161.88378125
192.188421875
307.21165625
39.548171875
160.180859375
212.524359375
129.0211015625
248.317203125
445.93440625
232.838078125
81.84578125
216.42609375
169.767046875
47.68408984375
175.0849375
288.3129375
325.2265625
96.1923046875
122.6494765625
260.199265625
123.850609375
546.4443125
332.09828125
56.502375
213.211953125
252.641390625
273.24959375
188.361515625
74.6535
427.28690625
127.5690859375
273.99146875
6.35017041015625
471.83825
330.8443125
187.13609375
62.9315703125
512.86971875
172.31
414.28825
214.523140625
42.50153125
126.028296875
73.830875
155.186796875
234.138453125
343.1304375
249.403375
84.3317578125
391.37896875
127.084125
190.354015625
402.26271875
76.116578125
28.4641171875
116.9770859375
420.78659375
429.72790625
427.09228125
229.929484375
158.487375
223.15803125
110.7198515625
54.68953125
302.0718125
297.381
84.4750625
200.274609375
303.41765625
417.79425
151.44159375
67.5078203125
103.568734375
83.2234765625
244.339390625
271.4383125
125.268796875
154.26575
306.00596875
198.77865625
218.454453125
184.0368125
498.1520625
103.735578125
304.548125
292.6591875
180.20853125
61.76752734375
195.751
85.3360703125
325.45534375
379.97884375
55.93647265625
159.027875
165.265703125
179.343359375
233.9065
225.718109375
293.77846875
85.744
104.4217578125
309.1863125
98.9746875
58.19680078125
377.19203125
138.33440625
351.51771875
402.01546875
364.3795
232.49384375
48.7531796875
472.99278125
162.68996875
97.1722578125
455.22478125
95.16715625
173.21334375
432.79271875
46.363203125
112.8726171875
353.33115625
174.914359375
261.3709375
286.34475
138.54634375
362.7850625
273.9155
214.825
56.8624765625
177.241390625
560.1583125
156.40946875
355.99671875
48.769109375
331.73178125
224.81046875
103.77609375
514.46615625
346.339
194.223265625
247.030765625
218.791453125
290.1499375
472.63553125
79.4131875
33.143125
222.391765625
120.433875
322.3854375
96.6830859375
71.5712109375
350.4715625
31.6023984375
196.491078125
301.49671875
52.7228359375
333.860875
424.8313125
479.31628125
79.14359375
230.96109375
218.47578125
221.93971875
159.08690625
116.563984375
361.68553125
285.8755625
47.8437578125
88.8451328125
327.34175
245.806703125
30.443154296875
302.75590625
221.990921875
141.42840625
113.1786484375
250.85871875
423.42
169.648453125
361.86446875
216.95940625
374.340125
115.5776875
178.882640625
189.518328125
165.350453125
112.1262578125
441.54890625
471.76609375
184.386828125
207.0376875
52.4340703125
314.9471875
186.775453125
352.732875
227.579328125
393.035875
371.52128125
158.06265625
181.567296875
120.3483984375
181.084578125
449.563
75.6388359375
262.9765
317.48784375
124.5468125
381.4999375
308.01096875
330.48696875
533.319875
117.244296875
340.60325
148.7639375
497.6038125
459.58425
429.829375
198.61265625
577.536
168.895796875
56.95821484375
248.187
126.3364375
103.7135625
484.44765625
130.272390625
360.24203125
99.43990625
240.884171875
71.9824375
113.86634375
156.447171875
497.24734375
229.56334375
86.17078125
395.7868125
267.580125
304.78503125
599.3469375
296.15228125
188.55821875
322.21390625
115.3471640625
282.69865625
56.0903515625
159.03559375
334.10703125
38.241921875
135.309203125
318.93734375
314.5689375
209.858421875
411.7344375
125.18821875
256.03
46.3277890625
118.2814765625
275.41896875
138.56046875
72.74009375
167.334734375
139.653421875
369.71778125
52.069984375
35.9017578125
114.534515625
267.73046875
63.11273046875
519.42825
392.58146875
372.23765625
144.238453125
355.7593125
266.80325
86.770109375
229.865078125
216.339734375
406.202
210.358671875
537.7846875
175.16421875
123.0256328125
312.464375
197.556921875
62.63670703125
245.3116875
332.50571875
362.851625
112.0248046875
374.5961875
295.9116875
87.1819609375
5.40310302734375
190.4565
133.6591875
297.55765625
409.8413125
90.70178125
71.88665625
74.0624453125
99.5674296875
271.588375
516.09621875
20.267154296875
215.45621875
105.6446171875
297.84771875
86.8241484375
333.7486875
472.0895
206.04334375
142.109953125
61.2564765625
133.727
285.3125625
115.0369296875
467.16346875
96.463328125
150.326125
382.53640625
106.6048125
358.95596875
212.50084375
41.84025
423.8296875
477.71196875
445.494
203.814359375
265.88909375
65.26775390625
230.884453125
235.19540625
152.316671875
157.18953125
472.2135625
400.224
441.67165625
335.435875
111.18190625
103.4983046875
230.94325
119.46384375
133.264953125
373.18103125
259.553578125
152.004375
442.418875
144.037359375
185.5020625
245.500234375
278.49240625
170.416890625
48.160625
395.07178125
105.8055859375
392.655
111.2910234375
449.58715625
97.2165234375
286.18784375
428.1165625
302.611875
201.635484375
222.81196875
129.2452578125
112.6508125
59.9430546875
234.701890625
351.26421875
134.722625
174.49859375
272.4116875
409.0150625
334.17178125
326.3930625
338.456125
106.924921875
41.5305703125
331.5689375
168.934421875
71.244046875
264.80896875
89.8569453125
510.92390625
47.40452734375
144.482828125
49.26128125
55.899609375
78.8847890625
562.8099375
217.460953125
300.02553125
131.51603125
266.03
248.547921875
349.25709375
91.9555
285.1765625
212.22740625
358.69275
147.100875
222.619234375
95.690953125
400.53475
370.24659375
134.44771875
352.428625
144.819421875
329.97259375
370.00528125
336.5539375
131.781703125
283.72415625
151.186359375
451.6765
244.331890625
84.8873515625
423.57275
204.827703125
234.114359375
82.9401328125
530.0933125
57.1325625
107.4978984375
211.249
165.831984375
490.32875
350.53609375
133.22434375
209.45553125
339.66515625
146.34875
18.845609375
299.00121875
23.282953125
36.7155703125
148.147140625
287.5255
97.1912578125
164.282515625
171.888953125
511.0063125
174.3700625
199.94840625
111.017125
270.964375
377.36803125
82.0430390625
339.10740625
346.53421875
166.046
267.350125
247.831609375
396.09690625
88.383734375
238.15990625
416.785125
197.67078125
193.854734375
293.2690625
219.795390625
71.406640625
27.904669921875
209.01553125
200.767546875
200.10875
296.3506875
135.226484375
369.6668125
197.210390625
449.23540625
121.479453125
276.5894375
512.88021875
110.52853125
242.34571875
179.779984375
338.4305
393.0499375
44.086109375
184.6199375
242.1325
173.440125
376.98871875
58.1614765625
64.4906328125
99.4427109375
233.769125
148.886078125
326.20753125
76.147296875
379.2970625
514.85003125
378.07625
11.50055078125
88.042109375
54.50366015625
207.42446875
279.01346875
431.0149375
282.33246875
167.63871875
274.0138125
7.08862548828125
114.502703125
179.9820625
184.329953125
307.9050625
177.907828125
30.486833984375
372.35296875
131.705984375
455.98353125
292.34425
206.22109375
375.9591875
163.59796875
192.148234375
331.120625
333.2209375
80.59409375
10.5589365234375
188.521546875
178.158
239.6946875
164.747296875
33.85744921875
264.832375
427.1294375
128.155875
325.426625
234.3483125
273.9913125
308.57196875
232.85575
442.80828125
90.0063515625
35.279765625
413.14575
266.00003125
52.52626171875
389.55565625
362.56328125
53.41119921875
57.307328125
135.825421875
187.310671875
33.86144140625
470.80096875
60.6283828125
265.91521875
209.66109375
60.365234375
396.06225
428.35996875
263.326125
271.56621875
33.02070703125
449.925375
225.430625
406.65121875
90.270359375
218.039171875
153.129265625
22.562970703125
47.446796875
114.0959296875
107.1576640625
216.805015625
108.399875
428.90334375
169.615078125
293.12259375
134.58825
236.1353125
165.971828125
467.87471875
361.95684375
337.571875
51.96975
32.1475546875
252.7645625
523.71209375
396.76628125
227.387890625
230.315734375
255.41215625
277.5294375
172.8461875
260.186796875
249.521234375
68.7969765625
346.3975
155.65078125
278.3609375
145.858421875
218.49221875
366.3145625
293.50053125
265.48865625
146.48403125
203.739578125
547.2909375
30.4773359375
6.4627353515625
414.3011875
317.16328125
123.63178125
290.08740625
130.26609375
141.28546875
344.2038125
372.04725
289.66875
538.0765625
66.1588203125
266.74996875
84.0252265625
73.771546875
109.5848671875
253.91915625
37.57988671875
295.90375
273.317
245.40115625
393.0349375
52.776109375
281.81696875
144.69925
173.729265625
114.68809375
250.51321875
543.590375
353.12034375
154.6571875
480.0748125
194.070953125
286.26234375
206.563234375
98.066015625
239.50025
296.6054375
208.887203125
285.5735625
427.433125
82.20953125
420.73503125
369.8915625
241.79165625
100.0324375
45.86190234375
557.712625
62.765328125
257.005015625
103.399828125
159.2053125
293.31015625
205.916953125
560.3481875
78.4478984375
66.44459375
6.37697509765625
68.9116328125
212.8345625
331.17740625
101.298359375
102.0743359375
92.109328125
49.33746875
249.1551875
191.26253125
234.773515625
128.0280078125
322.84984375
335.000625
139.20075
118.3516328125
207.476453125
67.0332265625
233.85346875
380.19225
339.3463125
191.849203125
59.250734375
78.772796875
80.3776171875
51.95981640625
162.12884375
367.07746875
133.139828125
90.217171875
482.21834375
296.7255
39.684328125
140.846171875
321.45775
60.48617578125
35.41292578125
215.63203125
325.92371875
486.8915625
358.694625
54.7515546875
193.6599375
211.461296875
183.07934375
313.49853125
454.60875
348.8131875
111.618546875
174.918765625
331.30309375
244.097109375
285.72053125
82.3675234375
230.0513125
374.6886875
260.120703125
113.25171875
214.4625625
129.9362109375
32.77678515625
268.27759375
64.45134765625
157.51278125
69.43665625
204.445859375
99.720421875
154.81896875
31.80028125
35.287765625
222.565765625
50.57070703125
239.23303125
130.3781484375
153.276546875
467.78096875
58.590234375
340.007375
487.6828125
291.066
226.689546875
204.136015625
65.60640625
140.588
83.709109375
432.96753125
346.4034375
409.2344375
86.21334375
445.3275625
371.38925
172.130578125
228.85353125
233.4146875
307.2556875
463.60078125
395.6385
268.74475
138.200640625
235.518203125
476.3395625
347.762625
15.0105869140625
82.31446875
84.06809375
222.84234375
126.4554453125
112.86728125
200.02225
377.5758125
177.671890625
189.470765625
341.54821875
70.5626328125
191.4716875
52.9042109375
288.4496875
364.7470625
476.8648125
134.869609375
87.8150390625
188.32190625
155.418125
203.951390625
68.48934375
359.995375
358.38965625
91.5591015625
312.72
174.633015625
236.190859375
391.42934375
161.514984375
218.567625
313.0885625
162.05021875
237.07396875
330.08678125
443.6455
168.37753125
411.41190625
486.59284375
374.23321875
335.9288125
138.29028125
168.257359375
27.960767578125
218.95984375
336.85190625
287.84865625
310.3131875
92.7213671875
187.78025
297.5850625
381.445125
130.144984375
128.5781640625
103.4514296875
345.44328125
139.713453125
211.979984375
91.1503359375
350.17271875
72.821078125
460.869125
151.02
213.067390625
116.60425
441.62746875
195.73865625
159.860625
267.3204375
138.836078125
268.05546875
246.887984375
385.96859375
304.61115625
229.57075
140.472171875
518.823
376.09490625
107.790828125
173.798546875
128.8484609375
351.4364375
202.93025
405.2486875
175.015609375
85.1369375
249.182578125
103.700625
241.431
524.01725
58.53344921875
229.90103125
334.461875
510.46959375
80.746234375
281.17834375
49.79221484375
254.884265625
210.89275
284.03553125
167.9803125
68.1086875
278.937625
354.19884375
281.96234375
385.1365625
251.11071875
346.09203125
342.861
120.2375625
423.28903125
208.92971875
193.22353125
212.041890625
130.9127890625
308.92421875
283.47615625
64.8237421875
252.092375
154.977640625
178.052421875
