749.4679375
721.48975
744.3868125
795.1869375
877.191
788.8396875
799.0131875
802.125125
780.3683125
712.2974375
709.8270625
723.535
837.84425
718.7625625
681.124875
784.6656875
722.3473125
761.422125
712.13825
726.6671875
695.0671875
913.18625
747.597625
720.170875
671.397
708.1056875
947.2281875
788.9175
880.3403125
776.036375
757.502375
806.87
869.2071875
1010.1033125
732.8983125
754.09325
733.620375
659.47825
734.42275
760.6445
736.9276875
739.356875
760.981125
679.7494375
851.8739375
736.0926875
809.6456875
797.628
745.9916875
692.91825
847.7725625
774.830875
847.125125
733.207375
697.7103125
775.105875
779.6585625
722.2640625
1134.4085
728.2959375
767.47675
757.4735625
739.51325
727.5501875
871.410875
823.9406875
727.715375
756.478375
748.1859375
718.4675
684.662
706.96075
812.6928125
842.245625
744.012625
742.8138125
731.6648125
695.1205
1170.591875
789.474625
698.667125
807.746125
740.98525
784.219375
739.6720625
743.859625
737.798375
659.0084375
721.3398125
751.1136875
908.478875
766.0656875
745.538625
756.0243125
688.6276875
666.40275
893.597
826.085375
781.7270625
845.8205
894.882125
836.15025
711.218375
702.3570625
798.4436875
705.0629375
725.61925
739.140625
704.0525625
724.6383125
771.356375
712.0236875
752.819125
665.0181875
765.521875
799.959875
829.3935625
713.2483125
841.9266875
680.2114375
793.503375
808.2226875
694.35225
748.1341875
1143.23675
867.16375
791.9031875
739.5948125
717.5560625
726.201
919.461
697.707
745.632
746.6285
922.91475
786.383375
711.665875
718.34925
687.0715
773.0843125
755.8763125
827.8755
910.8059375
657.119875
739.41625
770.0534375
864.78425
772.61325
717.0074375
907.0904375
828.2023125
732.3125625
750.733
705.8690625
780.2561875
904.250875
686.19925
748.7520625
724.8806875
728.643125
733.63525
738.2831875
831.28575
717.2588125
713.5788125
735.5639375
763.2395
746.369625
681.5836875
707.2383125
760.55125
733.95875
724.367625
734.1915625
697.8268125
731.901625
745.933875
1001.58375
819.7660625
740.902875
881.638375
702.13425
752.7046875
675.766875
756.177125
779.6848125
726.4165625
809.50075
720.484875
748.115625
768.0611875
682.43725
743.5254375
732.54725
750.330875
722.73725
694.3351875
804.7308125
682.0191875
961.31575
811.921125
742.0044375
777.970625
724.22775
694.1393125
770.574
766.53025
764.54975
819.7518125
1077.295
732.4304375
751.5735
716.388875
693.3708125
741.04075
660.2825625
741.2761875
729.602875
792.9555625
757.575
759.2439375
770.7574375
788.9709375
789.3954375
701.3746875
723.069625
736.966875
732.0866875
816.2351875
709.867875
656.110875
727.292875
750.962
697.951375
815.8118125
783.5156875
784.4228125
727.938375
939.6178125
751.514
731.2233125
831.5275
732.995375
734.4375
769.4283125
895.047375
850.4555
740.721
744.823875
766.766625
675.9378125
741.4971875
756.2705625
733.9141875
792.4415
758.1443125
764.479
701.8430625
697.380875
695.4293125
737.879375
955.5869375
854.723375
762.066125
766.628125
750.6621875
801.092625
738.0711875
687.5615625
802.516125
740.1849375
726.0825625
775.8501875
751.6245
721.166625
711.833
819.5899375
777.7465
677.7529375
700.1479375
736.8149375
772.841
732.351875
814.7174375
1186.29375
832.446125
715.8330625
1230.46375
1092.639
734.031375
922.0436875
1275.4565
759.6754375
723.55575
708.1675625
960.45425
750.0585625
735.2834375
1116.5095
825.806375
783.2075
965.2171875
726.8245625
823.9995625
772.8529375
786.698125
710.209125
877.0401875
764.96775
723.1418125
844.9000625
699.2791875
812.05025
845.191625
738.2745
732.6481875
673.42625
674.0349375
740.8580625
737.40575
689.2003125
1104.1505
703.551
760.9481875
644.5225
730.38925
692.64325
873.604375
722.2524375
707.590875
801.04575
716.133375
873.271625
778.851125
702.7841875
876.5515625
1010.2404375
728.674375
707.4664375
708.37675
750.21
749.118125
716.7373125
756.3878125
826.9944375
821.064375
836.1723125
780.55525
799.948625
787.474
743.087125
852.4389375
1013.363875
1024.510875
876.4310625
716.0626875
1172.24675
695.67475
797.1065625
686.269125
755.45975
839.526125
768.16725
743.9420625
732.162375
741.1194375
736.6934375
692.4138125
742.272625
760.95575
918.03875
735.9375625
811.4859375
853.7286875
750.786125
754.959
744.1450625
736.91775
748.2216875
761.733625
737.5613125
740.6906875
711.259375
721.748375
790.0333125
776.477
724.265625
784.6293125
713.9021875
787.4576875
815.593375
649.3676875
747.061
735.5986875
847.6158125
770.0456875
804.2503125
753.765625
721.8905
831.2585
748.8451875
756.3539375
718.044
790.1788125
704.1651875
747.081125
810.2468125
870.1096875
791.492
788.9971875
836.4153125
772.9559375
746.983
794.983
799.46675
759.8126875
760.59475
846.405
765.4578125
747.3395625
743.5606875
1271.2025
748.1404375
707.3086875
781.988375
737.028625
736.415625
844.7406875
689.921375
810.3845625
712.1996875
715.3765
775.42275
759.62825
947.15475
865.1594375
952.2635625
812.722125
932.3484375
771.9055
699.1255
684.2923125
713.043125
858.304375
781.9124375
878.7851875
773.632
726.228
867.3388125
796.972875
681.6195
766.971375
649.792375
976.045125
728.326625
790.5498125
733.7151875
731.6650625
731.766125
711.5768125
748.2821875
787.503125
710.6051875
759.45525
812.8420625
686.104
686.74025
727.7895625
743.5530625
967.7795625
747.2525625
727.34
792.314125
753.050625
810.1606875
692.7700625
739.6873125
778.615625
716.7625625
712.8073125
691.5814375
809.72875
738.8743125
827.64275
817.3235625
877.6525
707.285625
798.78
787.7425625
733.112375
823.365125
762.778125
603.0661875
816.738375
703.9525
807.1311875
771.396
764.0611875
805.763375
745.1063125
715.0485625
730.009625
706.024125
690.9713125
765.6079375
757.5961875
786.307875
691.8151875
732.633
737.71925
737.3465625
733.6355
783.4526875
740.7
781.5929375
693.16225
800.4805
753.878
775.817
747.894
739.3033125
925.5780625
734.1941875
773.728
766.7329375
979.0640625
713.9058125
793.9715
746.32375
781.3119375
771.6889375
816.4395625
763.1238125
802.18975
754.6595
716.6260625
731.70475
912.065125
718.8066875
765.4015
786.951375
736.26825
808.5496875
845.2873125
711.0275625
707.100875
754.8673125
739.6895
844.19325
837.257875
793.5356875
763.4608125
748.7776875
765.7915625
700.24725
722.5285625
783.9885
1280.213375
966.9474375
683.2884375
704.1313125
729.861625
674.416375
783.0271875
800.2215625
720.960875
773.4019375
756.8683125
718.66825
1291.6205
767.493875
725.444875
709.7309375
717.7744375
900.611875
754.2680625
733.70325
717.6175
843.3204375
726.285375
735.6105625
717.092625
677.4724375
797.32275
794.518375
767.1685
697.9700625
736.6816875
864.0019375
749.3999375
908.8274375
713.0288125
739.347125
726.6105625
771.8400625
733.6066875
808.1365625
849.940625
659.922625
800.455875
766.745875
724.966375
763.81175
788.721375
774.32175
734.4156875
792.9099375
772.305
767.59475
685.7016875
706.12675
762.9415
852.7
757.239625
848.4860625
794.1479375
963.7743125
718.821125
877.8928125
823.999875
748.5825625
702.6218125
706.196125
718.2708125
766.4703125
772.966
784.713125
934.9938125
716.436625
698.0996875
729.5956875
908.413625
797.45075
767.11025
788.4986875
801.3984375
701.6824375
775.7005625
697.440375
741.84625
811.4405
849.832625
694.9164375
987.924
683.37075
729.9829375
707.617625
711.4489375
851.4615
713.607125
706.2759375
815.7955
746.186
699.71925
850.024125
812.91075
855.9718125
727.9510625
736.3674375
685.9483125
764.532125
742.6234375
755.4463125
706.791
858.3995625
779.24275
730.1951875
742.5295625
707.126625
687.7985625
827.22225
732.79675
828.83225
771.0401875
716.8809375
752.480375
751.1403125
747.0015
731.4973125
872.768
766.2534375
778.589375
787.6
703.4615625
698.2935
823.006875
815.263875
761.6096875
892.92675
818.878125
786.92025
774.4734375
869.526125
713.3405
726.5205625
770.9438125
744.9220625
794.9676875
671.2955625
667.764
689.9338125
863.0300625
824.570625
948.7910625
704.53925
815.175375
761.3829375
749.3666875
993.4990625
709.8870625
736.3288125
700.786125
693.282875
765.71575
749.81275
833.429625
731.08225
697.7910625
728.427875
847.0955625
675.50775
845.0051875
937.4736875
699.93525
757.2844375
801.3413125
1014.1588125
681.5538125
714.0689375
707.566
709.078
750.347125
720.0253125
779.8901875
728.3065
916.32375
728.7576875
775.136875
663.6525
803.8600625
773.974375
788.7440625
737.7499375
885.13825
745.1664375
778.34825
900.661125
749.4173125
934.876125
688.6059375
818.6265
833.0040625
1016.008875
784.1445625
726.018125
808.4815625
678.4295625
745.64275
836.3579375
722.584125
768.3605625
719.0404375
743.45875
836.03875
872.683125
826.8994375
745.6275
931.1388125
706.679125
703.8500625
709.5388125
801.9709375
731.1576875
759.8468125
739.9800625
715.3498125
749.280375
716.6361875
790.589875
810.6206875
710.071125
749.14425
713.4218125
770.878625
913.756125
701.2475
743.405125
752.4018125
762.870125
730.98
943.873
735.2495
817.11775
931.8185625
778.853125
1054.264
763.9144375
829.605875
811.640625
762.8339375
737.8340625
804.46
712.014875
753.3484375
766.8498125
782.6123125
700.867625
833.554875
716.739125
756.43125
732.98225
751.431625
725.4648125
723.8814375
734.7363125
746.291125
784.3465625
713.165
757.9518125
718.0710625
701.72725
816.7900625
788.534125
849.6285625
830.0255
837.2839375
759.1781875
719.1855
692.051
742.4180625
806.2301875
751.635
750.450125
800.3871875
836.7359375
769.5640625
724.7084375
724.243
795.60625
724.761625
939.984625
767.3095625
711.724875
720.9116875
737.2625
732.552875
739.69825
694.87475
731.780125
735.34725
843.6145
713.0496875
719.9586875
753.097125
780.5480625
821.2228125
650.473125
785.9990625
777.3945625
742.958375
737.6088125
708.0725625
767.156375
910.9435
784.1698125
684.866125
780.6249375
738.53725
758.379
746.1303125
807.533
809.4674375
744.7655625
761.9925625
741.6138125
918.0170625
722.206375
837.555125
809.55875
807.5840625
766.606625
778.332125
761.2983125
854.7604375
699.0775
750.8986875
787.829
795.6354375
785.1265625
969.6378125
708.567875
800.5213125
811.255375
822.34725
775.9994375
717.864875
736.5211875
753.1115
742.9440625
807.8115
785.7590625
719.148875
721.040125
757.4179375
709.1161875
792.58525
703.9031875
711.4874375
724.205875
705.9823125
814.6809375
692.4555
777.38725
826.3723125
804.758375
688.780625
752.2675
1026.26225
792.9454375
699.465625
749.0549375
799.658875
698.844
689.7208125
765.289875
766.3180625
754.4203125
873.9420625
815.3095625
744.917
698.251625
794.2439375
816.419875
841.2469375
878.1478125
780.859375
708.127875
825.676
783.9244375
704.73825
731.0545
723.43125
726.27725
691.8734375
705.0280625
756.556375
931.181375
736.0850625
716.7845
800.12775
783.6893125
701.1188125
858.7889375
728.2119375
639.1565625
756.6925625
758.4943125
828.966125
740.22975
736.9409375
726.7908125
818.1350625
681.8791875
731.6338125
725.561625
754.781875
704.9791875
750.76825
748.39325
754.7030625
813.241
675.2158125
712.884375
828.269375
720.4371875
690.7828125
767.963375
790.95625
768.0574375
758.755125
782.2264375
810.5531875
787.090375
749.4501875
692.770125
720.983375
779.6378125
875.40775
1145.12125
789.7191875
796.49575
752.923625
763.0559375
911.6589375
692.4535625
779.074375
732.531125
777.8331875
738.6571875
716.583375
681.3406875
709.235
835.012125
694.1451875
765.337125
779.6330625
734.561125
714.8600625
733.3726875
685.4446875
789.4846875
681.6370625
838.0449375
726.506875
719.0740625
728.004875
799.0979375
779.4824375
735.746
940.9854375
880.557875
734.2481875
751.289375
698.1368125
853.9046875
716.9923125
679.58675
754.3611875
744.7029375
802.7993125
790.664
862.286375
815.63525
750.0668125
761.858375
824.834375
696.4155625
726.6396875
803.016875
876.06475
726.140625
777.6730625
808.43
763.0503125
688.874625
826.61175
743.6805
886.0445625
759.4031875
734.431
819.525875
735.8815625
789.9216875
754.9525
770.6489375
834.8089375
788.9560625
717.265125
731.7976875
674.079375
711.38025
730.749875
732.5699375
704.3343125
908.1964375
781.6894375
717.8085
807.592
802.892375
801.93675
709.2903125
711.17425
818.3231875
719.1665625
739.5299375
753.3815
724.2321875
781.5793125
883.8919375
739.686
756.985625
828.083375
733.8415
810.070875
795.2795625
769.174125
983.5719375
814.5846875
726.1636875
757.8175
758.015
840.98225
642.53475
701.5025625
709.6798125
934.1835625
786.120625
679.159375
737.5385
815.072875
799.4645
776.9895625
846.955875
725.36775
746.9106875
890.6415625
703.956625
755.3
836.44175
901.291875
1033.6291875
722.1190625
818.630375
703.3453125
715.6349375
861.8725625
715.9648125
727.9199375
805.8329375
748.1584375
678.285125
707.1946875
698.6355625
720.7613125
766.0569375
748.9265625
811.410625
877.3171875
753.1451875
740.5796875
782.3245625
855.351625
737.4753125
806.94525
956.686625
709.4901875
765.85975
862.9214375
734.3620625
818.0234375
662.1856875
660.764625
856.476
801.0280625
748.2465
693.212
771.692125
758.541875
724.3718125
772.1683125
1627.50475
762.7419375
996.4804375
766.055
790.8596875
710.4031875
716.77725
706.244
875.165375
751.4796875
727.2868125
726.1220625
783.5351875
753.9263125
733.2755
793.3994375
762.73275
728.4175
712.06925
819.1119375
1199.144875
1013.5718125
790.7296875
832.746125
706.061875
738.53275
715.3303125
708.661625
614.4500625
707.37225
854.922125
690.6126875
830.8638125
761.3289375
697.7724375
717.73225
896.015625
742.7768125
797.01
686.077125
825.153375
836.3585
720.24675
788.35925
734.48525
707.82925
770.2688125
713.3155
739.536875
726.90425
716.6765
737.6203125
719.4466875
720.252125
811.6044375
717.00775
761.6749375
841.8838125
684.8248125
677.64675
761.7805625
740.783125
723.3360625
739.9448125
699.409125
727.9953125
780.984375
757.663
700.4598125
786.230875
752.4626875
693.3433125
756.509
720.1628125
724.6335625
1060.494875
719.0881875
846.16275
784.9130625
742.500875
706.5348125
887.187125
703.972125
883.623375
791.0505
794.8734375
888.42625
678.749875
775.4101875
711.015625
728.00075
655.102
718.183
704.6094375
678.10275
729.37375
726.438875
687.6329375
779.472125
677.127125
741.9125625
885.4213125
731.108125
743.517375
793.2278125
871.0251875
816.1124375
779.9464375
754.093875
742.2850625
741.79225
823.582375
719.746625
843.7294375
733.541875
698.2113125
726.26975
747.15875
764.9486875
768.310375
937.124625
738.5
725.3725
836.4180625
937.8655625
782.3526875
715.93825
625.8069375
679.1448125
945.63475
831.4845
712.3266875
724.0934375
740.756125
799.1764375
825.557625
830.426625
719.02925
817.028125
718.191125
706.791625
686.23725
759.47275
779.9096875
810.0274375
758.234625
761.7763125
694.647125
858.01625
705.591125
705.2815
743.21825
746.99025
746.222375
699.675125
744.1979375
691.8425625
714.5931875
822.717625
780.7071875
857.8679375
706.3499375
790.600125
781.31175
749.6034375
752.2478125
708.9916875
771.476125
840.0368125
741.4285
735.21625
911.3631875
782.4838125
1012.137125
786.1641875
886.0066875
731.5085625
716.1209375
763.8808125
735.791
743.4890625
728.4243125
882.050375
698.132625
734.071375
746.9098125
731.8948125
777.20925
714.6344375
817.6238125
661.20075
784.2305625
778.466875
906.71675
748.7340625
742.20825
719.9444375
791.55625
792.990625
732.85825
792.7425625
758.5468125
717.3515
956.8475625
711.815125
799.433875
1203.208
987.234875
693.3131875
805.713125
731.935125
694.952
825.8665625
771.8580625
727.519375
1099.316875
885.4543125
721.9300625
679.0329375
733.1531875
713.588875
679.80725
744.9570625
765.1676875
751.844625
724.393125
726.4193125
749.425125
757.3000625
708.8286875
755.8051875
988.004
706.157375
689.2680625
743.21575
664.52775
755.9705625
718.62125
783.4184375
738.5549375
719.1279375
719.573375
725.7396875
750.9979375
835.8889375
681.559625
847.7374375
720.991
715.4386875
728.698625
693.8839375
763.6576875
757.385875
742.2123125
694.6966875
709.09475
1109.20675
748.9970625
783.12325
912.38875
798.8163125
794.617
691.488625
768.8420625
736.8675625
741.74175
739.406875
715.1260625
911.095375
720.097
762.8478125
792.9766875
773.9445
739.8595
1012.8445
788.9918125
737.3693125
714.9444375
685.316375
743.3546875
796.2379375
831.455
734.344375
744.1071875
962.37325
756.381125
741.449
752.5356875
986.274875
744.0919375
692.8489375
787.10575
737.6683125
684.875625
718.4253125
744.2648125
699.5845
689.430375
802.94425
722.807875
748.952625
712.7883125
758.3531875
720.6190625
827.454125
818.0590625
746.587
802.1791875
766.9950625
941.055
795.763875
697.40275
749.1468125
737.3985625
854.8085
765.9600625
868.7268125
786.9295
776.338
745.8170625
703.0710625
731.4115
804.6735625
794.8273125
763.29275
902.9151875
697.5536875
714.4853125
739.9945
793.526375
729.0466875
752.2159375
782.236625
825.19275
771.6446875
986.3333125
758.518875
710.4301875
691.97625
704.3993125
840.810875
776.7186875
668.348125
744.99775
1277.226625
781.6178125
799.6709375
803.7608125
682.0458125
699.302
744.885375
872.6448125
802.661125
760.85475
908.01925
742.127375
750.758
693.1786875
778.2365625
788.295375
748.2051875
711.5600625
796.485
701.391
740.4061875
760.982375
761.3849375
717.9433125
839.8831875
900.422
700.8620625
738.2465
718.7666875
824.9365
753.4638125
858.9385
718.198
705.2994375
788.6503125
764.8210625
898.9535
822.9331875
885.27125
742.5565
700.46875
720.8638125
710.527
838.798625
732.694125
706.6959375
718.501
767.7050625
749.3694375
648.6343125
698.5956875
907.1294375
690.4516875
795.89875
807.308125
732.3833125
708.376
735.8241875
700.3499375
817.910375
797.497125
689.896
725.3141875
739.4879375
763.5536875
760.791375
715.203125
768.524125
727.9180625
765.09675
651.03425
739.087
696.1203125
740.559875
753.3226875
778.621125
671.1888125
744.9491875
782.3090625
723.2323125
789.2453125
707.7964375
834.150125
955.3230625
789.0566875
758.83775
699.004375
1014.9456875
762.6961875
681.0905
750.171
809.1769375
808.186375
720.152125
835.1590625
763.4185
801.93275
748.290875
731.42775
743.48075
739.1165
811.869
850.1391875
726.9704375
820.7671875
931.5851875
702.732375
882.45725
772.328375
770.893875
809.010875
692.8289375
793.011875
730.3196875
734.793875
698.9305625
733.5555
936.8511875
789.27125
771.916
734.176875
645.7121875
706.649875
713.275625
806.9766875
755.0964375
775.9405
839.218375
708.259
683.723875
720.849625
781.561875
900.1341875
689.7855
688.613
864.36775
729.85975
724.433125
737.4665625
727.5665625
710.4404375
794.89825
728.6346875
780.0074375
898.3818125
769.6655625
681.89525
946.4708125
851.8839375
753.315875
736.895625
687.8438125
720.6860625
888.9873125
797.130125
783.33575
757.6879375
699.740875
800.468375
740.19475
726.3081875
676.6348125
724.049125
762.877375
885.86975
742.1550625
732.0869375
769.9551875
607.170125
796.7235
714.056125
719.2814375
728.66
731.6310625
738.4800625
681.8775
779.123125
875.6524375
759.607875
792.0083125
808.7330625
814.2655
674.6310625
804.7143125
747.7355625
750.21225
769.404
755.6704375
762.192
704.9973125
942.1255
927.8595625
791.4280625
760.6458125
801.0011875
719.159875
767.147875
751.369
769.7329375
876.25525
770.74775
756.7536875
698.4721875
762.0319375
671.082125
729.2055
743.3449375
798.926125
870.62725
720.89425
739.678625
801.709875
899.4661875
687.5225625
831.9560625
774.03525
768.37425
739.817125
630.482125
739.9791875
751.370375
722.707625
769.0674375
710.6758125
765.9306875
881.110625
780.539875
722.0231875
672.211375
761.1285
748.124
794.1331875
708.015375
788.948125
745.934
678.184375
780.90675
715.08925
774.6894375
734.88375
950.417
760.7950625
737.3314375
947.651125
779.7718125
731.7016875
915.5866875
736.868375
711.799
805.6940625
818.708125
906.3280625
766.899625
744.9200625
732.5994375
780.2710625
758.631125
782.590625
752.572875
686.7253125
703.433
691.5726875
744.1409375
711.7341875
800.0224375
886.822125
727.8891875
683.506625
747.1205
679.7991875
993.297
697.8359375
703.8205625
736.544
733.899
778.1168125
670.807
785.1425625
849.8468125
689.0078125
702.5423125
721.4618125
755.17
734.1109375
747.124875
734.426875
708.8706875
717.01575
747.9589375
759.9650625
772.31175
722.6003125
652.8386875
748.292875
731.1116875
699.12825
672.90325
756.2229375
746.5795625
746.8445
730.1079375
735.476
718.4979375
796.1504375
724.90475
736.3279375
796.1438125
727.35575
822.001125
821.7510625
716.9346875
815.4695625
788.2944375
735.211125
709.5289375
730.6543125
818.422875
687.9311875
746.0908125
749.985
698.228
898.7280625
1260.817
678.9728125
719.231875
734.979375
733.653875
711.14625
765.5704375
755.2408125
874.3430625
773.8018125
710.6834375
1072.95025
785.779625
722.998625
694.814
779.9004375
735.719125
760.6870625
829.9938125
782.73525
923.97625
815.0725625
758.7929375
728.656625
854.661125
765.1885625
965.061125
688.389375
786.1106875
742.60725
842.785875
747.5764375
702.2996875
834.6470625
889.5671875
710.4511875
714.11725
738.8539375
844.0686875
800.084875
699.458875
738.8735625
727.2160625
716.7223125
705.3265
660.1425
693.527875
935.0473125
780.5795
749.74
801.389375
734.1089375
854.0524375
855.009875
830.2465625
729.7614375
769.38675
936.623375
1160.197875
714.52775
719.653
733.3650625
770.4400625
808.95525
733.3814375
735.67775
780.1316875
776.1383125
1021.63725
921.407125
756.944875
737.1936875
905.212875
718.3390625
731.93925
815.9904375
753.6626875
705.6845625
699.609
674.056625
997.7773125
719.0929375
808.352125
731.76125
809.8368125
726.0375625
725.467875
1034.5975
796.122375
771.373875
716.599125
748.4176875
662.156875
939.893625
759.5445625
810.34025
799.4125
839.3636875
784.495875
809.9386875
797.5975625
910.57675
724.6658125
803.589375
723.09175
721.3556875
784.5380625
838.426125
728.2285
737.9080625
783.316125
724.9561875
771.754625
742.3448125
951.1516875
693.200875
808.523
684.9988125
669.11675
967.60325
798.249625
853.3286875
767.42625
824.2420625
761.46425
715.402375
689.888625
845.946875
811.1146875
811.6424375
717.0945625
742.3489375
674.392875
716.2388125
798.1954375
713.5039375
739.1599375
1105.33675
732.8228125
775.683375
736.0845
757.9415625
753.477875
685.9729375
716.1995625
793.4448125
744.685875
738.6326875
982.7176875
769.8648125
737.32825
790.7114375
813.6880625
754.13925
790.3898125
716.789
659.4499375
760.8775625
765.5724375
722.9439375
842.1945
703.087875
848.68425
1037.18275
948.99175
738.379875
677.8145625
819.05625
701.85825
763.8509375
923.387625
832.7229375
831.0158125
745.9933125
739.007375
680.74675
1107.2045
788.2868125
733.4165625
812.31475
711.23525
717.9556875
768.076
898.273375
686.88
671.9395
771.949875
754.7198125
739.2639375
711.3419375
736.6770625
764.689125
734.9373125
713.6846875
826.030375
807.649625
695.6905625
801.925125
824.7945625
730.35425
736.502375
759.824375
819.133375
859.08225
726.5134375
972.834625
786.941625
662.9303125
761.24875
712.5551875
704.5085
723.4665
676.6028125
1023.9680625
1018.76125
894.845375
706.075875
863.2008125
847.8146875
737.253375
719.688125
870.4264375
814.2691875
734.538125
709.3181875
687.586375
854.829375
704.816875
786.6349375
744.1685
730.964875
748.821125
764.7506875
752.7361875
824.930375
680.7999375
878.363125
768.053875
1038.3136875
1009.9325
875.99025
728.61325
735.3394375
764.3369375
807.1650625
774.7443125
956.2608125
767.8891875
738.026
778.0831875
714.7426875
783.8071875
683.9546875
904.2988125
681.5386875
698.50525
725.4805625
799.745625
856.7635
809.91125
745.9729375
745.5435
770.6351875
763.167
735.9108125
727.724375
772.2278125
763.9656875
816.5830625
781.0316875
752.1411875
706.211875
768.0206875
752.53075
799.4318125
836.0068125
759.754875
725.8148125
724.453125
859.552125
782.4159375
930.4668125
764.308875
743.0534375
954.4235
812.8153125
763.0210625
745.8700625
762.7000625
718.7225625
719.223875
760.2491875
712.33075
673.6863125
799.1210625
829.726
680.1181875
726.76675
853.153625
712.0278125
831.9406875
780.4849375
757.4351875
716.0849375
692.149125
802.3658125
748.851125
684.63075
790.1464375
715.5045
760.26775
835.3155625
793.9021875
712.471375
784.967
730.912
706.16225
807.799625
754.295
721.24475
834.037625
688.11025
749.21225
729.647875
687.8248125
742.643625
874.0935
800.137125
774.2243125
733.579125
779.34
784.716375
747.2744375
796.1008125
716.485875
790.2591875
760.51625
767.5746875
974.5321875
798.932375
819.401625
721.8838125
742.030875
758.5515
738.07825
691.5895
718.186875
698.532125
708.9735
747.685625
764.0030625
825.5828125
733.50175
790.356625
753.1564375
731.449
802.97325
729.261125
721.6589375
727.809875
938.624125
817.352
738.4510625
739.56475
846.7776875
744.89375
734.5728125
689.9656875
667.2345
766.9350625
764.210625
755.454125
752.788
718.5883125
762.4994375
874.9150625
706.0068125
723.0334375
748.8588125
746.2040625
898.5549375
666.301875
630.7340625
706.6306875
735.56975
734.0835625
721.4024375
771.6918125
822.766125
745.8345625
903.99275
789.585375
830.2041875
712.4619375
724.5116875
796.1785
733.911375
738.2438125
716.074375
836.8233125
735.3104375
868.44375
909.57525
775.579125
736.9794375
786.7710625
766.7824375
784.7918125
724.2275
873.23625
794.148
974.8830625
695.4590625
682.193125
739.9244375
741.5775
780.3715
860.5473125
745.5296875
738.8336875
740.865625
793.0431875
722.2160625
724.0796875
710.9711875
722.1898125
716.9506875
734.1744375
791.1565
784.6755
718.7633125
776.438625
883.84625
725.91275
825.10775
774.6885625
1171.9625
808.5776875
947.295125
679.5870625
731.866625
735.126375
729.401625
719.1816875
757.6085625
760.2770625
877.4738125
783.271375
768.6735
683.48025
1018.055125
658.327
707.935
701.8165
664.8414375
708.474625
748.386375
730.859125
791.4471875
856.3755
805.720875
684.63975
770.746
789.7178125
1010.3286875
701.928375
800.8305625
693.3713125
743.465
706.0666875
844.8544375
765.7903125
722.5158125
733.3835
785.6005625
669.275375
758.0390625
759.120125
747.6796875
707.719125
1068.97775
707.8491875
821.812125
771.157625
784.1956875
738.1358125
727.7335625
860.892625
770.471875
724.779
841.6964375
733.2485
721.1269375
708.5240625
774.65075
719.4304375
779.6413125
803.3110625
707.87775
737.9613125
769.3919375
815.1883125
755.434375
719.6388125
779.33825
847.626875
702.5705625
757.0923125
754.4889375
670.723125
818.7795
725.028375
803.5395
875.2651875
711.397125
873.49175
733.0813125
761.8693125
773.6448125
740.4841875
955.1664375
739.5584375
719.649625
736.747625
760.0085
699.2858125
860.2904375
652.83
773.457625
712.217125
753.5286875
786.419375
757.580625
755.229125
973.54525
722.859375
835.2714375
758.9464375
743.479625
737.8331875
823.8209375
768.332
1080.26775
855.253875
772.984375
694.0450625
726.7616875
878.9245625
793.2643125
673.6445625
854.8380625
706.324875
733.3446875
742.9329375
915.2741875
779.954625
710.050375
675.243125
823.6969375
720.0594375
709.385375
684.1819375
1021.708125
720.640125
794.3519375
823.483625
1129.33625
737.4509375
804.1198125
693.293125
693.876125
750.9671875
791.4315
750.6653125
795.050875
793.515375
707.799625
845.62
750.4820625
719.8489375
752.3775625
833.1581875
783.5105625
863.1615
798.0423125
739.253
716.3043125
749.733125
691.7995
696.3214375
761.5923125
738.8685
755.1154375
844.22175
672.18175
762.2394375
782.846125
793.909625
708.538375
750.473875
720.821625
731.7945625
686.438125
764.865625
727.0759375
763.0731875
786.035375
777.7999375
726.8060625
835.2135
858.085625
804.6818125
748.1836875
649.2404375
720.141
744.483625
717.260375
819.9869375
735.40975
891.19025
968.57325
729.14025
710.659
715.6115
733.160625
780.2965
815.51675
771.05375
784.414875
735.1975
679.2666875
776.8805625
726.8750625
806.6735625
724.4553125
799.2369375
830.3299375
797.5438125
730.882625
791.861125
775.8894375
711.6183125
726.2230625
814.677375
944.9205
706.147375
713.985625
679.8730625
750.041625
708.8764375
717.536
714.554375
751.98225
744.0308125
733.599
851.57375
690.3914375
804.940125
773.12625
704.643
821.3248125
708.38975
789.3674375
805.0755
763.159
748.982625
708.52075
772.4403125
849.1468125
696.698125
740.1981875
739.12525
740.4771875
781.22975
768.9806875
689.4505625
1004.510375
725.9233125
770.98825
781.441625
733.1563125
875.6514375
794.9450625
854.2304375
760.0221875
855.3670625
710.462125
757.7085625
806.873875
699.012875
730.81125
833.4645
875.5318125
758.864
742.138875
761.66625
843.693625
727.5565625
813.90875
987.1955625
843.6594375
768.5836875
688.06175
909.621625
724.44525
829.892875
713.516
844.196875
774.398625
740.1893125
707.88525
694.1665625
719.896375
765.22125
912.42625
899.354875
696.9274375
792.658125
825.6159375
806.9933125
714.656875
831.997875
831.4871875
945.702
758.93125
674.7636875
758.1296875
731.184125
772.7403125
895.8833125
1242.705
820.6913125
769.9444375
916.0603125
703.5721875
1306.226625
874.4843125
754.458125
714.537875
788.8548125
726.304625
842.9819375
740.431375
780.112625
918.96525
730.389625
702.8748125
868.84425
784.8015625
951.6780625
779.5464375
809.3150625
735.4195
695.6655625
721.5308125
735.57425
707.3759375
794.3174375
786.421
830.55475
744.69725
746.425625
768.9115625
725.4313125
813.8070625
795.762375
780.0478125
723.92925
791.6748125
820.4635625
820.5606875
837.57
728.469125
786.9193125
760.7901875
784.3255
736.564
965.233125
777.098375
728.4045
783.594375
813.4295625
781.4870625
748.6365625
724.014625
783.5284375
911.848375
776.293875
695.9054375
826.409125
872.737125
725.6886875
730.0995
779.3026875
800.4311875
835.3785625
749.267
727.514
788.1050625
746.7225
725.0283125
904.2675625
844.3389375
854.5013125
722.6945
710.7725625
754.7563125
877.5195
859.448875
802.124375
730.8239375
815.07325
723.9213125
759.0469375
760.1728125
758.9586875
762.84975
685.8840625
751.333
1021.002875
919.0085
724.0681875
742.179
757.702
742.558375
887.0584375
698.2436875
753.3344375
698.9295
746.513875
701.5925
762.468875
731.3661875
700.994375
710.99175
914.72525
757.948125
745.888875
704.9069375
746.836875
826.7325625
894.039125
712.1204375
691.3796875
715.0905625
743.114875
869.1165625
713.510125
712.042625
749.623625
797.5699375
746.944625
698.8126875
753.20875
752.43375
723.96125
697.9736875
864.783625
731.331
717.1094375
712.943
775.455125
1084.255875
702.2275
740.613625
995.2291875
714.1634375
714.64125
753.2480625
719.0360625
1092.200375
708.180875
993.9735
722.2478125
832.148
729.0790625
699.156625
746.9659375
764.70575
685.4465
751.5653125
767.5788125
746.483875
762.34975
788.8579375
667.4425
762.19375
855.601625
892.767375
714.7093125
753.00775
840.1919375
883.897875
725.3883125
752.1968125
748.77325
742.5984375
761.1838125
721.212
717.089
706.7009375
943.2975
685.481
737.0951875
723.3979375
734.0219375
713.0755625
727.3774375
770.805
770.52675
785.5378125
746.626125
796.9006875
773.7905
709.3363125
934.6696875
821.4294375
1321.359125
821.06325
846.6066875
747.955
902.264625
823.4116875
765.6141875
796.77825
641.960875
870.7854375
790.51925
690.450875
770.4505
767.0299375
793.156875
706.808
710.1865625
742.368375
752.097375
892.2645625
844.5265
829.466
869.5004375
837.562
707.340625
721.8394375
692.3469375
708.3738125
683.5453125
953.1120625
793.1908125
713.635375
837.448375
878.4739375
888.0693125
832.5336875
735.676
720.9244375
723.817625
707.31425
871.4365625
755.2660625
747.8145625
929.2939375
783.349625
846.209125
910.2095625
816.64775
730.2536875
862.0
764.3453125
856.06
785.58175
732.9303125
702.2641875
781.6430625
703.8785625
849.5946875
728.2305625
686.973
681.63175
773.211875
724.384375
988.9865625
732.311375
775.881125
1008.20725
732.20125
763.602125
777.2765625
786.8124375
713.444
741.530625
723.447875
739.6684375
931.02025
795.7376875
731.300625
1043.70075
709.1281875
750.721125
780.89275
726.8465
752.0465
749.4145625
667.653875
714.184375
818.54325
801.629625
783.58825
722.3906875
738.9044375
698.2344375
818.2331875
710.865625
750.3550625
663.553875
747.2840625
962.416875
703.2503125
711.406
822.3400625
684.121375
843.9848125
861.223125
720.51475
868.335625
832.9305625
705.6083125
694.1469375
713.124125
737.1239375
826.56725
764.3051875
947.6718125
772.3925
696.9110625
748.4618125
752.876875
720.5351875
783.4646875
781.42425
820.4961875
685.1993125
751.419625
738.2805625
881.9206875
768.41625
737.005
739.5291875
643.976375
714.1899375
688.5809375
1083.34325
742.311
728.0245
730.445875
722.2144375
766.376375
700.2103125
763.590625
700.8994375
721.3035
855.7926875
1025.6921875
729.6238125
807.6319375
816.3535
802.24725
728.475375
896.759375
736.594875
780.12325
754.461125
695.4624375
805.5721875
738.9205625
1125.063125
730.2336875
744.9015
727.1488125
755.60375
786.4108125
736.82775
785.6008125
764.3220625
803.017
804.5441875
922.9716875
772.1296875
878.725375
1025.3165
721.073125
791.164375
713.0606875
741.9566875
831.1911875
747.0656875
747.4408125
795.879125
713.6891875
860.0483125
752.464875
797.1813125
767.8713125
730.041125
755.0005625
700.485875
737.4149375
719.7195
788.1963125
810.72975
788.375875
680.902625
876.2326875
721.6491875
779.6196875
706.8159375
714.1214375
787.884375
720.376375
771.8589375
890.5696875
770.510375
784.9424375
807.3456875
921.553
710.94925
882.11175
855.4890625
893.7636875
745.979625
856.6625625
750.553
743.43125
756.1510625
758.2384375
846.6800625
883.6826875
709.743875
732.0551875
1187.0675
697.108125
730.928375
1152.642125
780.2963125
755.3579375
761.219375
1043.22525
824.4078125
699.2734375
706.0420625
940.3790625
814.5025625
760.0184375
732.6199375
808.576625
693.061625
703.344
1255.33775
757.520125
784.6918125
697.79275
717.01575
796.5901875
827.3864375
867.782875
728.219125
729.1826875
720.8568125
679.439875
703.6576875
819.0826875
928.754875
790.94625
772.1205
772.9914375
696.53725
732.1028125
746.166125
739.2435625
790.5169375
650.619
757.5333125
744.6261875
794.9135625
761.08975
