285.88953125
37.69229296875
70.6725234375
13.910224609375
90.9073125
14.6832314453125
305.384125
134.824171875
46.357921875
16.239705078125
5.66740673828125
141.177859375
6.76634716796875
23.954123046875
52.26949609375
51.15866015625
46.0607265625
59.91136328125
19.660046875
165.784390625
22.536748046875
16.650130859375
444.810375
47.81033203125
115.9191953125
82.474
16.06633203125
154.3765
46.0598359375
83.6270859375
27.05660546875
24.706681640625
21.940634765625
50.36503125
18.73207421875
52.66054296875
51.9210859375
51.10105859375
38.40450390625
62.12933203125
27.463666015625
123.6122734375
39.54725390625
32.29616015625
30.639013671875
51.56393359375
57.0057734375
72.259140625
16.814333984375
40.5291171875
158.604265625
44.45228515625
291.16128125
66.2850234375
100.6077734375
4.87949853515625
31.57882421875
120.6705546875
60.78706640625
28.5399609375
10.102451171875
13.8581767578125
2.24754736328125
74.7463515625
45.45766015625
237.717828125
29.613259765625
46.854125
13.685638671875
79.20175
16.571794921875
52.80331640625
19.282298828125
44.21596875
9.5893349609375
8.11067333984375
6.53662255859375
275.0930625
29.140587890625
5.80546484375
58.61572265625
16.0949599609375
31.5341640625
8.9041650390625
133.8423125
50.55025
11.195115234375
37.57088671875
13.492765625
179.99896875
19.40921484375
98.3205859375
42.43635546875
23.89578125
11.3700126953125
80.4154140625
50.38631640625
171.8175625
1.0154136352539063
63.347125
74.15084375
87.1956171875
38.2439296875
166.227265625
319.4165
11.5376787109375
133.311234375
35.2148359375
136.622203125
166.673859375
43.99837890625
178.88940625
158.516140625
24.818048828125
15.99340625
36.65841015625
68.946921875
22.855171875
6.4401962890625
81.555296875
2.821072021484375
124.93428125
23.403216796875
62.484015625
22.308453125
97.1846328125
15.1325859375
114.8768203125
188.3159375
59.82422265625
78.2873515625
59.9066875
70.27840625
79.3098984375
124.3787734375
16.2902822265625
29.709630859375
26.082544921875
39.6825390625
13.3767041015625
38.885890625
62.9136796875
202.536515625
97.437984375
52.192
249.726859375
3.73222900390625
99.8948515625
7.80445654296875
2.504226318359375
20.272794921875
95.871125
24.62678515625
207.040375
303.7886875
182.217703125
9.0432578125
44.925375
8.12136328125
48.93787109375
119.406984375
147.088125
29.622591796875
45.55278125
31.463548828125
42.9296171875
84.53625
25.8870234375
25.45665625
28.095861328125
93.473375
10.231205078125
44.951625
55.3603046875
215.415828125
122.30596875
205.737484375
53.08165234375
25.181640625
125.268578125
96.4942421875
138.662546875
49.0007265625
55.79223046875
107.9327734375
127.241515625
35.1219375
35.90078515625
44.8073046875
127.97190625
8.6453095703125
12.22551171875
66.37778125
77.302515625
47.948140625
40.70062890625
63.34976171875
11.1748173828125
53.06518359375
8.66034765625
66.3433125
46.4596953125
116.636375
41.3928046875
48.17276953125
36.920484375
51.51665625
33.57291015625
98.786765625
30.225404296875
149.167390625
77.359140625
57.435609375
77.69328125
8.9584248046875
19.085328125
1.7313082275390625
29.024017578125
155.30190625
6.6066025390625
95.872640625
4.9645302734375
24.193607421875
138.6235
113.0729453125
27.3369296875
190.055578125
85.500875
41.7481171875
34.9366953125
53.03727734375
160.6710625
205.130125
48.8988046875
30.6297734375
223.58196875
38.25494140625
1.65229541015625
12.5766904296875
54.13298046875
22.063826171875
81.696890625
165.32875
22.57809765625
120.7198203125
114.9307890625
63.0693828125
17.785494140625
112.7411328125
61.910734375
135.39765625
108.4668359375
18.15755078125
65.94340625
74.2596328125
68.3707890625
68.55803125
126.3705859375
4.5239951171875
10.6153349609375
59.99938671875
119.26425
49.88141015625
101.267234375
57.0570859375
105.164984375
81.18678125
13.46616015625
47.23561328125
74.5488203125
26.713482421875
57.94110546875
67.6273984375
13.152478515625
24.3873515625
29.058201171875
69.176890625
207.0159375
4.84849560546875
310.06784375
152.465703125
113.3866015625
33.66171484375
17.818390625
27.748900390625
243.98171875
231.190515625
19.411310546875
23.55578515625
95.1202421875
89.8420390625
115.40328125
55.34309765625
116.3826484375
27.199548828125
50.1426875
136.82809375
185.485296875
25.57584765625
6.38814208984375
13.33912109375
231.008953125
45.08378125
152.818515625
50.5673984375
142.472609375
11.6292021484375
77.5148046875
68.9900234375
9.611201171875
22.36440625
85.250546875
10.9190625
75.5649609375
69.31021875
162.197671875
77.97646875
70.1543515625
91.2571640625
7.74397607421875
84.248109375
42.001375
82.7676484375
29.458990234375
65.883953125
5.14323388671875
72.92659375
11.2357919921875
116.269390625
104.3706328125
308.7045
0.8925704345703125
68.2292265625
23.681138671875
6.85030615234375
51.43273828125
84.2867578125
5.494138671875
93.237875
11.302490234375
140.61215625
132.511578125
33.22184375
38.9188828125
74.419171875
41.92566796875
114.380109375
64.02279296875
12.4662333984375
80.1279296875
13.352818359375
34.3425
10.92726171875
61.77901953125
58.5776171875
18.202486328125
27.126408203125
1.1062159423828124
59.0016796875
41.80827734375
142.926203125
12.3787802734375
270.72515625
40.022453125
72.0146015625
54.41460546875
17.612697265625
87.9741484375
87.049875
67.965109375
5.175509765625
59.90905078125
63.767359375
43.17606640625
50.29991796875
47.3169296875
72.166546875
72.443390625
153.40890625
16.479421875
22.029806640625
83.1601484375
11.08559765625
25.99621484375
8.731185546875
78.585
31.515869140625
84.980703125
26.534623046875
13.8714912109375
115.8846484375
313.1759375
9.268240234375
88.545953125
34.80436328125
106.3696171875
3.5617412109375
373.98315625
14.037744140625
21.93657421875
72.9286875
100.782078125
54.79714453125
83.2828359375
36.20265625
121.7868125
13.3181865234375
102.29425
126.8647109375
99.37346875
83.5603515625
88.646390625
3.871360595703125
10.117970703125
156.990078125
46.6852578125
40.9434296875
2.995025634765625
29.891158203125
73.8365546875
57.61200390625
66.43246875
94.0864921875
46.387046875
56.88062109375
34.7929609375
60.10391015625
43.39348046875
50.51413671875
48.9291328125
1.49623046875
154.7409375
30.846232421875
84.984390625
61.9283203125
50.0235078125
18.1976953125
49.4011484375
22.377865234375
4.515802734375
54.76278515625
215.79859375
37.44694140625
53.75508203125
56.14783984375
61.8546328125
35.8548359375
6.78345458984375
40.0402890625
5.7574970703125
48.49455859375
45.5973125
113.887625
54.9572578125
200.1645
15.139009765625
90.50875
67.20725
176.721234375
172.866984375
28.81819140625
51.37227734375
49.7056015625
29.27105859375
109.3955234375
24.2816953125
95.434375
93.53446875
86.497625
9.6580771484375
117.37421875
233.199421875
13.6795390625
13.0655224609375
43.71391015625
15.4702822265625
61.584734375
39.6343359375
61.3800390625
126.73440625
42.63038671875
47.35265625
157.164140625
5.897111328125
114.2161015625
132.623390625
58.341
64.5909921875
4.9681220703125
170.3053125
49.46687890625
29.524193359375
61.816984375
72.2660546875
185.31078125
35.54515234375
102.164671875
3.517675537109375
13.906623046875
32.823375
34.7848046875
6.238734375
65.377
37.762921875
30.170166015625
138.433265625
152.64159375
38.4569609375
27.52956640625
173.356390625
254.13296875
90.92978125
28.662791015625
44.54749609375
13.544923828125
159.4205
1.037319091796875
228.936484375
264.62153125
382.4008125
15.6906669921875
49.9281640625
46.139078125
59.24094921875
1.754198486328125
33.71464453125
48.9972109375
124.1055078125
33.32411328125
42.49496875
7.59458203125
20.8118671875
7.18136474609375
187.656921875
60.17041796875
92.8211953125
162.751953125
36.70029296875
32.384517578125
58.1338125
136.8355
98.1063046875
16.9921640625
69.258546875
119.7062578125
6.0439267578125
294.28828125
11.28861328125
64.64968359375
143.497
19.12372265625
140.405796875
53.11977734375
23.908296875
58.037171875
64.445203125
146.2836875
61.74826953125
64.53764453125
51.89126171875
23.2507890625
30.512943359375
76.5319609375
72.0197734375
19.88301171875
36.4753671875
68.6491015625
43.5514375
40.35291015625
58.40848828125
26.76083203125
463.83590625
283.2864375
81.210328125
22.77884765625
17.389291015625
51.11958203125
115.759015625
30.9206484375
59.49017578125
71.21603125
42.549890625
29.57828515625
126.58534375
11.3136806640625
70.612953125
78.6207109375
130.93190625
81.743171875
35.26638671875
73.7878828125
53.47553125
129.3538046875
19.98497265625
40.33651953125
13.9114052734375
12.9576748046875
14.0518935546875
63.1382890625
79.8016875
65.7056171875
142.682265625
13.8813125
34.93405078125
31.281248046875
95.652421875
15.117796875
108.5773046875
52.28390234375
4.29408544921875
27.840291015625
30.846173828125
120.5111640625
76.895125
91.1063828125
113.9957578125
24.749150390625
39.49102734375
56.4081015625
108.5580546875
69.682203125
1.047596435546875
26.820861328125
76.688109375
13.6195986328125
233.666703125
15.36930859375
108.221140625
41.974015625
35.49768359375
187.06778125
90.8754375
23.82151171875
62.994578125
32.09762890625
45.75486328125
70.2928203125
16.698921875
24.4011328125
44.56009375
33.2733515625
67.561609375
48.36616015625
84.46
55.398375
44.6441640625
11.6979609375
73.5557109375
21.07820703125
33.61008984375
75.405140625
36.2819453125
15.492580078125
51.78819140625
23.06833984375
22.39383203125
266.30728125
15.4201982421875
21.861224609375
33.72031640625
107.8334375
80.107140625
21.677708984375
69.7736484375
133.77953125
99.6963359375
10.069884765625
36.08028125
18.983998046875
138.36959375
89.3940546875
275.29584375
139.32746875
9.7404365234375
76.021046875
101.97625
34.1329140625
12.5319609375
124.751734375
50.57813671875
19.5873203125
101.5380390625
42.877671875
48.663078125
96.8643046875
25.5239921875
48.03143359375
187.197109375
127.732203125
309.067375
32.045689453125
110.4592421875
158.29115625
77.0665
54.52596484375
32.96530859375
39.30798828125
82.1309140625
24.006380859375
57.3495234375
77.3890703125
65.8292578125
66.8577890625
19.227408203125
52.531296875
73.2292734375
12.39005859375
6.52079931640625
60.47508984375
62.5244140625
18.891775390625
161.303296875
164.83146875
30.22273828125
99.9931328125
37.11679296875
60.1195234375
126.95409375
78.69434375
11.8853916015625
155.75825
218.847890625
45.51631640625
2.28050439453125
21.678111328125
15.1646103515625
150.074203125
148.624046875
6.3541376953125
56.3557109375
149.99584375
78.710296875
35.68251953125
259.8034375
25.7457421875
151.02784375
45.81391015625
93.2983125
73.3943515625
102.79496875
0.0
5.50251416015625
33.2054140625
32.1545078125
23.387982421875
90.259078125
28.016814453125
57.08668359375
43.2292421875
70.7861953125
10.338986328125
124.693546875
162.9515
28.425419921875
121.68446875
48.88509765625
33.23763671875
52.24313671875
34.37134765625
62.93690625
21.01293359375
154.84784375
83.553875
140.431375
24.116552734375
36.40473046875
22.410888671875
48.92989453125
43.22618359375
129.2224765625
0.0
19.156947265625
6.99036376953125
18.03028515625
14.27230078125
136.291125
13.5775107421875
48.75053125
44.01246484375
68.812765625
41.5450625
36.46255859375
70.741
13.210966796875
207.0235625
43.46333203125
35.36272265625
103.41696875
85.8442578125
310.19984375
62.26898046875
39.63862109375
243.315109375
51.73019140625
131.232265625
28.53283203125
33.487953125
19.253904296875
46.02530859375
58.26213671875
28.63276953125
76.6527734375
36.00035546875
50.2661015625
189.922484375
18.57740234375
112.08103125
143.274875
49.6101640625
42.0065
75.4909453125
69.16171875
10.1064091796875
170.850703125
110.6437109375
10.3208720703125
40.46427734375
12.492052734375
33.36194921875
115.9199609375
88.4218046875
17.486791015625
17.2035859375
27.5770625
323.04259375
142.841640625
47.3146875
141.83553125
16.543876953125
25.8726796875
7.6738046875
110.058421875
159.316796875
15.4188212890625
34.59178125
311.74246875
51.49184375
82.36328125
52.6800234375
69.7019765625
14.3395517578125
37.135828125
56.64727734375
122.5886875
8.36091796875
57.27108984375
47.5872265625
21.64894921875
17.56744140625
26.42969921875
27.3461328125
95.8423984375
72.5883671875
169.52690625
90.9404453125
68.7180390625
128.7419921875
37.85545703125
165.001171875
30.14678125
141.52553125
35.66007421875
92.0504765625
39.44891015625
66.981125
28.754337890625
48.88463671875
87.814453125
25.7137109375
67.790484375
1.962432861328125
255.3596875
70.7552421875
4.401033203125
7.79746240234375
52.07158203125
78.100765625
75.9366640625
90.5316640625
38.90533203125
20.03329296875
41.348875
10.5571767578125
293.28446875
33.4372421875
35.89280859375
54.63573046875
44.4718046875
132.4169375
39.44885546875
28.593990234375
28.049359375
103.0241875
85.2651640625
11.8038486328125
20.82712890625
158.3238125
89.402375
262.07996875
61.43534375
238.889828125
109.766140625
80.2299140625
24.11696484375
73.27871875
37.140875
176.5923125
108.822046875
33.6731796875
50.58578515625
67.122703125
39.23538671875
75.4338515625
27.9011015625
28.498140625
40.749375
91.250203125
22.7186484375
11.62253515625
139.15009375
38.4275859375
114.3608046875
34.3638125
29.807390625
15.9732841796875
87.6062265625
71.589859375
26.162638671875
58.5134140625
34.87545703125
50.1003359375
78.55725
40.5116953125
94.8938359375
48.95431640625
24.20112109375
19.072828125
78.8875234375
64.81315625
227.401625
264.83940625
12.95503515625
58.61807421875
11.889923828125
37.99620703125
192.28721875
35.82897265625
8.2712998046875
13.9028095703125
62.1926953125
81.2097109375
228.1314375
93.9060703125
4.15396875
84.149859375
220.09234375
98.261421875
13.9468720703125
17.97334375
179.47003125
41.51777734375
24.175669921875
31.457671875
36.7402265625
21.204357421875
45.62813671875
116.3007578125
98.46909375
71.1428125
24.09253125
74.0284140625
3.598209228515625
32.4168828125
30.437349609375
50.62941796875
114.8531171875
14.6599501953125
25.76458984375
173.24525
59.06348828125
62.66546875
13.24594921875
8.1973779296875
337.69909375
26.94659765625
49.67933203125
69.7012578125
9.14503515625
13.4004326171875
18.707791015625
40.5344921875
104.538390625
28.43434375
46.23996875
154.258046875
25.840677734375
21.1460859375
15.5132685546875
16.01637890625
52.58446484375
115.8140859375
50.09311328125
15.1225478515625
4.586921875
51.7461015625
34.86741015625
79.7748203125
24.130392578125
49.8508125
30.805408203125
140.01246875
17.520560546875
38.87845703125
36.6599453125
35.23030078125
41.91922265625
4.82824609375
126.6268984375
21.610013671875
28.940361328125
88.072921875
117.6322265625
15.4408505859375
61.77486328125
42.3680625
6.029943359375
18.7306015625
252.226828125
43.9466171875
22.795021484375
80.92734375
29.018521484375
6.07534814453125
111.866453125
9.3365244140625
35.2130859375
39.37712890625
71.0407734375
230.237375
25.177849609375
49.27115234375
64.10701953125
72.977578125
63.52684765625
80.658609375
18.832068359375
94.55875
29.0807890625
39.07761328125
31.69476171875
89.9161796875
297.26459375
92.5415390625
51.74052734375
7.97087353515625
65.7772109375
51.11558984375
62.4949453125
8.6024453125
38.08806640625
83.565859375
16.0860419921875
12.4399296875
10.264109375
25.5119921875
132.373421875
3.478617431640625
4.49611865234375
54.84222265625
64.82526171875
88.7502578125
40.2780703125
31.43025
9.70899609375
53.69742578125
46.18757421875
100.4048828125
35.54242578125
27.155453125
236.634875
128.884640625
44.39542578125
37.1425859375
31.2793359375
88.4054609375
50.5406796875
90.877359375
34.1454453125
123.892953125
18.9648671875
92.231
94.3922734375
200.49846875
79.5820859375
247.0160625
116.878203125
112.6701796875
37.7290859375
100.75671875
60.7169296875
36.15433984375
296.8330625
10.1145966796875
41.4286328125
27.33034765625
3.61901904296875
10.937361328125
4.5936123046875
32.665603515625
114.0037734375
2.521898681640625
34.794671875
226.677578125
193.978921875
105.210484375
22.923548828125
90.1984609375
95.3004140625
121.4920703125
147.210640625
38.91694140625
271.91471875
6.357673828125
264.158
22.999759765625
64.58130078125
156.6253125
35.0222421875
75.48878125
181.8150625
40.4440234375
16.813232421875
61.82512109375
29.1935
21.328072265625
115.7105234375
105.1612734375
24.625251953125
174.327984375
27.20272265625
20.884982421875
22.407849609375
93.6906953125
72.97059375
45.0309453125
14.84811328125
21.17446875
86.630875
91.36375
134.9820625
80.3635625
46.7731640625
34.8857265625
138.22621875
51.96334765625
69.4655390625
63.33780859375
100.447640625
64.79127734375
71.82859375
83.46975
35.7011953125
119.5252421875
183.727203125
66.0983125
119.850109375
26.204341796875
38.36074609375
1.8682982177734375
24.602892578125
59.828046875
140.053953125
15.9749716796875
36.69680078125
34.334828125
11.46219921875
47.947609375
90.8224765625
10.1666923828125
8.01348046875
27.928349609375
90.3591328125
150.178140625
51.806578125
42.67027734375
37.30487890625
114.13078125
22.554212890625
341.7241875
30.949720703125
27.674275390625
65.7910625
62.248203125
57.12484375
20.886625
31.814111328125
87.5402890625
227.397125
24.78287109375
46.41080078125
29.691685546875
44.31417578125
149.974328125
32.690212890625
18.537166015625
37.3601171875
7.12223828125
70.070984375
16.782103515625
15.3655654296875
113.0059453125
78.862796875
2.425571044921875
144.269265625
25.193279296875
7.11681005859375
40.51362109375
27.244525390625
19.008306640625
16.655015625
28.95744921875
35.225046875
10.457330078125
129.250671875
21.12323828125
13.305103515625
53.6253828125
5.00372509765625
38.41908203125
23.2931640625
218.8061875
113.0033359375
302.6298125
17.2688046875
56.11970703125
40.874203125
47.26665234375
11.5796015625
16.728994140625
22.488587890625
40.11797265625
96.0741875
8.577994140625
16.289259765625
28.67443359375
43.33283203125
42.863234375
32.89774609375
42.646453125
35.22203125
71.414046875
219.585453125
78.654203125
50.3524609375
36.2979296875
48.9023828125
102.457453125
2.0371182861328125
245.116640625
48.4281171875
34.2465234375
37.3160390625
6.804451171875
15.2410751953125
40.18777734375
78.796046875
299.1149375
148.85090625
16.26104296875
201.756859375
93.104734375
73.1016796875
1.9363421630859374
8.08513818359375
32.23787109375
246.79621875
93.4193046875
33.325484375
207.992109375
84.184484375
58.940546875
50.6311171875
40.5516796875
13.1910498046875
21.082486328125
40.3491015625
107.736046875
90.0359765625
17.97005859375
20.517521484375
88.977171875
46.98427734375
52.10053515625
46.10342578125
223.325375
67.142390625
48.98587890625
152.255859375
20.94884375
192.70953125
85.159953125
36.36374609375
70.2387265625
17.4719921875
35.5625234375
12.71103125
34.19377734375
39.51424609375
22.898271484375
153.4311875
93.9951953125
163.28084375
39.7282265625
47.5599375
90.978609375
58.90708203125
7.46315771484375
16.674248046875
8.518197265625
147.2945
41.742109375
93.8097109375
48.18733984375
32.319734375
6.65630419921875
64.04035546875
68.3260390625
24.290646484375
3.541823486328125
79.755890625
17.0152265625
68.4998125
52.45026171875
7.61974365234375
37.2737890625
12.0370029296875
299.27053125
58.29624609375
135.80359375
98.3082578125
26.298947265625
7.1499052734375
64.46946875
63.88266796875
141.538875
47.43639453125
46.66415625
128.1256875
49.23092578125
106.1035234375
34.6295390625
40.1249765625
36.83719921875
53.1803671875
52.7002890625
33.01587109375
17.84466796875
55.8436328125
1.6325250244140626
26.857751953125
41.49528515625
49.73621875
44.9665625
19.18183203125
22.273408203125
29.44412890625
16.5650625
31.7456171875
53.564453125
102.79684375
136.364625
147.49375
107.5833125
19.606474609375
47.41917578125
18.93934375
30.342076171875
118.5813125
42.57447265625
59.40692578125
14.156720703125
82.228421875
56.443796875
36.97125390625
90.3425703125
187.53553125
64.81769921875
22.47060546875
33.35153515625
47.111828125
60.17447265625
54.0976953125
90.3650546875
60.8811875
82.977609375
64.59583203125
112.87059375
25.466564453125
35.70355859375
86.5983203125
55.08285546875
184.211359375
174.442859375
68.145734375
71.9053984375
79.043875
55.3823125
23.228654296875
33.96919140625
37.8662578125
252.069375
176.137984375
57.47621484375
7.31732763671875
108.7120390625
29.40052734375
15.7411005859375
58.8643125
23.7643671875
30.45210546875
143.909546875
16.988626953125
300.7330625
81.0448125
169.667375
32.043875
68.443828125
17.5071875
34.168828125
16.665517578125
12.4597939453125
118.9329296875
73.3771171875
127.6155234375
72.3718046875
112.633734375
0.0
22.466939453125
113.3674609375
44.035796875
129.3883984375
12.2417529296875
13.1108193359375
24.32039453125
127.9882421875
68.4318515625
4.74404931640625
12.4259375
235.851296875
14.362380859375
99.5247109375
46.20721484375
30.468494140625
18.745810546875
17.74585546875
43.66548046875
155.625921875
142.94221875
40.253109375
32.9422109375
81.2989765625
13.72371875
12.209037109375
80.8352109375
18.935322265625
41.0715546875
10.0277392578125
154.41284375
94.0021484375
18.593474609375
17.750234375
39.0061875
248.131328125
196.192296875
69.7386953125
63.38657421875
304.12309375
68.4342890625
18.23844140625
4.261490234375
13.098705078125
95.49178125
49.13275
52.41169140625
46.5245
21.060953125
47.87274609375
21.662544921875
41.509765625
46.18431640625
20.00610546875
146.159609375
3.525599853515625
64.84611328125
84.38678125
25.760021484375
50.79096875
350.10453125
62.43848046875
5.625431640625
13.25905078125
98.567921875
55.5423828125
17.2008046875
9.978501953125
37.6073515625
37.52688671875
14.3078291015625
27.2717109375
326.6823125
6.1621279296875
297.53315625
183.05915625
46.7681796875
66.058109375
79.994703125
102.7246015625
14.8368388671875
21.4965390625
2.451369384765625
17.20566796875
73.0528828125
179.421875
80.7326640625
84.1747109375
13.880982421875
53.29783984375
28.393412109375
14.014140625
30.928140625
70.593171875
74.182171875
31.14397265625
128.0124609375
25.454193359375
206.501234375
99.129515625
13.432091796875
16.92454296875
82.2339921875
73.3841796875
124.6705390625
87.781078125
1.249394287109375
130.44565625
104.087421875
114.64178125
144.681328125
122.57640625
133.687015625
85.6408359375
49.5415703125
54.3411328125
60.0556640625
30.837380859375
48.23501171875
191.469671875
217.217578125
198.86003125
234.85415625
101.4518515625
257.67253125
134.1418125
97.0583046875
62.88833984375
83.34353125
9.875275390625
70.624265625
39.37623828125
18.63346875
31.6927578125
16.459099609375
85.275046875
102.55303125
37.5261484375
36.64976171875
22.264375
131.373109375
75.1110546875
15.454642578125
23.44321875
78.786640625
54.80599609375
139.5083125
18.524177734375
338.1889375
183.795609375
16.52922265625
30.7182734375
81.0128515625
84.8673203125
107.6478203125
125.040421875
26.50095703125
81.45625
19.74041015625
7.2955859375
108.4608984375
19.386603515625
46.2345
238.387484375
6.55051123046875
147.1045
27.563671875
87.721015625
6.94046728515625
12.931955078125
108.3810078125
31.868140625
6.6712265625
56.77563671875
32.481703125
4.53525732421875
9.2383154296875
9.3014404296875
184.273671875
35.53261328125
7.68507421875
3.827890869140625
63.88447265625
65.6595078125
20.879798828125
7.1016162109375
16.843650390625
41.9956875
18.18255078125
41.30458984375
24.8959921875
3.5727685546875
16.1910517578125
65.23578125
73.0098984375
155.7095625
22.4240546875
40.20219140625
170.27596875
69.169390625
170.463546875
34.04251171875
76.310625
6.76167529296875
33.054515625
158.5556875
102.2275625
83.0050625
26.836732421875
54.72423046875
13.7567080078125
59.49846875
39.34679296875
26.601265625
24.663921875
7.25467822265625
210.164921875
4.0371552734375
70.0474921875
34.212140625
24.924166015625
36.0153125
82.3221875
20.193474609375
67.286953125
6.9852841796875
61.0708515625
122.7748125
93.289484375
95.7730234375
4.78103369140625
26.6348046875
80.7888984375
1.3148466796875
8.7746845703125
62.13162109375
40.11539453125
13.527841796875
12.980857421875
9.2085068359375
91.4985078125
48.65643359375
315.5391875
29.10083203125
110.5649375
12.043009765625
157.76784375
23.52576171875
46.47723046875
31.921294921875
39.49019921875
139.987734375
80.1299375
58.32312890625
8.806556640625
45.40776171875
10.120658203125
25.144123046875
209.23175
26.564205078125
28.91904296875
102.6887265625
28.165044921875
86.5019453125
51.24594921875
63.51278125
113.4513203125
40.6740625
58.4282109375
36.02521875
44.11402734375
242.787859375
15.7917451171875
40.2746484375
1.9190048828125
277.73971875
115.0376953125
32.333890625
133.999453125
129.5108125
54.57473828125
26.105728515625
25.47248828125
40.477375
36.5656875
29.12328515625
185.23303125
157.387875
59.136984375
43.52414453125
68.4969765625
147.2111875
38.68324609375
76.279359375
15.6699375
109.147
27.44858984375
14.821298828125
107.5400859375
31.159052734375
60.11855078125
1.64790087890625
7.86796142578125
10.258662109375
114.376953125
12.446412109375
35.0142578125
38.0038046875
25.69078515625
50.10625
19.54396875
33.82027734375
18.454822265625
27.60833203125
6.71868798828125
41.65145703125
124.25525
72.4516796875
10.40803515625
65.1505625
97.7313828125
74.706671875
54.9236640625
123.828640625
54.50023046875
25.033166015625
110.40428125
9.2859287109375
46.786421875
51.23763671875
48.41589453125
212.47453125
13.5509775390625
168.191578125
149.029265625
13.2774150390625
84.7210390625
8.7919990234375
14.5113173828125
26.045173828125
97.1245
40.10414453125
14.0602392578125
10.38331640625
81.6586953125
50.3965546875
12.21660546875
117.0777734375
56.90866796875
68.927421875
4.736669921875
28.8440859375
98.342453125
37.58705078125
43.7390625
167.307078125
67.3660390625
82.7661640625
73.5801171875
140.396875
87.226109375
153.380390625
25.725037109375
14.060859375
32.047412109375
112.0343984375
7.5098251953125
50.4173359375
48.52844921875
131.66521875
150.217984375
51.725875
69.8738828125
37.220578125
275.38265625
31.106916015625
8.7622373046875
8.513982421875
152.711859375
25.51225
34.34071875
176.984421875
31.52875
69.9060546875
6.0884052734375
3.988498779296875
36.2289140625
28.16912109375
66.3412734375
16.0354091796875
113.0645390625
44.5421796875
85.970625
199.234703125
88.613
20.436916015625
73.012171875
52.46762890625
223.582578125
32.5626171875
26.087396484375
18.19266796875
69.9642578125
147.223984375
103.322109375
41.96149609375
33.55161328125
50.69587109375
89.5097265625
63.799546875
43.80563671875
60.365640625
155.052171875
91.24075
10.04955859375
102.9716953125
48.803796875
50.49292578125
18.3564296875
107.684875
18.14924609375
67.839890625
41.7151015625
19.072044921875
25.281625
48.392609375
33.6857265625
160.9739375
138.156109375
20.131978515625
7.47092431640625
2.073064697265625
207.46784375
85.093875
28.330986328125
95.6763671875
99.279640625
10.088154296875
34.9562578125
14.7442734375
21.71351171875
87.1755390625
26.67665234375
3.027130859375
17.58893359375
5.86179931640625
64.39089453125
10.4918203125
238.118921875
27.5650625
64.90174609375
12.139744140625
36.22174609375
52.5565859375
106.792671875
76.5651015625
186.14096875
98.3712421875
65.16487890625
21.4801015625
170.044828125
35.32834375
77.1953125
19.93875390625
16.4996953125
34.4686875
56.87062890625
127.4493046875
32.330767578125
28.07801171875
12.20179296875
214.015953125
44.03800390625
113.5577109375
132.479875
12.5386552734375
24.5561640625
34.043859375
12.0969384765625
273.0196875
90.1743125
109.6647421875
62.19269140625
70.878484375
72.478796875
161.13084375
106.718265625
19.8364375
45.42833984375
27.012310546875
198.70228125
102.5039140625
25.036693359375
136.96746875
242.390640625
17.64628515625
48.84367578125
99.062640625
37.6588671875
270.55765625
48.96829296875
116.1268984375
73.9640625
7.647451171875
78.8405625
52.08184765625
21.248380859375
201.914734375
70.7291171875
28.70338671875
14.9892890625
82.9536484375
88.6103203125
3.11577978515625
51.56468359375
50.20281640625
17.927177734375
99.9824140625
43.07040234375
13.766400390625
72.0488984375
86.7708828125
11.7489169921875
39.8450390625
68.0019609375
127.7858671875
14.7428427734375
43.00125390625
0.7375026245117188
108.970328125
34.67306640625
92.2167890625
16.955244140625
60.5294609375
61.688703125
90.482765625
60.24366015625
40.583578125
94.453875
54.18169140625
173.186796875
83.7781484375
187.13959375
10.8432158203125
36.07834765625
48.64586328125
181.23240625
22.32535546875
38.64721875
8.13364697265625
143.201859375
64.75956640625
208.0779375
124.151578125
27.865388671875
79.38384375
279.74940625
42.588578125
46.4256484375
78.553359375
23.43998828125
26.821859375
82.4346953125
